1 0.014323 0.748162 0.028646 0.064338
1 0.18099 0.427849 0.017188 0.057904
1 0.153385 0.169577 0.035938 0.02114
1 0.354948 0.309283 0.011979 0.032169
1 0.404167 0.506434 0.029167 0.025735
1 0.62526 0.683364 0.025521 0.048713
0 0.586458 0.914522 0.016667 0.042279
1 0.790625 0.659926 0.023958 0.066176
1 0.786198 0.411765 0.031771 0.042279
1 0.79974 0.70864 0.023438 0.038603
1 0.933854 0.683824 0.0125 0.045956
1 0.922135 0.461857 0.024479 0.048713
1 0.968229 0.356618 0.025 0.053309
1 0.065104 0.172335 0.0125 0.017463
1 0.084635 0.134191 0.016146 0.029412
1 0.123177 0.550092 0.019271 0.035846
1 0.139062 0.60386 0.017708 0.020221
1 0.116146 0.46875 0.015625 0.020221
1 0.228385 0.326287 0.008854 0.022059
1 0.33151 0.091912 0.007812 0.016544
1 0.258594 0.419118 0.011979 0.023897
1 0.277344 0.423254 0.014062 0.035846
1 0.282031 0.475184 0.009896 0.020221
1 0.289062 0.380974 0.010417 0.015625
1 0.309896 0.327206 0.009375 0.012868
1 0.330729 0.34329 0.01875 0.026654
1 0.365104 0.454504 0.009375 0.017463
1 0.359635 0.472886 0.013021 0.022978
1 0.414583 0.609835 0.011458 0.02114
1 0.416667 0.348346 0.011458 0.016544
1 0.488802 0.325827 0.025521 0.019301
1 0.490104 0.284467 0.009375 0.017463
1 0.521615 0.251379 0.011979 0.02114
1 0.55625 0.324449 0.007292 0.044118
1 0.742188 0.602941 0.010417 0.014706
1 0.791406 0.607996 0.006771 0.024816
1 0.96849 0.625 0.007812 0.042279
1 0.848177 0.654412 0.016146 0.025735
1 0.85026 0.972886 0.014062 0.043199
1 0.6625 0.911765 0.013542 0.025735
1 0.672917 0.77114 0.010417 0.014706
1 0.642448 0.801011 0.014062 0.026654
1 0.613542 0.835478 0.016667 0.025735
1 0.607031 0.913603 0.008854 0.014706
1 0.572396 0.957721 0.005208 0.033088
1 0.583073 0.865349 0.008854 0.019301
1 0.56875 0.84375 0.014583 0.023897
1 0.575781 0.808824 0.016146 0.034926
1 0.576302 0.764246 0.007812 0.017463
1 0.572396 0.670496 0.009375 0.019301
1 0.560417 0.768842 0.008333 0.017463
1 0.522135 0.703585 0.015104 0.026654
1 0.538802 0.762408 0.008854 0.02114
1 0.538802 0.828585 0.011979 0.019301
1 0.515104 0.95818 0.010417 0.015625
1 0.495312 0.64614 0.023958 0.023897
1 0.436719 0.669118 0.007812 0.018382
1 0.370052 0.673254 0.008854 0.022978
1 0.441927 0.897059 0.009896 0.027574
1 0.4375 0.923713 0.008333 0.020221
1 0.453125 0.971967 0.007292 0.032169
1 0.331771 0.842831 0.010417 0.012868
1 0.316927 0.928768 0.011979 0.02114
1 0.245052 0.928309 0.027604 0.034926
1 0.249219 0.987132 0.010938 0.025735
1 0.157552 0.967831 0.016146 0.022059
1 0.145052 0.985754 0.014062 0.028493
1 0.133073 0.976562 0.007812 0.019301
1 0.083333 0.970588 0.014583 0.018382
1 0.009375 0.877298 0.016667 0.032169
1 0.048958 0.87546 0.013542 0.015625
1 0.051302 0.86443 0.007812 0.022978
1 0.073958 0.852941 0.017708 0.020221
1 0.090625 0.863511 0.016667 0.028493
1 0.106771 0.857537 0.009375 0.022059
1 0.145833 0.86489 0.015625 0.027574
1 0.151562 0.817096 0.00625 0.020221
1 0.14401 0.808364 0.010938 0.026654
1 0.110156 0.731158 0.015104 0.024816
1 0.093229 0.706342 0.013542 0.013787
0 0.474219 0.492188 0.121354 0.184743
0 0.450521 0.039062 0.065625 0.078125
