1 0.902344 0.922335 0.023438 0.028493
1 0.772917 0.850184 0.020833 0.020221
0 0.138281 0.860754 0.026562 0.045037
1 0.376302 0.71921 0.032812 0.04136
1 0.496094 0.713695 0.033854 0.035846
0 0.856771 0.60386 0.035417 0.073529
0 0.148438 0.492647 0.011458 0.027574
1 0.11901 0.537224 0.086979 0.175551
1 0.555729 0.430607 0.013542 0.022978
0 0.469531 0.386949 0.041146 0.102941
0 0.835417 0.311581 0.036458 0.056985
1 0.958854 0.251838 0.0125 0.012868
1 0.791667 0.227022 0.011458 0.016544
1 0.671354 0.189338 0.0125 0.027574
0 0.105208 0.196691 0.039583 0.082721
1 0.930729 0.161305 0.0125 0.013787
0 0.464583 0.088235 0.051042 0.051471
