1 0.128385 0.318474 0.064062 0.102022
1 0.198958 0.084099 0.028125 0.07261
0 0.384375 0.150276 0.030208 0.057904
1 0.404427 0.369026 0.046354 0.120404
1 0.532812 0.014706 0.030208 0.029412
1 0.622656 0.054228 0.029688 0.047794
1 0.663021 0.063879 0.036458 0.127757
0 0.699219 0.107077 0.031771 0.068934
1 0.845573 0.162684 0.021354 0.086397
1 0.917188 0.183364 0.027083 0.068934
1 0.732031 0.264246 0.055729 0.078125
1 0.616146 0.324908 0.055208 0.125919
1 0.555208 0.294577 0.05625 0.065257
0 0.489323 0.476103 0.043229 0.077206
1 0.426562 0.667739 0.032292 0.078125
0 0.346094 0.622243 0.029688 0.051471
0 0.864062 0.48943 0.032292 0.048713
1 0.033594 0.022978 0.035938 0.045956
1 0.093229 0.047335 0.041667 0.087316
1 0.140365 0.061581 0.061979 0.091912
1 0.156771 0.043199 0.047917 0.079044
1 0.086719 0.179228 0.008854 0.016544
1 0.02526 0.767463 0.050521 0.064338
1 0.124219 0.544577 0.044271 0.05239
1 0.158333 0.500919 0.067708 0.108456
1 0.198958 0.79136 0.020833 0.023897
1 0.261198 0.847426 0.017188 0.027574
1 0.354167 0.380974 0.054167 0.068934
1 0.3125 0.369485 0.051042 0.066176
1 0.297917 0.321232 0.027083 0.070772
1 0.315104 0.129136 0.041667 0.046875
1 0.332031 0.155331 0.020312 0.016544
1 0.336979 0.172335 0.019792 0.026654
1 0.500521 0.241728 0.036458 0.066176
0 0.423177 0.915901 0.011979 0.02114
1 0.528125 0.671415 0.038542 0.08364
1 0.544792 0.678309 0.009375 0.040441
1 0.569792 0.696691 0.030208 0.128676
1 0.608333 0.765165 0.048958 0.078125
1 0.684115 0.888327 0.015104 0.028493
1 0.726823 0.790441 0.071354 0.071691
1 0.83125 0.954044 0.046875 0.075368
1 0.979948 0.921875 0.038021 0.045956
1 0.954167 0.652114 0.032292 0.063419
1 0.78125 0.579044 0.070833 0.097426
1 0.755469 0.357077 0.008854 0.026654
1 0.876562 0.38511 0.020833 0.056985
1 0.876562 0.325368 0.034375 0.064338
1 0.792448 0.167279 0.051562 0.079044
1 0.735417 0.129136 0.045833 0.111213
1 0.776823 0.121783 0.036979 0.057904
1 0.901302 0.016544 0.005729 0.029412
1 0.9875 0.176471 0.01875 0.069853
1 0.966406 0.195772 0.010938 0.020221
1 0.077865 0.255515 0.072396 0.121324
1 0.036458 0.463235 0.06875 0.181985
