1 0.04401 0.695312 0.010938 0.019301
1 0.11276 0.627757 0.044271 0.090074
1 0.185417 0.595129 0.023958 0.050551
1 0.206771 0.596507 0.014583 0.056985
1 0.148958 0.57261 0.0125 0.016544
1 0.353125 0.557445 0.080208 0.090993
1 0.266406 0.556985 0.066146 0.09375
1 0.31276 0.533088 0.054688 0.079044
1 0.563542 0.516085 0.026042 0.079963
1 0.5375 0.517463 0.035417 0.084559
1 0.463281 0.516544 0.051562 0.09375
1 0.591927 0.505974 0.040104 0.078125
1 0.499479 0.487592 0.032292 0.092831
1 0.664062 0.483915 0.051042 0.089154
1 0.473698 0.457261 0.025521 0.04136
1 0.844271 0.452665 0.044792 0.08364
1 0.689844 0.452665 0.043229 0.092831
1 0.780469 0.436121 0.030729 0.061581
1 0.730208 0.438419 0.051042 0.077206
1 0.904688 0.432904 0.041667 0.066176
1 0.753906 0.453125 0.033854 0.106618
1 0.832812 0.399357 0.036458 0.085478
1 0.957812 0.400735 0.042708 0.095588
1 0.992708 0.361213 0.014583 0.034926
