1 0.53724 0.993107 0.018229 0.013787
1 0.717188 0.982077 0.0125 0.017463
0 0.735938 0.973346 0.017708 0.053309
1 0.3875 0.955423 0.007292 0.028493
1 0.80651 0.922335 0.010938 0.015625
1 0.889844 0.904871 0.015104 0.024816
0 0.191667 0.909926 0.028125 0.049632
1 0.457031 0.886029 0.014062 0.022059
1 0.42526 0.874081 0.085938 0.121324
1 0.913542 0.860754 0.040625 0.120404
0 0.53125 0.805147 0.01875 0.014706
1 0.739323 0.792739 0.009896 0.015625
1 0.760677 0.786305 0.007812 0.015625
1 0.530729 0.756434 0.008333 0.018382
0 0.6 0.733456 0.027083 0.034926
1 0.239323 0.726562 0.022396 0.098346
1 0.0375 0.707261 0.033333 0.068934
0 0.0875 0.658088 0.023958 0.038603
1 0.238802 0.643382 0.008854 0.014706
1 0.053646 0.602941 0.015625 0.022059
1 0.154948 0.578125 0.013021 0.03125
1 0.74401 0.547335 0.008854 0.02114
1 0.839583 0.543199 0.009375 0.020221
1 0.489062 0.512868 0.011458 0.020221
1 0.02474 0.501838 0.009896 0.012868
1 0.414323 0.467371 0.011979 0.011949
1 0.551302 0.45818 0.013021 0.011949
1 0.04349 0.457721 0.007812 0.016544
0 0.491146 0.472426 0.030208 0.051471
1 0.080208 0.397518 0.048958 0.079963
0 0.954427 0.367188 0.034896 0.039522
0 0.995312 0.319853 0.009375 0.022059
1 0.611979 0.308364 0.008333 0.015625
1 0.466406 0.298254 0.014062 0.028493
1 0.615365 0.285846 0.015104 0.016544
1 0.325521 0.28079 0.047917 0.05239
1 0.18151 0.254596 0.009896 0.018382
1 0.989844 0.274816 0.020312 0.0625
0 0.372917 0.226103 0.023958 0.055147
1 0.809115 0.109375 0.010938 0.022059
1 0.80599 0.080882 0.024479 0.025735
0 0.278906 0.032169 0.027604 0.047794
