1 0.94974 0.539522 0.043229 0.036765
1 0.472656 0.481158 0.013021 0.017463
1 0.705469 0.465074 0.010938 0.012868
1 0.913802 0.48989 0.042188 0.084559
1 0.942969 0.483456 0.020312 0.073529
1 0.577865 0.461397 0.025521 0.034926
1 0.840885 0.440717 0.008854 0.015625
1 0.699219 0.434283 0.015104 0.024816
1 0.544531 0.43704 0.039062 0.04136
1 0.596094 0.426011 0.008854 0.02114
1 0.711979 0.428768 0.009375 0.034007
1 0.923958 0.432904 0.03125 0.045956
1 0.511458 0.410386 0.010417 0.030331
1 0.26849 0.409467 0.019271 0.034007
1 0.502865 0.400276 0.017188 0.030331
1 0.433073 0.402574 0.026562 0.053309
1 0.125 0.392923 0.028125 0.039522
1 0.690885 0.378217 0.014062 0.011949
1 0.9125 0.407169 0.033333 0.071691
1 0.470312 0.328125 0.0125 0.020221
1 0.89974 0.317555 0.025521 0.04136
1 0.339062 0.29182 0.008333 0.017463
1 0.351302 0.286305 0.007812 0.019301
1 0.273698 0.300092 0.030729 0.05239
1 0.35599 0.263787 0.013021 0.020221
1 0.253385 0.265165 0.038021 0.067096
