1 0.245573 0.664522 0.043229 0.091912
1 0.330469 0.022978 0.016146 0.045956
1 0.380729 0.776195 0.053125 0.102022
0 0.478646 0.403033 0.0375 0.068934
1 0.520312 0.308824 0.019792 0.042279
1 0.677344 0.022978 0.030729 0.045956
1 0.72474 0.042739 0.014062 0.032169
1 0.809375 0.080882 0.020833 0.033088
1 0.93151 0.149816 0.011979 0.038603
1 0.985938 0.088235 0.019792 0.084559
1 0.985156 0.442096 0.009896 0.033088
1 0.938542 0.386949 0.008333 0.034926
1 0.865104 0.435662 0.067708 0.15625
1 0.833073 0.326746 0.006771 0.019301
1 0.82474 0.332261 0.008854 0.02114
1 0.69401 0.243566 0.013021 0.049632
1 0.620833 0.431526 0.023958 0.067096
1 0.608333 0.547794 0.042708 0.091912
1 0.661198 0.461397 0.027604 0.051471
0 0.898438 0.846048 0.019792 0.037684
1 0.954427 0.871324 0.086979 0.141544
1 0.336979 0.232996 0.070833 0.182904
1 0.091927 0.901195 0.072396 0.147978
1 0.394792 0.306526 0.064583 0.122243
1 0.505208 0.125 0.05 0.097426
1 0.150781 0.602941 0.043229 0.101103
1 0.778125 0.438419 0.048958 0.071691
1 0.404688 0.596048 0.036458 0.074449
1 0.83125 0.543199 0.036458 0.068015
1 0.739062 0.449449 0.027083 0.069853
1 0.253125 0.252298 0.03125 0.054228
1 0.446875 0.139706 0.021875 0.095588
1 0.5 0.193934 0.039583 0.055147
0 0.528125 0.686121 0.042708 0.07261
1 0.077604 0.128217 0.036458 0.098346
1 0.65026 0.94761 0.046354 0.058824
1 0.773698 0.758732 0.032812 0.057904
1 0.548958 0.625919 0.033333 0.044118
1 0.485938 0.658088 0.035417 0.104779
1 0.633854 0.706801 0.010417 0.034926
0 0.948698 0.629596 0.049479 0.080882
0 0.121354 0.185202 0.028125 0.04136
1 0.142708 0.154412 0.059375 0.145221
1 0.148958 0.355239 0.0125 0.017463
1 0.028385 0.854779 0.056771 0.161765
0 0.129427 0.990349 0.016146 0.019301
0 0.563281 0.922335 0.009896 0.028493
