0 0.169271 0.977482 0.028125 0.035846
1 0.657812 0.921875 0.010417 0.012868
1 0.898958 0.871783 0.0125 0.015625
1 0.779167 0.871783 0.01875 0.061581
1 0.458854 0.752757 0.0125 0.023897
1 0.764844 0.796415 0.019271 0.127757
0 0.586458 0.741728 0.028125 0.03125
0 0.07526 0.712776 0.030729 0.030331
1 0.389323 0.626838 0.008854 0.014706
1 0.81901 0.621783 0.011979 0.011949
1 0.63151 0.579963 0.007812 0.025735
1 0.614062 0.582721 0.005208 0.03125
1 0.15026 0.561121 0.014062 0.02114
1 0.723438 0.556985 0.009375 0.016544
1 0.154427 0.540901 0.009896 0.013787
1 0.797656 0.536765 0.011979 0.011029
1 0.06849 0.513787 0.007812 0.016544
0 0.480729 0.509651 0.029167 0.045037
0 0.99375 0.486673 0.0125 0.037684
1 0.733594 0.459559 0.008854 0.016544
1 0.016667 0.454044 0.014583 0.014706
1 0.051302 0.436581 0.015104 0.027574
1 0.003125 0.438879 0.00625 0.045037
1 0.011198 0.392923 0.020312 0.02114
1 0.122917 0.371783 0.061458 0.094669
0 0.373958 0.31204 0.020833 0.037684
0 0.86276 0.225643 0.024479 0.063419
0 0.067969 0.198529 0.016146 0.029412
0 0.257292 0.077665 0.025 0.048713
1 0.578646 0.07261 0.021875 0.110294
