1 0.618229 0.939338 0.033333 0.071691
1 0.56901 0.925092 0.047396 0.046875
1 0.817708 0.91682 0.090625 0.096507
0 0.358854 0.855699 0.009375 0.023897
0 0.945052 0.86443 0.098438 0.133272
0 0.507812 0.848346 0.105208 0.143382
1 0.899219 0.790901 0.043229 0.046875
1 0.447396 0.849265 0.054167 0.200368
1 0.277865 0.76011 0.050521 0.053309
0 0.603646 0.795037 0.0875 0.137868
1 0.371354 0.752298 0.029167 0.07261
0 0.314062 0.713235 0.0125 0.012868
1 0.447396 0.721967 0.047917 0.070772
0 0.609635 0.68704 0.095312 0.133272
0 0.756771 0.69807 0.06875 0.170037
0 0.850781 0.675551 0.077604 0.139706
0 0.451302 0.645221 0.060938 0.108456
0 0.541667 0.627757 0.078125 0.123162
0 0.276302 0.579044 0.022396 0.033088
0 0.39375 0.637408 0.067708 0.159007
1 0.065365 0.662684 0.130729 0.253676
1 0.160677 0.54136 0.020312 0.036765
1 0.1375 0.542739 0.01875 0.048713
0 0.453125 0.543199 0.044792 0.051471
1 0.021615 0.516544 0.043229 0.051471
1 0.138802 0.447151 0.014062 0.037684
1 0.104688 0.491728 0.107292 0.161765
0 0.423698 0.363511 0.040104 0.056066
1 0.728646 0.612592 0.345833 0.556066
0 0.652865 0.386489 0.070312 0.120404
1 0.784115 0.34375 0.041146 0.053309
0 0.602344 0.360754 0.079688 0.127757
0 0.102083 0.320772 0.039583 0.064338
1 0.201302 0.350643 0.183854 0.278493
1 0.200521 0.176011 0.030208 0.046875
0 0.147135 0.210018 0.082812 0.122243
0 0.774479 0.235754 0.111458 0.175551
0 0.338021 0.185202 0.055208 0.089154
1 0.166146 0.150735 0.021875 0.027574
0 0.259896 0.165441 0.05 0.090074
1 0.890625 0.304688 0.186458 0.392463
0 0.359635 0.124081 0.035938 0.09375
0 0.904167 0.105239 0.067708 0.120404
0 0.859115 0.039982 0.024479 0.034007
0 0.144531 0.064338 0.042188 0.095588
0 0.310938 0.079963 0.078125 0.130515
1 0.924479 0.030331 0.075 0.060662
1 0.376042 0.017463 0.027083 0.034926
1 0.341406 0.01057 0.017188 0.02114
0 0.171354 0.028952 0.060417 0.057904
1 0.06224 0.108915 0.124479 0.217831
1 0.150781 0.83364 0.134896 0.332721
1 0.440365 0.87546 0.170312 0.249081
1 0.094531 0.888787 0.151562 0.222426
1 0.910938 0.895221 0.178125 0.209559
1 0.226042 0.961857 0.0375 0.076287
1 0.19375 0.974724 0.009375 0.050551
0 0.921615 0.409007 0.156771 0.341912
