1 0.805469 0.960478 0.021354 0.038603
1 0.603125 0.960018 0.029167 0.057904
1 0.197917 0.939338 0.0125 0.022059
1 0.832292 0.873621 0.027083 0.048713
1 0.781771 0.849265 0.010417 0.016544
1 0.795312 0.852941 0.0375 0.0625
1 0.723177 0.807445 0.014062 0.022978
1 0.197917 0.816636 0.025 0.043199
1 0.564844 0.810202 0.014062 0.037684
1 0.594271 0.845588 0.091667 0.141544
1 0.752604 0.806066 0.041667 0.106618
1 0.102083 0.783088 0.041667 0.095588
1 0.409896 0.726562 0.05 0.07261
1 0.100521 0.689338 0.021875 0.027574
1 0.351302 0.730239 0.066146 0.116728
1 0.748958 0.630974 0.021875 0.032169
0 0.577604 0.602941 0.084375 0.091912
0 0.877604 0.550551 0.030208 0.033088
1 0.786719 0.574908 0.058854 0.131434
