1 0.040104 0.023897 0.0125 0.016544
1 0.035417 0.106618 0.011458 0.022059
1 0.03099 0.202665 0.007812 0.02114
1 0.001823 0.538603 0.003646 0.042279
1 0.054688 0.52068 0.015625 0.019301
1 0.14349 0.560202 0.050521 0.022978
1 0.306771 0.675092 0.026042 0.017463
1 0.361979 0.481158 0.009375 0.050551
1 0.334635 0.399357 0.021354 0.067096
1 0.126562 0.338695 0.03125 0.034007
1 0.122135 0.14614 0.027604 0.023897
1 0.088542 0.15671 0.028125 0.034007
1 0.074479 0.11443 0.009375 0.024816
1 0.160156 0.148438 0.013021 0.013787
1 0.136198 0.09375 0.015104 0.040441
1 0.177865 0.070772 0.015104 0.009191
1 0.12526 0.01057 0.010938 0.02114
1 0.085677 0.059743 0.028646 0.014706
1 0.096354 0.067555 0.0375 0.032169
1 0.098958 0.077206 0.013542 0.018382
1 0.264062 0.045496 0.017708 0.090993
1 0.31901 0.012408 0.015104 0.02114
1 0.311198 0.193015 0.023438 0.044118
1 0.388281 0.141085 0.040104 0.017463
1 0.421615 0.288143 0.019271 0.015625
1 0.473698 0.652114 0.025521 0.013787
1 0.496875 0.584559 0.013542 0.044118
1 0.473177 0.152114 0.020312 0.015625
1 0.483594 0.136029 0.043229 0.016544
1 0.584635 0.068015 0.024479 0.016544
1 0.532552 0.301471 0.029688 0.033088
1 0.595833 0.23989 0.01875 0.018382
1 0.677604 0.174632 0.055208 0.064338
1 0.636719 0.315257 0.038021 0.007353
1 0.626823 0.495404 0.025521 0.016544
1 0.657812 0.465993 0.029167 0.020221
1 0.615625 0.602941 0.00625 0.049632
1 0.618229 0.662224 0.017708 0.056066
1 0.639323 0.625919 0.018229 0.049632
1 0.741146 0.58364 0.020833 0.012868
1 0.807292 0.662684 0.01875 0.025735
1 0.733073 0.448989 0.027604 0.017463
1 0.713802 0.389246 0.017188 0.043199
1 0.728646 0.290901 0.009375 0.059743
1 0.790104 0.370864 0.014583 0.034007
1 0.813281 0.459559 0.015104 0.033088
1 0.826823 0.492188 0.010938 0.011949
1 0.851823 0.331801 0.018229 0.027574
1 0.909115 0.358456 0.021354 0.03125
1 0.91276 0.428768 0.014062 0.087316
1 0.918229 0.505974 0.023958 0.006434
1 0.953906 0.641544 0.015104 0.025735
1 0.927604 0.954963 0.017708 0.011029
1 0.909896 0.751379 0.025 0.04136
1 0.902344 0.71921 0.008854 0.015625
1 0.872135 0.804228 0.019271 0.023897
1 0.864323 0.868107 0.028646 0.063419
1 0.79349 0.798713 0.017188 0.007353
1 0.73776 0.73943 0.017188 0.022978
1 0.760417 0.824908 0.015625 0.017463
1 0.71875 0.78125 0.008333 0.023897
1 0.705469 0.777114 0.007812 0.026654
1 0.373698 0.925551 0.007812 0.058824
0 0.800521 0.602022 0.097917 0.213235
0 0.971875 0.772518 0.053125 0.313419
0 0.210938 0.211397 0.160417 0.080882
0 0.475 0.467371 0.041667 0.342831
