1 0.048177 0.372702 0.018229 0.013787
1 0.067448 0.342371 0.036979 0.045037
1 0.256771 0.119945 0.011458 0.015625
1 0.161198 0.368107 0.018229 0.032169
1 0.150521 0.411765 0.011458 0.029412
1 0.169792 0.432904 0.020833 0.029412
1 0.339844 0.45864 0.026562 0.027574
1 0.376302 0.268842 0.017188 0.015625
1 0.376823 0.213695 0.014062 0.015625
1 0.44349 0.287224 0.020312 0.045037
1 0.4625 0.318015 0.008333 0.025735
1 0.510938 0.357996 0.016667 0.024816
1 0.571615 0.355699 0.011979 0.025735
1 0.563021 0.48943 0.011458 0.02114
1 0.610417 0.847886 0.015625 0.04136
1 0.621615 0.744945 0.011979 0.02114
1 0.640625 0.800551 0.008333 0.023897
1 0.713802 0.914522 0.023438 0.055147
1 0.733594 0.877298 0.022396 0.02114
1 0.784115 0.88557 0.016146 0.024816
1 0.774219 0.855699 0.015104 0.020221
1 0.882292 0.850643 0.0125 0.015625
1 0.973438 0.869945 0.021875 0.028493
1 0.923177 0.924173 0.008854 0.015625
1 0.718229 0.486673 0.013542 0.017463
1 0.733073 0.533088 0.023438 0.034926
1 0.73776 0.567096 0.022396 0.03125
1 0.757031 0.601103 0.053646 0.097426
1 0.734896 0.618107 0.015625 0.022978
1 0.746615 0.647978 0.018229 0.033088
1 0.714323 0.607996 0.021354 0.024816
1 0.755729 0.683824 0.023958 0.044118
1 0.719271 0.702206 0.035417 0.058824
1 0.686458 0.691636 0.014583 0.028493
1 0.742448 0.736673 0.024479 0.024816
1 0.76224 0.759191 0.022396 0.038603
1 0.804427 0.678309 0.028646 0.042279
1 0.8125 0.607996 0.020833 0.034007
1 0.858333 0.631893 0.011458 0.019301
1 0.8875 0.604779 0.035417 0.056985
1 0.889844 0.557904 0.006771 0.020221
1 0.915365 0.574908 0.022396 0.043199
1 0.84375 0.684743 0.030208 0.055147
1 0.895833 0.651195 0.026042 0.030331
1 0.865365 0.710018 0.044271 0.096507
1 0.888802 0.733915 0.046354 0.087316
1 0.924479 0.77114 0.042708 0.064338
1 0.920573 0.717831 0.028646 0.051471
0 0.669271 0.599265 0.0875 0.172794
0 0.479167 0.390625 0.153125 0.150735
0 0.800521 0.721507 0.05625 0.106618
1 0.448438 0.331342 0.01875 0.037684
1 0.932552 0.835478 0.129688 0.066176
1 0.74401 0.907169 0.014062 0.020221
