1 0.082812 0.835018 0.007292 0.02114
1 0.059115 0.533088 0.019271 0.049632
1 0.285677 0.503217 0.031771 0.085478
1 0.18151 0.488511 0.040104 0.076287
1 0.220312 0.488971 0.046875 0.080882
1 0.328385 0.470129 0.038021 0.076287
1 0.600781 0.446691 0.035938 0.03125
1 0.358073 0.451287 0.023438 0.0625
1 0.702865 0.436581 0.022396 0.055147
1 0.599219 0.419577 0.019271 0.026654
1 0.751823 0.413603 0.046354 0.047794
1 0.667448 0.432445 0.044271 0.100184
1 0.719792 0.397059 0.022917 0.03125
1 0.73776 0.192096 0.023438 0.055147
1 0.71224 0.079963 0.045312 0.044118
1 0.733594 0.078125 0.049479 0.069853
1 0.745833 0.007812 0.025 0.015625
