1 0.350781 0.027574 0.033854 0.055147
1 0.447656 0.132353 0.033854 0.049632
1 0.135417 0.420037 0.059375 0.077206
1 0.042969 0.745864 0.041146 0.054228
1 0.209635 0.612592 0.008854 0.043199
1 0.201562 0.434743 0.016667 0.029412
1 0.273438 0.862592 0.047917 0.061581
1 0.371354 0.658088 0.025 0.029412
1 0.392188 0.65625 0.019792 0.03125
1 0.451302 0.477022 0.020312 0.016544
1 0.533594 0.76011 0.007812 0.022059
1 0.851562 0.652114 0.027083 0.035846
1 0.951042 0.758272 0.016667 0.016544
0 0.547135 0.495864 0.134896 0.131434
0 0.746094 0.046875 0.152604 0.09375
1 0.372396 0.049632 0.020833 0.020221
