0 0.522656 0.506434 0.029688 0.097426
0 0.004948 0.641085 0.009896 0.043199
1 0.016406 0.537684 0.014062 0.029412
1 0.026562 0.641544 0.010417 0.012868
1 0.038281 0.695312 0.009896 0.022978
1 0.067969 0.675551 0.011979 0.033088
1 0.098177 0.874081 0.006771 0.03125
1 0.136458 0.411765 0.007292 0.027574
1 0.14375 0.335938 0.007292 0.022978
1 0.476302 0.176471 0.013021 0.022059
1 0.522135 0.377757 0.007812 0.023897
1 0.515625 0.559743 0.007292 0.020221
1 0.438802 0.59421 0.015104 0.015625
1 0.444531 0.609375 0.011979 0.023897
1 0.472396 0.755974 0.01875 0.01011
1 0.49974 0.832261 0.010938 0.015625
1 0.610938 0.920956 0.013542 0.011029
1 0.742969 0.707261 0.019271 0.019301
1 0.898438 0.568934 0.017708 0.012868
1 0.979167 0.659926 0.013542 0.018382
1 0.984115 0.682445 0.006771 0.035846
1 0.861719 0.81204 0.015104 0.015625
1 0.785938 0.829044 0.016667 0.007353
1 0.929427 0.894761 0.019271 0.008272
1 0.98151 0.882812 0.007812 0.019301
1 0.929948 0.910846 0.008854 0.014706
1 0.93125 0.953125 0.014583 0.012868
1 0.767448 0.399816 0.023438 0.022059
1 0.842188 0.394761 0.028125 0.024816
1 0.734896 0.301471 0.0125 0.016544
1 0.763021 0.308364 0.015625 0.01011
1 0.779167 0.234835 0.0125 0.024816
1 0.821875 0.251379 0.008333 0.02114
1 0.888281 0.119026 0.018229 0.008272
1 0.976562 0.028952 0.007292 0.022978
