1 0.129948 0.227022 0.030729 0.053309
1 0.556771 0.576746 0.061458 0.096507
1 0.351302 0.621324 0.032812 0.036765
1 0.353646 0.649357 0.052083 0.030331
1 0.31875 0.59421 0.016667 0.034007
1 0.317448 0.679688 0.030729 0.076287
1 0.078906 0.707721 0.014062 0.014706
1 0.027344 0.868566 0.014062 0.012868
1 0.689323 0.71875 0.025521 0.036765
1 0.821615 0.813879 0.024479 0.092831
0 0.847917 0.951746 0.096875 0.096507
1 0.948958 0.97932 0.025 0.04136
0 0.485938 0.494945 0.082292 0.210478
0 0.230208 0.137408 0.11875 0.13511
0 0.658594 0.734835 0.114062 0.136949
1 0.66276 0.974724 0.020312 0.037684
