1 0.077865 0.966452 0.025521 0.028493
1 0.945312 0.845129 0.007292 0.017463
1 0.754167 0.841452 0.0125 0.028493
1 0.838802 0.854779 0.030729 0.066176
1 0.820833 0.777114 0.014583 0.028493
0 0.497917 0.524357 0.076042 0.089154
0 0.444531 0.495864 0.046354 0.067096
1 0.980469 0.290901 0.038021 0.030331
1 0.991406 0.224724 0.016146 0.078125
1 0.576042 0.247702 0.0625 0.133272
0 0.623438 0.204044 0.020833 0.051471
1 0.425781 0.209099 0.057812 0.090993
0 0.652604 0.183364 0.052083 0.096507
1 0.438281 0.111213 0.045312 0.119485
0 0.921094 0.007353 0.014062 0.014706
0 0.780469 0.017463 0.043229 0.034926
