0 0.638021 0.88557 0.009375 0.05239
0 0.392448 0.759651 0.052604 0.118566
0 0.439844 0.57307 0.041146 0.07261
1 0.014583 0.539982 0.029167 0.037684
1 0.11849 0.549632 0.039062 0.125
1 0.235677 0.54182 0.035938 0.111213
1 0.095573 0.508732 0.050521 0.076287
1 0.434635 0.512408 0.055729 0.08364
1 0.299219 0.509651 0.054688 0.085478
1 0.35651 0.500919 0.036979 0.073529
1 0.613281 0.508272 0.035938 0.097426
1 0.480469 0.49954 0.058854 0.092831
1 0.557552 0.473346 0.042188 0.071691
1 0.39401 0.481618 0.051562 0.095588
1 0.821615 0.456342 0.045312 0.056066
1 0.757812 0.443934 0.016667 0.042279
1 0.79349 0.443015 0.017188 0.044118
1 0.442448 0.438879 0.029688 0.050551
1 0.880469 0.434743 0.039062 0.042279
0 0.067188 0.421875 0.019792 0.036765
1 0.347917 0.454044 0.051042 0.110294
1 0.642448 0.445772 0.045312 0.099265
1 0.992188 0.407629 0.015625 0.039522
