1 0.796875 0.209559 0.03125 0.044118
1 0.249479 0.889246 0.036458 0.048713
1 0.047656 0.045037 0.095312 0.077206
1 0.029167 0.09329 0.052083 0.07261
1 0.027865 0.024816 0.024479 0.049632
1 0.352604 0.037684 0.007292 0.025735
1 0.066927 0.639246 0.020312 0.022978
1 0.279427 0.875919 0.027604 0.036765
1 0.48125 0.887868 0.013542 0.045956
1 0.748438 0.895221 0.017708 0.011029
1 0.723698 0.634191 0.021354 0.051471
1 0.353906 0.985754 0.127604 0.028493
1 0.529167 0.459099 0.247917 0.295037
1 0.336458 0.596048 0.069792 0.20864
1 0.156771 0.237132 0.152083 0.264706
1 0.804167 0.332261 0.113542 0.159007
