0 0.21849 0.966912 0.036979 0.066176
0 0.961719 0.907629 0.076562 0.184743
0 0.276562 0.792279 0.127083 0.220588
0 0.967448 0.772978 0.065104 0.200368
0 0.657292 0.590533 0.1 0.14614
0 0.307292 0.571691 0.125 0.174632
0 0.947917 0.494485 0.104167 0.345588
0 0.363021 0.393842 0.09375 0.144301
0 0.688021 0.359835 0.140625 0.219669
0 0.954688 0.248162 0.090625 0.224265
0 0.711719 0.119485 0.114062 0.167279
0 0.728646 0.033548 0.086458 0.067096
0 0.438802 0.028033 0.052604 0.056066
0 0.072135 0.040441 0.109896 0.080882
