0 0.957812 0.826287 0.08125 0.185662
0 0.872656 0.810662 0.088021 0.159926
0 0.748438 0.806526 0.107292 0.162684
0 0.51224 0.789062 0.060938 0.138787
0 0.096615 0.774816 0.096354 0.117647
0 0.610938 0.804688 0.091667 0.201287
0 0.241146 0.767004 0.135417 0.179228
0 0.344271 0.762868 0.132292 0.220588
0 0.928906 0.362592 0.019271 0.032169
0 0.970052 0.341912 0.059896 0.125
0 0.73776 0.264246 0.023438 0.019301
0 0.879688 0.29136 0.090625 0.158088
0 0.56901 0.213695 0.116146 0.157169
0 0.286719 0.145221 0.096354 0.180147
0 0.028125 0.066636 0.05625 0.133272
