1 0.581771 0.982077 0.00625 0.035846
1 0.623698 0.972426 0.017188 0.055147
1 0.601823 0.971507 0.019271 0.056985
0 0.011198 0.801471 0.022396 0.064338
1 0.492188 0.784467 0.034375 0.046875
1 0.882031 0.878217 0.164062 0.243566
0 0.988802 0.756434 0.022396 0.049632
0 0.829948 0.735754 0.145312 0.296875
0 0.6625 0.792279 0.144792 0.415441
0 0.306771 0.776654 0.227083 0.420956
1 0.907552 0.564338 0.147396 0.205882
1 0.433073 0.519761 0.096354 0.199449
1 0.890885 0.455882 0.067188 0.176471
1 0.291146 0.366728 0.071875 0.130515
1 0.67526 0.271599 0.034896 0.070772
1 0.326042 0.265165 0.072917 0.061581
1 0.357552 0.19761 0.017188 0.03125
1 0.698438 0.188419 0.022917 0.036765
1 0.929688 0.226103 0.0875 0.113971
1 0.975 0.181066 0.0125 0.025735
1 0.801823 0.195772 0.026562 0.068015
1 0.99349 0.164982 0.011979 0.011949
1 0.392448 0.133732 0.009896 0.017463
1 0.915625 0.098805 0.009375 0.026654
0 0.483594 0.153952 0.100521 0.195772
1 0.941146 0.061121 0.008333 0.026654
1 0.946094 0.034467 0.006771 0.024816
0 0.945312 0.118107 0.109375 0.236213
0 0.643229 0.142004 0.178125 0.284007
0 0.328646 0.129596 0.184375 0.259191
