0 0.342708 0.230239 0.15 0.149816
0 0.986198 0.39568 0.027604 0.074449
0 0.592708 0.64568 0.078125 0.232537
0 0.740625 0.829963 0.107292 0.137868
0 0.479167 0.376379 0.1875 0.079963
1 0.082292 0.591452 0.010417 0.013787
1 0.157292 0.626379 0.005208 0.028493
1 0.503906 0.184743 0.011979 0.033088
1 0.535938 0.623621 0.013542 0.02114
1 0.61875 0.645221 0.005208 0.03125
1 0.565625 0.862592 0.013542 0.034007
1 0.480469 0.940717 0.010938 0.037684
1 0.740625 0.969669 0.009375 0.029412
0 0.846615 0.988971 0.016146 0.022059
