1 0.783073 0.872702 0.016146 0.092831
1 0.286719 0.632812 0.043229 0.08364
1 0.691146 0.60432 0.04375 0.089154
1 0.260938 0.52068 0.033333 0.050551
1 0.13776 0.473346 0.021354 0.045956
1 0.104427 0.45864 0.028646 0.066176
1 0.561198 0.459099 0.025521 0.07261
1 0.703125 0.451287 0.036458 0.058824
1 0.41849 0.450368 0.052604 0.068015
1 0.429948 0.412224 0.024479 0.019301
1 0.258854 0.418199 0.040625 0.045956
1 0.474219 0.422335 0.063021 0.061581
1 0.859375 0.419118 0.023958 0.056985
1 0.219271 0.418199 0.032292 0.056985
1 0.396354 0.421415 0.045833 0.063419
1 0.29401 0.431526 0.035938 0.089154
1 0.900781 0.423254 0.043229 0.089154
1 0.530208 0.422335 0.065625 0.090993
1 0.878385 0.409007 0.030729 0.077206
1 0.936979 0.417279 0.03125 0.097426
1 0.353646 0.411305 0.0625 0.085478
1 0.665885 0.440257 0.051562 0.159926
1 0.616667 0.405331 0.063542 0.09375
1 0.63099 0.331342 0.036979 0.037684
1 0.956771 0.372243 0.086458 0.130515
1 0.994531 0.261949 0.010938 0.053309
1 0.165625 0.119026 0.017708 0.026654
1 0.195052 0.101562 0.010938 0.030331
1 0.992188 0.089614 0.009375 0.017463
