1 0.151562 0.907169 0.010417 0.022059
0 0.967448 0.902574 0.030729 0.055147
0 0.7125 0.77068 0.009375 0.024816
0 0.115104 0.758732 0.034375 0.045037
1 0.823698 0.631434 0.003646 0.045956
1 0.191927 0.536305 0.016146 0.043199
1 0.132552 0.504596 0.011979 0.012868
0 0.506771 0.511029 0.029167 0.079044
0 0.642448 0.411305 0.013021 0.019301
1 0.114583 0.399816 0.009375 0.012868
1 0.051562 0.235294 0.009375 0.018382
1 0.376042 0.185202 0.040625 0.022978
1 0.688281 0.169577 0.008854 0.015625
0 0.988802 0.165441 0.022396 0.042279
1 0.282552 0.124081 0.008854 0.018382
1 0.781771 0.075827 0.00625 0.043199
