1 0.152083 0.535386 0.048958 0.07261
1 0.044271 0.507353 0.046875 0.053309
1 0.066146 0.524357 0.052083 0.089154
1 0.095833 0.488971 0.032292 0.051471
1 0.226042 0.491728 0.041667 0.056985
1 0.059635 0.471048 0.030729 0.019301
1 0.396094 0.487592 0.027604 0.065257
1 0.201042 0.484375 0.028125 0.064338
1 0.018229 0.500919 0.036458 0.102941
1 0.522917 0.471048 0.036458 0.043199
1 0.292708 0.481158 0.039583 0.067096
1 0.144792 0.483915 0.076042 0.074449
1 0.375 0.470129 0.030208 0.050551
1 0.329427 0.47886 0.041146 0.082721
1 0.22526 0.451746 0.032812 0.028493
1 0.582552 0.449908 0.015104 0.037684
1 0.413802 0.465074 0.040104 0.084559
1 0.457552 0.459559 0.052604 0.091912
1 0.620833 0.44761 0.042708 0.075368
1 0.546875 0.454044 0.03125 0.101103
1 0.894531 0.428768 0.031771 0.05239
1 0.734115 0.449449 0.045312 0.097426
1 0.672656 0.431066 0.035938 0.086397
1 0.994792 0.412684 0.010417 0.051471
1 0.936458 0.414062 0.023958 0.056066
1 0.798177 0.417739 0.026562 0.067096
1 0.639323 0.411765 0.023438 0.066176
1 0.766667 0.426471 0.045833 0.097426
1 0.85 0.418658 0.072917 0.092831
1 0.970052 0.407629 0.049479 0.074449
