0 0.247917 0.970129 0.011458 0.059743
0 0.853125 0.862592 0.013542 0.024816
0 0.105729 0.769301 0.032292 0.058824
1 0.369792 0.736213 0.010417 0.020221
1 0.336979 0.59329 0.017708 0.011949
1 0.00651 0.53125 0.013021 0.014706
1 0.019792 0.474724 0.014583 0.028493
0 0.540885 0.490809 0.021354 0.0625
1 0.59401 0.455882 0.011979 0.018382
1 0.054688 0.430607 0.011458 0.022978
1 0.236719 0.287684 0.019271 0.009191
1 0.686979 0.252298 0.010417 0.028493
0 0.411458 0.256893 0.036458 0.056066
1 0.207552 0.227022 0.017188 0.022059
1 0.171615 0.202206 0.013021 0.022059
1 0.83099 0.105699 0.011979 0.012868
0 0.267448 0.086397 0.006771 0.029412
