0 0.774479 0.983456 0.008333 0.025735
0 0.794792 0.962776 0.025 0.017463
1 0.215104 0.928309 0.044792 0.053309
1 0.01901 0.880974 0.016146 0.019301
1 0.103125 0.918658 0.102083 0.162684
1 0.755208 0.82307 0.009375 0.02114
1 0.832031 0.827206 0.011979 0.038603
1 0.165104 0.900276 0.094792 0.190257
1 0.882031 0.830882 0.022396 0.056985
1 0.557031 0.80239 0.011979 0.016544
1 0.734896 0.741268 0.013542 0.035846
1 0.795312 0.629136 0.022917 0.02114
1 0.007292 0.632812 0.014583 0.04136
1 0.827604 0.651195 0.040625 0.092831
1 0.648438 0.599724 0.010417 0.022978
1 0.91849 0.598805 0.011979 0.030331
1 0.00651 0.585938 0.013021 0.015625
1 0.773698 0.513787 0.026562 0.03125
0 0.150781 0.481158 0.018229 0.02114
1 0.558854 0.459559 0.0125 0.03125
0 0.463802 0.418199 0.008854 0.014706
1 0.71276 0.403952 0.010938 0.019301
1 0.496615 0.362592 0.061979 0.076287
1 0.810417 0.303309 0.010417 0.016544
1 0.932552 0.282629 0.015104 0.04136
1 0.900781 0.273438 0.019271 0.043199
0 0.202604 0.248621 0.020833 0.015625
1 0.21849 0.133272 0.013021 0.016544
1 0.767708 0.096507 0.008333 0.018382
1 0.776302 0.195312 0.157812 0.225184
1 0.86849 0.090533 0.015104 0.017463
