1 0.486458 0.086857 0.025 0.05239
1 0.560677 0.230699 0.021354 0.038603
1 0.597396 0.265625 0.01875 0.036765
1 0.721354 0.233915 0.030208 0.079963
1 0.75599 0.269761 0.033854 0.089154
1 0.779948 0.129136 0.039062 0.050551
1 0.780729 0.474724 0.030208 0.057904
1 0.736458 0.742188 0.019792 0.04136
1 0.822656 0.730239 0.030729 0.070772
1 0.894271 0.782169 0.021875 0.040441
1 0.827083 0.851103 0.022917 0.044118
1 0.289844 0.143842 0.020312 0.015625
1 0.205208 0.420496 0.010417 0.015625
1 0.323958 0.213695 0.025 0.028493
1 0.350521 0.476562 0.013542 0.019301
1 0.33724 0.56296 0.019271 0.02114
1 0.458594 0.068015 0.009896 0.03125
1 0.466927 0.090074 0.015104 0.051471
1 0.605469 0.011949 0.013021 0.023897
1 0.633854 0.015625 0.021875 0.025735
1 0.614583 0.259191 0.008333 0.03125
1 0.629688 0.277574 0.021875 0.036765
1 0.659896 0.310662 0.032292 0.066176
1 0.664062 0.267463 0.014583 0.023897
1 0.704948 0.228401 0.009896 0.034007
1 0.75026 0.035386 0.027604 0.037684
1 0.767708 0.313419 0.019792 0.023897
1 0.733594 0.346967 0.014062 0.032169
1 0.761719 0.431066 0.022396 0.042279
1 0.788021 0.423713 0.020833 0.036765
1 0.790104 0.345588 0.019792 0.03125
1 0.783854 0.324449 0.023958 0.022059
1 0.820052 0.603401 0.032812 0.070772
1 0.860417 0.637868 0.010417 0.027574
1 0.963542 0.519761 0.040625 0.068934
1 0.972917 0.428309 0.033333 0.027574
1 0.98125 0.44807 0.0375 0.057904
1 0.99401 0.78079 0.011979 0.04136
1 0.989844 0.830882 0.020312 0.047794
1 0.96901 0.805607 0.040104 0.050551
1 0.965365 0.858915 0.036979 0.050551
1 0.915104 0.955882 0.022917 0.034926
1 0.758854 0.977482 0.055208 0.045037
1 0.739323 0.933364 0.056771 0.078125
1 0.702083 0.901195 0.04375 0.061581
1 0.70599 0.861673 0.021354 0.022978
1 0.660417 0.981158 0.019792 0.037684
1 0.517188 0.69807 0.015625 0.035846
1 0.432031 0.775276 0.014062 0.01011
1 0.408073 0.897978 0.011979 0.018382
1 0.417708 0.777114 0.007292 0.022978
1 0.400781 0.787224 0.022396 0.034007
1 0.393229 0.884191 0.0125 0.034926
1 0.376562 0.787684 0.039583 0.034926
1 0.358333 0.817096 0.013542 0.029412
1 0.252083 0.734835 0.017708 0.032169
1 0.008854 0.672335 0.017708 0.028493
1 0.016667 0.970129 0.033333 0.057904
1 0.240885 0.953585 0.031771 0.037684
1 0.266927 0.838695 0.025521 0.034007
1 0.203646 0.790901 0.276042 0.418199
0 0.522135 0.464614 0.105729 0.151654
0 0.510156 0.873162 0.045312 0.216912
1 0.345312 0.534467 0.025 0.026654
1 0.464062 0.130974 0.009375 0.045037
1 0.782552 0.667279 0.015104 0.027574
1 0.814323 0.668199 0.021354 0.03125
1 0.935677 0.533088 0.015104 0.027574
1 0.73724 0.28171 0.009896 0.024816
