0 0.165104 0.595129 0.028125 0.056066
0 0.21901 0.777114 0.020312 0.030331
0 0.459635 0.559743 0.031771 0.0625
0 0.271615 0.046415 0.025521 0.061581
0 0.203646 0.05239 0.041667 0.058824
0 0.583594 0.465533 0.024479 0.045037
0 0.82474 0.272059 0.028646 0.086397
0 0.931771 0.670037 0.023958 0.034926
0 0.033333 0.012408 0.036458 0.024816
1 0.089583 0.302849 0.054167 0.045037
1 0.313542 0.023438 0.066667 0.046875
1 0.122656 0.508272 0.026562 0.040441
1 0.429167 0.987132 0.019792 0.014706
0 0.404427 0.772059 0.015104 0.025735
1 0.466406 0.44807 0.063021 0.098346
1 0.420052 0.417739 0.011979 0.02114
1 0.483073 0.115809 0.057812 0.056985
1 0.541406 0.249081 0.063021 0.119485
1 0.613281 0.585018 0.031771 0.043199
1 0.636979 0.642923 0.033333 0.07261
1 0.683073 0.803768 0.014062 0.028493
1 0.694792 0.829963 0.019792 0.034926
1 0.88724 0.943474 0.022396 0.008272
1 0.876823 0.926471 0.024479 0.066176
1 0.8875 0.988511 0.040625 0.022978
1 0.830208 0.856618 0.030208 0.038603
1 0.817188 0.76057 0.0375 0.065257
1 0.84349 0.511029 0.023438 0.080882
1 0.89375 0.475184 0.069792 0.117647
1 0.910156 0.568015 0.024479 0.027574
1 0.830729 0.445312 0.063542 0.136949
1 0.863802 0.339614 0.056771 0.081801
1 0.897656 0.266085 0.027604 0.116728
1 0.971615 0.257812 0.053646 0.085478
1 0.87526 0.150735 0.008854 0.016544
1 0.914844 0.067555 0.018229 0.043199
1 0.773958 0.159467 0.053125 0.037684
1 0.7625 0.094669 0.0125 0.036765
1 0.823698 0.152574 0.014062 0.047794
0 0.419271 0.459559 0.036458 0.066176
1 0.384635 0.840993 0.040104 0.125
1 0.301302 0.476103 0.028646 0.080882
1 0.507292 0.599724 0.079167 0.142463
1 0.820312 0.098805 0.05625 0.065257
1 0.672656 0.224265 0.053646 0.097426
1 0.214583 0.214614 0.064583 0.127757
1 0.698438 0.345588 0.066667 0.099265
1 0.720312 0.432445 0.05625 0.087316
1 0.5625 0.863511 0.076042 0.102022
1 0.870833 0.109835 0.047917 0.04136
1 0.265104 0.341452 0.05 0.090993
1 0.782552 0.097886 0.018229 0.045037
1 0.440104 0.991268 0.014583 0.017463
1 0.448438 0.993107 0.010417 0.013787
1 0.429167 0.97886 0.009375 0.014706
