1 0.028125 0.095588 0.05625 0.123162
1 0.341927 0.467371 0.071354 0.078125
1 0.369531 0.247243 0.066146 0.023897
1 0.558333 0.703585 0.083333 0.184743
1 0.528906 0.754596 0.082812 0.169118
1 0.753646 0.63557 0.03125 0.070772
1 0.974219 0.587776 0.049479 0.261949
1 0.948958 0.825827 0.060417 0.212316
1 0.041927 0.384191 0.083854 0.283088
1 0.033854 0.604779 0.0125 0.018382
1 0.046094 0.798254 0.008854 0.02114
1 0.139583 0.994945 0.04375 0.01011
1 0.196094 0.698529 0.011979 0.040441
1 0.782292 0.873162 0.09375 0.060662
1 0.571615 0.305147 0.148438 0.286765
1 0.86276 0.730699 0.153646 0.224265
1 0.146615 0.074449 0.072396 0.108456
1 0.674219 0.68704 0.046354 0.015625
