1 0.8625 0.356158 0.064583 0.157169
1 0.08776 0.09329 0.049479 0.039522
0 0.058594 0.180147 0.015104 0.034926
1 0.041146 0.284926 0.082292 0.086397
1 0.036458 0.449908 0.072917 0.157169
1 0.611979 0.517004 0.079167 0.034007
1 0.88776 0.198529 0.019271 0.014706
1 0.734115 0.783548 0.013021 0.01011
1 0.732552 0.838695 0.009896 0.024816
0 0.308073 0.62546 0.101562 0.10386
0 0.683333 0.629136 0.088542 0.078125
0 0.423438 0.636489 0.082292 0.10386
0 0.889323 0.606618 0.065104 0.165441
0 0.058854 0.590074 0.046875 0.097426
