0 0.497656 0.990349 0.030729 0.019301
0 0.810156 0.988051 0.040104 0.023897
0 0.414323 0.981618 0.043229 0.036765
0 0.739844 0.976103 0.018229 0.047794
0 0.470312 0.973346 0.026042 0.053309
1 0.86875 0.956342 0.036458 0.087316
0 0.691406 0.945772 0.072396 0.108456
0 0.903906 0.900276 0.011979 0.02114
0 0.770573 0.939798 0.041146 0.120404
1 0.944792 0.876379 0.033333 0.032169
0 0.930729 0.91682 0.138542 0.16636
0 0.632031 0.915901 0.050521 0.168199
1 0.986979 0.834559 0.026042 0.095588
1 0.683073 0.855239 0.088021 0.138787
1 0.689583 0.694853 0.010417 0.053309
1 0.715625 0.648897 0.032292 0.038603
1 0.847656 0.756434 0.265104 0.284926
1 0.652604 0.71875 0.138542 0.220588
1 0.027083 0.681526 0.054167 0.225184
1 0.684635 0.595129 0.117188 0.107537
1 0.854427 0.603401 0.139062 0.140625
1 0.376302 0.596048 0.161979 0.23989
1 0.901302 0.498162 0.045312 0.071691
1 0.191146 0.566636 0.117708 0.212316
0 0.265104 0.496324 0.126042 0.174632
1 0.913802 0.465993 0.126562 0.125
1 0.794792 0.426011 0.019792 0.056066
1 0.817969 0.401195 0.013021 0.017463
1 0.851823 0.481158 0.176562 0.201287
1 0.92474 0.408548 0.073438 0.065257
1 0.614062 0.426011 0.057292 0.116728
1 0.8625 0.397978 0.029167 0.097426
0 0.378646 0.44761 0.132292 0.207721
0 0.099219 0.478401 0.198438 0.269301
1 0.844792 0.347426 0.017708 0.016544
1 0.89375 0.347886 0.007292 0.019301
1 0.8375 0.39614 0.044792 0.148897
1 0.840104 0.325827 0.013542 0.02114
0 0.907552 0.329044 0.015104 0.033088
1 0.819271 0.319393 0.033333 0.028493
1 0.933073 0.339154 0.048438 0.073529
0 0.902604 0.337316 0.075 0.123162
0 0.65651 0.409926 0.118229 0.272059
0 0.539583 0.401195 0.134375 0.261949
0 0.766927 0.363511 0.073438 0.195772
1 0.971615 0.352482 0.056771 0.201287
1 0.974219 0.224265 0.030729 0.106618
1 0.007552 0.037224 0.015104 0.034007
1 0.230469 0.02068 0.033854 0.04136
1 0.072135 0.022518 0.092188 0.045037
