1 0.227865 0.948529 0.109896 0.102941
1 0.372917 0.933364 0.076042 0.10386
1 0.263802 0.78125 0.023438 0.023897
0 0.511198 0.725184 0.021354 0.027574
0 0.901562 0.705423 0.107292 0.13511
1 0.808333 0.589154 0.017708 0.053309
1 0.74974 0.569853 0.015104 0.023897
1 0.751042 0.527114 0.021875 0.024816
1 0.446354 0.519761 0.010417 0.017463
1 0.960156 0.491268 0.025521 0.011949
1 0.716667 0.556985 0.03125 0.147059
1 0.925 0.513787 0.03125 0.091912
1 0.247396 0.440257 0.010417 0.025735
0 0.479427 0.430147 0.054688 0.071691
1 0.759635 0.37546 0.016146 0.037684
0 0.102604 0.379596 0.035417 0.075368
1 0.757812 0.318015 0.023958 0.036765
1 0.04349 0.172794 0.030729 0.056985
0 0.442708 0.094669 0.034375 0.071691
