1 0.251823 0.955423 0.010938 0.011949
0 0.331771 0.948989 0.03125 0.059743
0 0.467448 0.938419 0.050521 0.095588
0 0.038021 0.860294 0.022917 0.049632
0 0.385677 0.64614 0.014062 0.025735
1 0.251823 0.625919 0.014062 0.012868
1 0.351823 0.58364 0.010938 0.020221
0 0.499479 0.571691 0.030208 0.066176
0 0.107812 0.471967 0.0375 0.065257
1 0.891146 0.420496 0.008333 0.017463
0 0.435938 0.318474 0.027083 0.039522
0 0.86276 0.303309 0.047396 0.068015
0 0.565625 0.201287 0.028125 0.066176
0 0.1625 0.1875 0.038542 0.073529
