1 0.068229 0.514706 0.03125 0.088235
1 0.06224 0.332261 0.035938 0.02114
1 0.03724 0.230239 0.054688 0.070772
1 0.247396 0.095588 0.021875 0.055147
1 0.299479 0.056985 0.05 0.047794
1 0.384896 0.214614 0.017708 0.045037
1 0.240104 0.421875 0.025 0.051471
1 0.577604 0.224265 0.035417 0.016544
1 0.68776 0.034926 0.030729 0.038603
1 0.695052 0.176471 0.016146 0.060662
1 0.746354 0.186121 0.042708 0.05239
1 0.794271 0.106158 0.026042 0.013787
1 0.796615 0.326287 0.041146 0.038603
1 0.597656 0.606158 0.015104 0.061581
1 0.870312 0.71921 0.023958 0.081801
1 0.201562 0.786305 0.021875 0.074449
1 0.045312 0.956342 0.040625 0.074449
0 0.191667 0.689338 0.020833 0.044118
1 0.065625 0.123162 0.015625 0.011029
1 0.010938 0.431526 0.021875 0.050551
1 0.102865 0.272518 0.019271 0.015625
1 0.133854 0.524816 0.057292 0.058824
1 0.096354 0.631893 0.0125 0.043199
1 0.174479 0.589154 0.022917 0.055147
1 0.263021 0.12454 0.0125 0.022978
1 0.338281 0.14568 0.038021 0.030331
1 0.3375 0.178309 0.030208 0.0625
1 0.428385 0.493107 0.010938 0.015625
1 0.438021 0.506434 0.01875 0.034926
1 0.432812 0.618107 0.020833 0.015625
1 0.526823 0.097886 0.024479 0.078125
1 0.564583 0.087776 0.026042 0.02114
1 0.597656 0.538603 0.011979 0.034926
1 0.676302 0.285386 0.039062 0.070772
1 0.797656 0.058364 0.015104 0.059743
1 0.802083 0.173713 0.028125 0.007353
1 0.754427 0.387868 0.023438 0.014706
1 0.869271 0.577206 0.033333 0.014706
1 0.896875 0.821691 0.010417 0.034926
1 0.532812 0.835018 0.00625 0.02114
1 0.496094 0.785846 0.005729 0.023897
1 0.477865 0.91682 0.019271 0.022978
1 0.43125 0.720129 0.053125 0.056066
1 0.421354 0.757353 0.035417 0.012868
1 0.301042 0.886949 0.008333 0.040441
1 0.102083 0.865349 0.020833 0.026654
1 0.067708 0.731618 0.016667 0.077206
1 0.041667 0.76011 0.03125 0.020221
0 0.536719 0.443934 0.158854 0.180147
0 0.73776 0.313879 0.103646 0.20864
0 0.367448 0.571232 0.166146 0.124081
1 0.463021 0.07307 0.009375 0.120404
