0 0.695833 0.982077 0.026042 0.035846
1 0.11849 0.956342 0.009896 0.011949
0 0.011198 0.967371 0.022396 0.048713
1 0.796094 0.925551 0.014062 0.011029
1 0.08099 0.919118 0.011979 0.011029
1 0.838281 0.915901 0.008854 0.030331
1 0.911979 0.899357 0.029167 0.008272
1 0.165104 0.886949 0.027083 0.005515
1 0.083854 0.893382 0.017708 0.03125
1 0.765365 0.880055 0.024479 0.015625
1 0.892708 0.818934 0.013542 0.011029
1 0.008333 0.823989 0.015625 0.022978
1 0.722656 0.796415 0.019271 0.034007
1 0.472917 0.786305 0.019792 0.022978
1 0.076302 0.787224 0.033854 0.032169
1 0.027604 0.775735 0.015625 0.020221
0 0.246615 0.773438 0.024479 0.024816
1 0.704427 0.730239 0.040104 0.017463
1 0.129167 0.726562 0.014583 0.011949
1 0.631771 0.723346 0.035417 0.009191
1 0.699479 0.717371 0.015625 0.011949
1 0.113281 0.691176 0.009896 0.018382
0 0.800781 0.693934 0.018229 0.025735
1 0.938802 0.681066 0.011979 0.012868
0 0.753646 0.655331 0.0125 0.044118
1 0.482552 0.608915 0.015104 0.015625
0 0.607292 0.552849 0.016667 0.037684
1 0.385156 0.546875 0.007812 0.025735
1 0.900781 0.55193 0.023438 0.057904
0 0.31901 0.535386 0.016146 0.026654
1 0.620052 0.51057 0.010938 0.017463
1 0.935677 0.501379 0.023438 0.015625
0 0.464583 0.451287 0.01875 0.066176
0 0.346875 0.31296 0.025 0.02114
1 0.106771 0.203585 0.013542 0.022978
1 0.133333 0.153493 0.011458 0.012868
1 0.122396 0.109835 0.011458 0.017463
1 0.138021 0.105699 0.010417 0.020221
1 0.914583 0.091912 0.013542 0.020221
1 0.889323 0.079044 0.016146 0.044118
