1 0.439844 0.869026 0.030729 0.030331
1 0.295052 0.694393 0.017188 0.024816
1 0.090625 0.878676 0.011458 0.036765
1 0.14401 0.425092 0.014062 0.022978
1 0.09349 0.304228 0.013021 0.027574
1 0.057292 0.243107 0.009375 0.056066
1 0.1875 0.336397 0.032292 0.038603
1 0.373958 0.130515 0.015625 0.011029
1 0.082812 0.41636 0.039583 0.086397
1 0.117708 0.827206 0.005208 0.03125
1 0.450781 0.055607 0.007812 0.024816
1 0.597917 0.469669 0.0125 0.023897
1 0.590104 0.490349 0.010417 0.017463
1 0.138021 0.98943 0.014583 0.02114
1 0.458594 0.233456 0.074479 0.193015
0 0.553125 0.270221 0.033333 0.045956
0 0.499479 0.525735 0.092708 0.099265
