1 0.855729 0.963695 0.016667 0.008272
1 0.869792 0.964614 0.008333 0.015625
1 0.921354 0.963235 0.011458 0.023897
1 0.833073 0.952206 0.013021 0.020221
0 0.017708 0.952206 0.019792 0.029412
1 0.985417 0.943934 0.021875 0.022059
1 0.525781 0.938879 0.020312 0.026654
1 0.685417 0.93796 0.015625 0.035846
1 0.66901 0.909926 0.009896 0.022059
1 0.949219 0.894301 0.008854 0.020221
1 0.014323 0.836397 0.023438 0.014706
1 0.422135 0.795037 0.009896 0.016544
0 0.069792 0.796875 0.025 0.023897
0 0.450781 0.789522 0.009896 0.027574
1 0.595573 0.704963 0.010938 0.012868
1 0.514323 0.677849 0.024479 0.01011
1 0.492188 0.648897 0.019792 0.012868
1 0.533333 0.616268 0.022917 0.02114
1 0.367448 0.612592 0.013021 0.028493
1 0.629948 0.502298 0.019271 0.013787
0 0.066146 0.496324 0.028125 0.012868
1 0.498698 0.497243 0.007812 0.023897
1 0.696875 0.482077 0.010417 0.02114
1 0.038281 0.464154 0.007812 0.016544
0 0.485938 0.440717 0.021875 0.032169
1 0.517448 0.42739 0.015104 0.033088
1 0.807812 0.36489 0.017708 0.007353
1 0.042188 0.290441 0.029167 0.011029
0 0.714062 0.28079 0.023958 0.043199
1 0.051823 0.266085 0.020312 0.035846
1 0.882812 0.247243 0.010417 0.040441
0 0.427865 0.167279 0.028646 0.036765
1 0.528906 0.145221 0.013021 0.029412
0 0.101302 0.127757 0.015104 0.042279
1 0.711458 0.064338 0.007292 0.033088
1 0.058333 0.05239 0.007292 0.027574
1 0.086979 0.035846 0.010417 0.025735
1 0.5875 0.024357 0.00625 0.030331
