0 0.011458 0.914982 0.022917 0.065257
0 0.097656 0.840533 0.124479 0.223346
0 0.230208 0.837776 0.130208 0.223346
0 0.391667 0.823529 0.11875 0.242647
0 0.541927 0.76057 0.126562 0.232537
0 0.800521 0.721967 0.111458 0.188419
0 0.95599 0.684743 0.086979 0.139706
0 0.026042 0.247702 0.052083 0.17739
0 0.244792 0.233915 0.10625 0.149816
0 0.38776 0.221048 0.113021 0.188419
0 0.496094 0.189798 0.115104 0.179228
0 0.864323 0.181985 0.105729 0.170956
0 0.760417 0.172794 0.108333 0.167279
0 0.644271 0.18796 0.1125 0.201287
0 0.955208 0.164522 0.089583 0.180147
