0 0.063802 0.28171 0.052604 0.081801
0 0.507552 0.62454 0.138021 0.219669
0 0.41849 0.464154 0.120312 0.227941
0 0.680729 0.807445 0.055208 0.144301
0 0.217708 0.188879 0.05625 0.22886
1 0.015104 0.732996 0.019792 0.037684
1 0.05651 0.809283 0.028646 0.030331
1 0.005469 0.441636 0.010938 0.015625
1 0.115104 0.113511 0.008333 0.026654
1 0.092188 0.034926 0.020833 0.022059
1 0.152604 0.090074 0.019792 0.007353
1 0.203906 0.022059 0.007812 0.025735
1 0.268229 0.027114 0.009375 0.017463
1 0.26224 0.148897 0.015104 0.038603
1 0.28125 0.044118 0.013542 0.012868
1 0.302083 0.005515 0.011458 0.011029
1 0.173438 0.720129 0.020833 0.017463
1 0.278125 0.818934 0.025 0.012868
1 0.282552 0.786305 0.017188 0.015625
1 0.336979 0.891085 0.011458 0.015625
1 0.378906 0.807904 0.007812 0.018382
1 0.392448 0.688419 0.017188 0.020221
1 0.448177 0.257353 0.005729 0.025735
1 0.617708 0.884191 0.005208 0.038603
1 0.59375 0.475643 0.011458 0.011949
1 0.792188 0.859375 0.005208 0.027574
1 0.79375 0.473346 0.019792 0.027574
1 0.838021 0.602022 0.011458 0.029412
1 0.951042 0.64568 0.0125 0.011949
