1 0.069531 0.954963 0.008854 0.014706
1 0.225 0.925092 0.0125 0.024816
1 0.251302 0.879596 0.011979 0.023897
1 0.769271 0.852482 0.008333 0.015625
1 0.19349 0.84329 0.009896 0.013787
0 0.697396 0.845129 0.01875 0.05239
1 0.620833 0.811121 0.008333 0.015625
1 0.946094 0.801011 0.007812 0.02114
1 0.829167 0.801011 0.009375 0.02114
1 0.31224 0.785846 0.011979 0.020221
1 0.234115 0.766544 0.007812 0.018382
1 0.34974 0.758732 0.008854 0.015625
1 0.486198 0.720129 0.005729 0.024816
1 0.815104 0.69761 0.0125 0.011029
1 0.79401 0.686581 0.009896 0.022059
1 0.420052 0.667739 0.011979 0.019301
1 0.273438 0.668658 0.008333 0.028493
1 0.259896 0.621783 0.008333 0.019301
0 0.071354 0.626838 0.022917 0.064338
0 0.126302 0.61489 0.022396 0.044118
1 0.847917 0.579504 0.010417 0.013787
1 0.541927 0.570312 0.011979 0.026654
0 0.571615 0.592831 0.038021 0.073529
1 0.878906 0.516544 0.008854 0.014706
1 0.038542 0.493566 0.010417 0.012868
1 0.645312 0.488511 0.009375 0.019301
1 0.984635 0.464154 0.006771 0.020221
1 0.896615 0.461857 0.006771 0.026654
1 0.36901 0.436581 0.017188 0.03125
1 0.382292 0.413603 0.008333 0.020221
1 0.933333 0.40625 0.009375 0.012868
1 0.863021 0.402574 0.013542 0.018382
0 0.465625 0.402114 0.020833 0.034007
1 0.65651 0.417739 0.024479 0.081801
1 0.690104 0.374081 0.009375 0.036765
1 0.927865 0.300551 0.016146 0.023897
0 0.88151 0.252757 0.019271 0.042279
1 0.629688 0.211857 0.010417 0.026654
1 0.691406 0.195772 0.016146 0.012868
0 0.352865 0.169118 0.020312 0.049632
1 0.256771 0.133732 0.014583 0.008272
1 0.452865 0.078125 0.008854 0.018382
0 0.204688 0.04136 0.010417 0.014706
0 0.757292 0.024816 0.015625 0.027574
1 0.885417 0.015165 0.033333 0.030331
