1 0.813542 0.494485 0.04375 0.049632
1 0.72474 0.488051 0.022396 0.038603
1 0.77526 0.486673 0.031771 0.050551
1 0.579427 0.46829 0.015104 0.032169
1 0.355729 0.46875 0.022917 0.044118
1 0.490104 0.469669 0.025 0.064338
1 0.888542 0.473346 0.032292 0.077206
1 0.44375 0.436121 0.045833 0.048713
1 0.508073 0.431066 0.029688 0.047794
1 0.164062 0.430147 0.021875 0.047794
1 0.365885 0.424632 0.024479 0.044118
1 0.332031 0.408088 0.024479 0.060662
1 0.136719 0.394301 0.028646 0.044118
1 0.079167 0.403952 0.013542 0.07261
1 0.26276 0.398897 0.030729 0.069853
1 0.286198 0.403493 0.027604 0.084559
1 0.104427 0.384651 0.032812 0.061581
1 0.15026 0.357537 0.017188 0.034926
