1 0.375 0.139706 0.110417 0.222426
1 0.015104 0.430147 0.030208 0.080882
1 0.14974 0.573529 0.024479 0.045956
1 0.727083 0.943015 0.021875 0.029412
1 0.940104 0.956801 0.045833 0.086397
1 0.992969 0.840074 0.014062 0.020221
1 0.907812 0.397978 0.152083 0.213235
1 0.935417 0.509191 0.1125 0.181985
1 0.844531 0.26057 0.158854 0.306066
1 0.344792 0.384651 0.103125 0.153493
1 0.763021 0.824908 0.082292 0.188419
1 0.451042 0.758732 0.08125 0.195772
1 0.557812 0.331342 0.110417 0.173713
1 0.029167 0.683364 0.058333 0.289522
1 0.98776 0.778493 0.024479 0.080882
1 0.960156 0.863051 0.073438 0.170956
1 0.085938 0.800092 0.063542 0.094669
