1 0.622135 0.724724 0.077604 0.129596
1 0.904167 0.94807 0.057292 0.057904
1 0.65 0.445312 0.035417 0.092831
1 0.45599 0.548713 0.044271 0.125
1 0.340625 0.544577 0.076042 0.10386
1 0.44401 0.824908 0.081771 0.068934
1 0.338281 0.810202 0.033854 0.045037
1 0.172396 0.755515 0.044792 0.056985
1 0.14401 0.790441 0.052604 0.0625
1 0.1375 0.037224 0.032292 0.054228
1 0.161198 0.216452 0.063021 0.057904
1 0.020312 0.505055 0.029167 0.048713
1 0.01224 0.660386 0.024479 0.05239
1 0.209115 0.712316 0.019271 0.056985
1 0.120312 0.827206 0.03125 0.058824
1 0.319271 0.272059 0.047917 0.060662
1 0.315104 0.435202 0.015625 0.02114
1 0.372396 0.375919 0.025 0.029412
1 0.503385 0.378217 0.054688 0.054228
1 0.56224 0.300551 0.055729 0.139706
1 0.403646 0.986673 0.028125 0.026654
1 0.84401 0.828585 0.018229 0.046875
1 0.940365 0.792279 0.029688 0.042279
1 0.411458 0.502298 0.022917 0.04136
1 0.791927 0.931985 0.054688 0.136029
0 0.444271 0.269761 0.241667 0.164522
1 0.074219 0.37546 0.071354 0.144301
1 0.363021 0.653033 0.061458 0.144301
1 0.414323 0.696691 0.028646 0.044118
