0 0.110156 0.493107 0.030729 0.035846
0 0.520312 0.403033 0.047917 0.057904
0 0.804688 0.616268 0.038542 0.04136
0 0.95026 0.488051 0.045312 0.060662
0 0.860417 0.144301 0.05 0.077206
0 0.203646 0.137868 0.096875 0.169118
0 0.723958 0.829504 0.088542 0.043199
0 0.53151 0.519301 0.088021 0.040441
0 0.379427 0.388787 0.086979 0.060662
1 0.097135 0.715993 0.013021 0.012868
1 0.090104 0.759191 0.010417 0.020221
1 0.096354 0.947151 0.007292 0.028493
1 0.141406 0.873621 0.007812 0.030331
1 0.19974 0.71829 0.020312 0.013787
1 0.286979 0.772978 0.009375 0.018382
1 0.422396 0.585018 0.021875 0.017463
0 0.458854 0.695312 0.032292 0.098346
1 0.597396 0.720588 0.011458 0.012868
1 0.589323 0.740809 0.015104 0.009191
1 0.944271 0.251838 0.009375 0.018382
1 0.78776 0.033088 0.017188 0.022059
1 0.769531 0.01057 0.021354 0.008272
1 0.2625 0.177849 0.019792 0.02114
