1 0.189844 0.823529 0.045312 0.044118
1 0.600781 0.835478 0.035938 0.069853
1 0.76224 0.827206 0.019271 0.0625
1 0.629948 0.827665 0.028646 0.068934
1 0.514323 0.803768 0.015104 0.022978
1 0.569531 0.818934 0.040104 0.0625
1 0.391667 0.822151 0.053125 0.078125
1 0.488021 0.8125 0.0375 0.071691
1 0.345573 0.814798 0.028646 0.081801
1 0.250781 0.805147 0.033854 0.066176
1 0.202083 0.788603 0.035417 0.045956
1 0.683333 0.798713 0.046875 0.066176
1 0.890365 0.798713 0.054688 0.077206
1 0.98125 0.775735 0.0125 0.040441
1 0.717448 0.778952 0.036979 0.057904
1 0.967448 0.773438 0.027604 0.056066
1 0.007292 0.775735 0.014583 0.066176
1 0.045573 0.771599 0.042188 0.063419
1 0.838802 0.773897 0.038021 0.080882
1 0.955469 0.747243 0.019271 0.036765
1 0.272396 0.236213 0.030208 0.042279
1 0.248698 0.237132 0.029688 0.0625
1 0.438542 0.209559 0.010417 0.012868
1 0.617448 0.221048 0.029688 0.046875
1 0.55651 0.216452 0.016146 0.039522
1 0.511198 0.217371 0.039062 0.05239
1 0.996615 0.204044 0.006771 0.027574
1 0.010677 0.225184 0.021354 0.069853
1 0.485938 0.231618 0.026042 0.084559
1 0.380208 0.203125 0.040625 0.036765
1 0.321354 0.211857 0.057292 0.057904
1 0.46901 0.204044 0.025521 0.049632
1 0.641927 0.199449 0.019271 0.044118
1 0.757552 0.193015 0.026562 0.040441
1 0.725 0.198529 0.039583 0.053309
1 0.169531 0.198529 0.035938 0.053309
1 0.901823 0.192096 0.034896 0.047794
1 0.665885 0.202665 0.017188 0.068934
1 0.58125 0.196232 0.038542 0.056066
1 0.826302 0.183364 0.036979 0.056066
1 0.989583 0.164062 0.020833 0.028493
1 0.110417 0.171415 0.028125 0.065257
1 0.971354 0.153493 0.032292 0.047794
