0 0.578906 0.307904 0.234896 0.268382
0 0.519531 0.727482 0.085938 0.238051
1 0.024479 0.592831 0.011458 0.022059
1 0.077083 0.549632 0.015625 0.009191
1 0.165625 0.890165 0.014583 0.011949
1 0.241667 0.625 0.0125 0.018382
1 0.36849 0.971507 0.021354 0.011029
1 0.552604 0.952665 0.014583 0.01011
1 0.365885 0.538143 0.017188 0.019301
1 0.691667 0.227022 0.013542 0.011029
1 0.961979 0.107537 0.013542 0.014706
1 0.865104 0.612592 0.005208 0.028493
1 0.735417 0.21875 0.014583 0.012868
1 0.735938 0.259651 0.004167 0.028493
1 0.788281 0.36443 0.015104 0.008272
1 0.86276 0.386949 0.007812 0.020221
1 0.950521 0.350184 0.020833 0.007353
