1 0.175 0.116268 0.014583 0.026654
1 0.16901 0.191176 0.024479 0.018382
1 0.391146 0.067096 0.007292 0.023897
1 0.439062 0.025276 0.013542 0.017463
1 0.41875 0.332721 0.04375 0.049632
1 0.32526 0.47932 0.028646 0.02114
1 0.59375 0.89614 0.036458 0.033088
1 0.66276 0.884651 0.015104 0.04136
1 0.615625 0.694853 0.038542 0.027574
1 0.60026 0.221507 0.029688 0.018382
1 0.623698 0.278493 0.013021 0.066176
1 0.671875 0.361213 0.033333 0.014706
1 0.753906 0.324449 0.029688 0.047794
1 0.800521 0.212316 0.044792 0.03125
1 0.879167 0.195772 0.027083 0.025735
1 0.829427 0.268382 0.020312 0.055147
1 0.861458 0.321691 0.029167 0.042279
1 0.943229 0.320312 0.025 0.028493
1 0.855729 0.630055 0.036458 0.019301
1 0.82526 0.829044 0.014062 0.055147
1 0.875521 0.914522 0.035417 0.033088
1 0.876562 0.690717 0.042708 0.061581
1 0.916146 0.679228 0.0125 0.055147
1 0.9125 0.807904 0.039583 0.077206
1 0.978646 0.744485 0.041667 0.060662
0 0.552344 0.118107 0.245312 0.236213
0 0.651302 0.434283 0.292188 0.436581
