1 0.461979 0.973346 0.032292 0.023897
1 0.300781 0.953125 0.013021 0.020221
1 0.274479 0.939798 0.011458 0.024816
1 0.045573 0.83318 0.006771 0.019301
1 0.672917 0.807445 0.019792 0.059743
1 0.778125 0.779412 0.013542 0.040441
1 0.888281 0.726562 0.008854 0.017463
1 0.971875 0.717831 0.009375 0.018382
1 0.315104 0.71921 0.009375 0.034007
1 0.996875 0.607996 0.00625 0.026654
1 0.745052 0.586857 0.021354 0.019301
1 0.408594 0.574449 0.014062 0.020221
1 0.707031 0.534467 0.013021 0.017463
1 0.766146 0.478401 0.016667 0.02114
1 0.651302 0.426471 0.013021 0.020221
0 0.702083 0.433824 0.05 0.066176
1 0.606771 0.394761 0.013542 0.019301
0 0.860677 0.443474 0.030729 0.125919
0 0.329427 0.384651 0.029688 0.067096
1 0.928646 0.34375 0.007292 0.016544
0 0.477344 0.398897 0.044271 0.136029
1 0.765104 0.338695 0.016667 0.02114
0 0.116146 0.366728 0.066667 0.095588
1 0.755469 0.224724 0.038021 0.057904
0 0.922917 0.141544 0.015625 0.027574
0 0.829948 0.02114 0.007812 0.022059
