1 0.608333 0.97932 0.013542 0.04136
1 0.668229 0.938419 0.016667 0.044118
1 0.286719 0.873621 0.014062 0.022978
1 0.217969 0.846048 0.018229 0.035846
1 0.84401 0.793199 0.024479 0.029412
1 0.161198 0.777114 0.011979 0.011949
1 0.423438 0.68796 0.021875 0.039522
1 0.2375 0.677849 0.014583 0.030331
1 0.275 0.544118 0.013542 0.014706
1 0.925521 0.518382 0.009375 0.016544
1 0.988802 0.471048 0.022396 0.024816
1 0.994531 0.425551 0.010938 0.023897
1 0.507292 0.453125 0.034375 0.106618
1 0.120052 0.315717 0.022396 0.013787
1 0.938542 0.316636 0.010417 0.017463
1 0.411979 0.311121 0.013542 0.032169
1 0.425521 0.277574 0.010417 0.012868
1 0.422135 0.265625 0.019271 0.007353
1 0.323698 0.272059 0.008854 0.025735
1 0.042448 0.24954 0.018229 0.013787
1 0.223698 0.214154 0.007812 0.018382
1 0.64349 0.116268 0.007812 0.030331
1 0.422396 0.102022 0.010417 0.016544
1 0.944531 0.074449 0.008854 0.023897
1 0.100781 0.065257 0.020312 0.045956
