1 0.132292 0.675551 0.030208 0.082721
1 0.10651 0.474265 0.026562 0.082721
1 0.025521 0.924632 0.040625 0.068015
1 0.392448 0.445312 0.033854 0.090993
1 0.351823 0.140165 0.030729 0.100184
1 0.524479 0.549173 0.045833 0.04136
1 0.565365 0.518842 0.016146 0.067096
1 0.609115 0.715074 0.015104 0.045956
1 0.741927 0.512408 0.026562 0.078125
1 0.745312 0.392923 0.013542 0.063419
1 0.797656 0.426011 0.034896 0.026654
1 0.84401 0.485294 0.014062 0.073529
1 0.877083 0.522518 0.058333 0.059743
1 0.984375 0.428768 0.03125 0.037684
1 0.978646 0.324449 0.019792 0.049632
1 0.861719 0.615809 0.026562 0.075368
1 0.767188 0.63557 0.034375 0.094669
1 0.646875 0.848805 0.013542 0.04136
1 0.10599 0.008732 0.013021 0.017463
1 0.175521 0.021599 0.036458 0.043199
1 0.128125 0.205423 0.03125 0.02114
1 0.082812 0.174632 0.019792 0.036765
1 0.09349 0.21875 0.014062 0.022059
1 0.063542 0.502298 0.032292 0.043199
1 0.09401 0.600184 0.026562 0.033088
1 0.173958 0.889706 0.033333 0.029412
1 0.16901 0.976562 0.021354 0.046875
0 0.20651 0.78171 0.013021 0.022978
0 0.347656 0.519761 0.029688 0.028493
1 0.340365 0.048254 0.009896 0.039522
1 0.977604 0.794118 0.019792 0.022059
1 0.988021 0.709559 0.023958 0.025735
1 0.966927 0.715074 0.019271 0.077206
1 0.941927 0.701287 0.015104 0.020221
1 0.786198 0.063419 0.035938 0.042279
1 0.728385 0.090074 0.019271 0.038603
1 0.729948 0.06296 0.022396 0.068934
1 0.689062 0.024816 0.019792 0.049632
1 0.520573 0.943934 0.018229 0.011029
0 0.313542 0.294577 0.053125 0.092831
1 0.089323 0.04182 0.014062 0.028493
1 0.321875 0.835478 0.023958 0.020221
1 0.525 0.763787 0.040625 0.036765
1 0.478125 0.287684 0.013542 0.027574
