0 0.941406 0.980699 0.031771 0.038603
0 0.882812 0.974265 0.035417 0.051471
0 0.021354 0.565257 0.042708 0.159926
0 0.240104 0.540901 0.139583 0.236213
0 0.991667 0.423254 0.015625 0.028493
0 0.363021 0.527574 0.152083 0.240809
0 0.49974 0.494026 0.149479 0.186581
0 0.897396 0.42739 0.055208 0.088235
0 0.6375 0.462316 0.110417 0.215074
0 0.992448 0.373621 0.015104 0.079963
0 0.77526 0.42693 0.147396 0.230699
0 0.706771 0.012408 0.03125 0.024816
0 0.651562 0.011029 0.020833 0.022059
0 0.536458 0.008732 0.033333 0.017463
0 0.472135 0.019761 0.060938 0.039522
0 0.361458 0.029412 0.096875 0.058824
