1 0.928385 0.424173 0.033854 0.035846
1 0.865625 0.417279 0.035417 0.058824
1 0.477604 0.413143 0.047917 0.050551
1 0.996094 0.402114 0.007812 0.032169
1 0.781771 0.414982 0.029167 0.067096
1 0.433073 0.402114 0.021354 0.045037
1 0.7 0.412224 0.038542 0.065257
1 0.385938 0.397518 0.026042 0.037684
1 0.982031 0.396599 0.032812 0.061581
1 0.520312 0.389246 0.03125 0.048713
1 0.960677 0.389706 0.025521 0.055147
1 0.738542 0.401654 0.045833 0.079044
1 0.584635 0.388327 0.034896 0.07261
1 0.482031 0.371324 0.028646 0.040441
1 0.802604 0.40671 0.047917 0.118566
1 0.695052 0.384651 0.028646 0.076287
1 0.61875 0.377757 0.038542 0.0625
1 0.410677 0.372243 0.022396 0.0625
1 0.16224 0.369485 0.027604 0.064338
1 0.302865 0.369026 0.028646 0.067096
1 0.25 0.382812 0.045833 0.094669
1 0.345573 0.367188 0.039062 0.081801
1 0.082031 0.361213 0.042188 0.073529
1 0.139062 0.355239 0.042708 0.067096
1 0.660417 0.361213 0.047917 0.079044
1 0.007292 0.326287 0.014583 0.022059
1 0.113281 0.336397 0.050521 0.090074
