0 0.98099 0.90625 0.038021 0.0625
0 0.988802 0.743566 0.022396 0.174632
0 0.49401 0.794577 0.154688 0.348346
0 0.361458 0.794577 0.208333 0.386949
0 0.884896 0.776654 0.230208 0.367647
0 0.040104 0.702206 0.080208 0.28125
0 0.155729 0.77114 0.217708 0.435662
0 0.921615 0.523897 0.036979 0.056985
0 0.022396 0.226103 0.044792 0.051471
0 0.971875 0.237592 0.05625 0.11489
0 0.575521 0.212316 0.221875 0.380515
0 0.892708 0.191636 0.189583 0.357537
0 0.738542 0.152574 0.197917 0.305147
0 0.397135 0.157169 0.198438 0.314338
0 0.073177 0.164062 0.146354 0.328125
