1 0.07526 0.203585 0.021354 0.048713
1 0.114844 0.183364 0.026562 0.079963
1 0.14349 0.194853 0.040104 0.033088
1 0.317448 0.183364 0.045312 0.04136
1 0.379688 0.091912 0.0125 0.034926
1 0.391927 0.210938 0.017188 0.059743
1 0.40599 0.198989 0.019271 0.030331
1 0.467448 0.034007 0.029688 0.049632
1 0.51849 0.138787 0.023438 0.033088
1 0.607552 0.073989 0.015104 0.019301
1 0.73724 0.323989 0.024479 0.032169
1 0.846094 0.348805 0.034896 0.070772
1 0.94349 0.195312 0.028646 0.04136
1 0.983333 0.54182 0.01875 0.074449
1 0.590885 0.732077 0.047396 0.054228
1 0.566146 0.592831 0.009375 0.036765
1 0.389062 0.455882 0.014583 0.040441
1 0.369271 0.764706 0.01875 0.086397
1 0.261458 0.914982 0.028125 0.048713
1 0.192708 0.829044 0.054167 0.106618
1 0.196875 0.563879 0.025 0.02114
1 0.142708 0.556066 0.004167 0.034926
1 0.127865 0.445312 0.034896 0.030331
1 0.113542 0.524816 0.008333 0.044118
1 0.007031 0.67739 0.014062 0.03125
1 0.077083 0.681526 0.046875 0.076287
1 0.09349 0.746783 0.079688 0.030331
1 0.083073 0.775276 0.058854 0.039522
1 0.967448 0.591912 0.065104 0.099265
0 0.411719 0.168658 0.095312 0.309743
0 0.527865 0.585478 0.085938 0.246324
