1 0.133854 0.903493 0.010417 0.016544
1 0.010938 0.869485 0.011458 0.022059
1 0.790365 0.849724 0.009896 0.017463
0 0.189323 0.746324 0.027604 0.060662
1 0.876562 0.706801 0.007292 0.020221
1 0.692188 0.670956 0.008333 0.022059
0 0.382812 0.606158 0.026042 0.063419
1 0.072396 0.574449 0.007292 0.020221
1 0.376042 0.502757 0.009375 0.014706
0 0.529167 0.492647 0.027083 0.0625
0 0.7125 0.319853 0.022917 0.036765
1 0.386719 0.189798 0.011979 0.017463
1 0.314323 0.106618 0.008854 0.018382
0 0.105469 0.028493 0.028646 0.056985
