0 0.160417 0.723805 0.125 0.204963
0 0.188802 0.563879 0.096354 0.118566
0 0.392188 0.522978 0.059375 0.104779
0 0.538542 0.545956 0.067708 0.115809
0 0.525521 0.68796 0.038542 0.10386
0 0.634896 0.66682 0.052083 0.078125
0 0.604427 0.903033 0.076562 0.124081
1 0.334375 0.707261 0.05 0.074449
1 0.697917 0.446691 0.044792 0.066176
0 0.611198 0.223805 0.069271 0.107537
0 0.400521 0.149357 0.110417 0.144301
1 0.026823 0.195772 0.053646 0.170956
1 0.048958 0.634651 0.097917 0.278493
1 0.15026 0.407169 0.020312 0.044118
1 0.633333 0.130974 0.14375 0.164522
1 0.769792 0.070772 0.035417 0.045956
1 0.322135 0.551011 0.015104 0.090993
1 0.542188 0.335938 0.144792 0.280331
0 0.007031 0.132812 0.014062 0.094669
1 0.1375 0.090533 0.010417 0.017463
1 0.328646 0.199449 0.105208 0.398897
0 0.833594 0.039982 0.093229 0.079963
1 0.925521 0.212776 0.142708 0.425551
0 0.957552 0.225184 0.084896 0.128676
1 0.820052 0.553768 0.055729 0.098346
1 0.952604 0.83364 0.094792 0.207721
1 0.749479 0.834559 0.091667 0.152574
1 0.673177 0.704044 0.178646 0.207721
1 0.509375 0.767923 0.009375 0.030331
1 0.269792 0.579044 0.009375 0.044118
1 0.039583 0.764706 0.0125 0.012868
1 0.09349 0.930147 0.032812 0.084559
1 0.05026 0.897518 0.100521 0.204963
1 0.270312 0.840074 0.239583 0.319853
1 0.253385 0.255055 0.125521 0.105699
1 0.894271 0.467371 0.207292 0.284007
