1 0.420833 0.9375 0.169792 0.125
1 0.326823 0.755055 0.018229 0.015625
1 0.010417 0.789062 0.020833 0.094669
1 0.017188 0.745864 0.034375 0.034007
1 0.120833 0.740809 0.023958 0.055147
1 0.0125 0.585018 0.010417 0.026654
1 0.315885 0.478401 0.020312 0.019301
1 0.004948 0.483456 0.009896 0.0625
1 0.371094 0.476562 0.043229 0.125919
1 0.568229 0.441176 0.054167 0.09375
1 0.030469 0.362592 0.013021 0.022978
1 0.003385 0.315257 0.006771 0.018382
1 0.176562 0.264706 0.011458 0.027574
1 0.384375 0.177849 0.048958 0.127757
1 0.636198 0.053309 0.027604 0.034926
1 0.914323 0.051471 0.009896 0.0625
