0 0.057292 0.795956 0.114583 0.332721
1 0.372135 0.934743 0.028646 0.034926
1 0.471615 0.84421 0.011979 0.032169
1 0.544271 0.954044 0.016667 0.044118
1 0.659635 0.955423 0.011979 0.045037
1 0.705469 0.792279 0.040104 0.049632
1 0.723958 0.943015 0.05625 0.113971
1 0.751302 0.931066 0.013021 0.044118
1 0.763542 0.875 0.016667 0.023897
1 0.771094 0.909926 0.010938 0.029412
1 0.775781 0.957261 0.036979 0.076287
1 0.80599 0.919118 0.018229 0.025735
1 0.827083 0.967831 0.022917 0.042279
1 0.81901 0.983915 0.013021 0.026654
1 0.895573 0.717371 0.058854 0.10386
0 0.970052 0.866728 0.059896 0.266544
1 0.678125 0.214154 0.01875 0.014706
1 0.789323 0.056985 0.026562 0.034926
1 0.840365 0.02068 0.014062 0.022978
0 0.373958 0.655331 0.205208 0.334559
0 0.568229 0.651654 0.171875 0.299632
