1 0.026562 0.496783 0.051042 0.063419
1 0.453385 0.469669 0.009896 0.029412
1 0.161458 0.488051 0.05625 0.071691
1 0.333854 0.451287 0.028125 0.051471
1 0.058333 0.465533 0.06875 0.08364
1 0.227083 0.482537 0.054167 0.119485
1 0.991927 0.432445 0.014062 0.024816
1 0.135677 0.459099 0.043229 0.079963
1 0.432552 0.445312 0.027604 0.063419
1 0.503385 0.452665 0.039062 0.085478
1 0.101302 0.444853 0.027604 0.071691
1 0.528125 0.448989 0.033333 0.079963
1 0.188542 0.449449 0.061458 0.080882
1 0.480729 0.443934 0.032292 0.071691
1 0.409635 0.442555 0.040104 0.07261
1 0.890885 0.425092 0.046354 0.050551
1 0.796094 0.428768 0.052604 0.061581
1 0.927083 0.426471 0.020833 0.0625
1 0.292969 0.441636 0.056771 0.107537
1 0.598177 0.443474 0.070312 0.133272
1 0.965885 0.398438 0.049479 0.046875
1 0.580469 0.419118 0.063021 0.091912
1 0.645052 0.419577 0.058854 0.113051
1 0.996875 0.371783 0.00625 0.034007
1 0.721875 0.419577 0.0625 0.129596
