1 0.523698 0.990809 0.013021 0.018382
1 0.157812 0.987132 0.009375 0.014706
1 0.101562 0.985294 0.009375 0.022059
1 0.103125 0.965533 0.011458 0.013787
1 0.053906 0.952665 0.015104 0.024816
1 0.572135 0.92693 0.039062 0.092831
0 0.155208 0.89614 0.030208 0.071691
1 0.030469 0.8125 0.060938 0.097426
1 0.313542 0.747243 0.015625 0.033088
0 0.950521 0.704044 0.019792 0.051471
1 0.522917 0.6875 0.035417 0.047794
1 0.13776 0.669118 0.007812 0.016544
1 0.149479 0.654412 0.010417 0.022059
0 0.5375 0.616728 0.028125 0.060662
1 0.577344 0.536765 0.011979 0.014706
1 0.233594 0.543199 0.016146 0.034926
1 0.685156 0.574908 0.078646 0.109375
1 0.303646 0.522978 0.009375 0.014706
1 0.698698 0.525276 0.008854 0.026654
1 0.920052 0.516085 0.010938 0.011949
0 0.160938 0.487132 0.033333 0.051471
1 0.413542 0.494485 0.051042 0.073529
1 0.24401 0.483915 0.030729 0.057904
1 0.647396 0.460018 0.00625 0.022978
1 0.928125 0.418658 0.03125 0.079963
1 0.426823 0.375 0.013021 0.009191
1 0.166406 0.407629 0.034896 0.090993
1 0.245052 0.392463 0.045312 0.080882
0 0.935938 0.331801 0.032292 0.03125
1 0.552083 0.323989 0.008333 0.015625
0 0.528125 0.310202 0.029167 0.048713
1 0.147656 0.295956 0.011979 0.022059
1 0.32526 0.224265 0.014062 0.009191
1 0.260417 0.225184 0.040625 0.038603
1 0.909115 0.220129 0.031771 0.076287
1 0.288542 0.185202 0.008333 0.013787
1 0.952865 0.181066 0.005729 0.023897
0 0.159115 0.18796 0.029688 0.048713
1 0.830208 0.048254 0.034375 0.081801
1 0.617448 0.058824 0.059896 0.108456
1 0.971354 0.011949 0.032292 0.023897
0 0.508594 0.008272 0.023438 0.016544
