1 0.221094 0.830423 0.007812 0.04136
1 0.246094 0.836397 0.019271 0.047794
1 0.368229 0.73989 0.009375 0.0625
1 0.363542 0.613051 0.0125 0.051471
1 0.326562 0.267923 0.020833 0.046875
1 0.471094 0.103401 0.040104 0.048713
1 0.491146 0.335938 0.020833 0.019301
1 0.54974 0.380515 0.010938 0.064338
1 0.557812 0.428309 0.016667 0.023897
1 0.623958 0.350184 0.01875 0.016544
1 0.589844 0.715074 0.020312 0.025735
1 0.723177 0.848805 0.008854 0.024816
1 0.88099 0.924173 0.031771 0.067096
1 0.926562 0.932904 0.096875 0.071691
1 0.79974 0.744485 0.018229 0.027574
1 0.9 0.619485 0.022917 0.016544
1 0.832031 0.532169 0.021354 0.079044
1 0.848958 0.40625 0.020833 0.123162
1 0.927083 0.453125 0.01875 0.051471
1 0.992969 0.491268 0.011979 0.028493
1 0.909375 0.245404 0.010417 0.080882
1 0.957552 0.168199 0.019271 0.018382
1 0.996875 0.161305 0.00625 0.043199
0 0.520052 0.234375 0.192188 0.46875
0 0.720312 0.474724 0.195833 0.611213
1 0.541927 0.099724 0.017188 0.022978
1 0.536198 0.058364 0.011979 0.02114
0 0.700521 0.903493 0.055208 0.193015
