1 0.996094 0.939798 0.007812 0.024816
1 0.320052 0.936121 0.008854 0.035846
1 0.834115 0.859375 0.047396 0.044118
1 0.704948 0.841452 0.009896 0.013787
1 0.920052 0.847886 0.140104 0.267463
1 0.041146 0.521599 0.009375 0.013787
1 0.892188 0.484375 0.009375 0.029412
1 0.340365 0.469669 0.030729 0.042279
1 0.053385 0.465074 0.041146 0.051471
1 0.121615 0.461397 0.021354 0.047794
1 0.384896 0.462776 0.036458 0.059743
1 0.798958 0.454504 0.017708 0.048713
1 0.03724 0.440717 0.026562 0.046875
1 0.672396 0.453585 0.036458 0.07261
1 0.858594 0.440717 0.034896 0.05239
1 0.180729 0.443934 0.030208 0.058824
1 0.49401 0.445772 0.032812 0.068015
1 0.20625 0.432445 0.022917 0.045037
1 0.555469 0.449449 0.035938 0.079044
1 0.159896 0.432445 0.026042 0.046875
1 0.444271 0.439798 0.028125 0.067096
1 0.652865 0.43704 0.035938 0.065257
1 0.232812 0.454044 0.040625 0.099265
1 0.834896 0.438879 0.022917 0.070772
1 0.077865 0.454504 0.040104 0.105699
1 0.723958 0.441636 0.0375 0.081801
1 0.527083 0.421875 0.028125 0.044118
1 0.353125 0.42739 0.032292 0.055147
1 0.625521 0.429688 0.028125 0.061581
1 0.248698 0.415901 0.025521 0.035846
1 0.019531 0.442096 0.039062 0.090074
1 0.601823 0.423713 0.031771 0.066176
1 0.901302 0.429688 0.029688 0.08364
1 0.416406 0.413603 0.036979 0.071691
1 0.695833 0.415901 0.041667 0.078125
1 0.282552 0.407169 0.029688 0.060662
1 0.751823 0.410386 0.031771 0.068934
1 0.944271 0.417739 0.041667 0.085478
1 0.878906 0.427849 0.027604 0.105699
1 0.557292 0.393382 0.026042 0.036765
1 0.984635 0.413143 0.030729 0.087316
1 0.73724 0.386029 0.029688 0.0625
1 0.579427 0.384651 0.033854 0.079963
1 0.077083 0.334099 0.014583 0.022978
