1 0.092448 0.506893 0.022396 0.046875
1 0.129167 0.504136 0.036458 0.048713
1 0.034635 0.498621 0.069271 0.059743
1 0.524219 0.487592 0.032812 0.043199
1 0.409375 0.484375 0.033333 0.055147
1 0.161719 0.482537 0.055729 0.051471
1 0.32526 0.485754 0.036979 0.070772
1 0.72526 0.487132 0.027604 0.077206
1 0.445052 0.481158 0.032812 0.065257
1 0.379427 0.479779 0.033854 0.068015
1 0.58151 0.46829 0.030729 0.057904
1 0.349219 0.488971 0.033854 0.099265
1 0.229688 0.488971 0.052083 0.102941
1 0.61276 0.459099 0.027604 0.059743
1 0.266927 0.473805 0.030729 0.092831
1 0.554688 0.466452 0.026042 0.08364
1 0.485938 0.466912 0.036458 0.084559
1 0.707292 0.441636 0.023958 0.045037
1 0.314062 0.434283 0.033333 0.045037
1 0.779688 0.456801 0.041667 0.09375
1 0.753906 0.4375 0.032812 0.056985
1 0.977083 0.4375 0.045833 0.082721
1 0.644271 0.445772 0.042708 0.101103
1 0.847396 0.444853 0.054167 0.101103
1 0.90026 0.433824 0.040104 0.097426
1 0.93125 0.422335 0.052083 0.078125
