1 0.240104 0.982077 0.009375 0.017463
1 0.070312 0.973346 0.019792 0.053309
1 0.10026 0.938879 0.008854 0.019301
1 0.824479 0.913603 0.040625 0.060662
1 0.648177 0.869945 0.005729 0.035846
1 0.074479 0.803768 0.011458 0.011949
1 0.133854 0.801471 0.005208 0.023897
1 0.88099 0.779412 0.031771 0.036765
1 0.777344 0.758732 0.009896 0.028493
1 0.084896 0.709559 0.010417 0.016544
1 0.122396 0.702665 0.00625 0.02114
1 0.758333 0.681526 0.010417 0.015625
1 0.978906 0.681066 0.007812 0.016544
1 0.256771 0.680607 0.005208 0.045037
1 0.191146 0.625919 0.007292 0.018382
1 0.438542 0.611213 0.008333 0.018382
1 0.085677 0.618107 0.075521 0.092831
1 0.440885 0.571691 0.007812 0.023897
1 0.69401 0.498621 0.015104 0.011949
1 0.534635 0.488511 0.005729 0.02114
1 0.167969 0.479779 0.006771 0.036765
1 0.572917 0.464154 0.011458 0.011029
1 0.575781 0.44807 0.009896 0.015625
1 0.603646 0.444853 0.011458 0.011029
0 0.511719 0.461857 0.023438 0.067096
1 0.466927 0.444393 0.030729 0.065257
0 0.014062 0.399816 0.028125 0.038603
1 0.39974 0.43796 0.039062 0.120404
1 0.384375 0.394761 0.016667 0.039522
1 0.429167 0.294577 0.010417 0.028493
1 0.583073 0.308364 0.017188 0.076287
1 0.034115 0.248621 0.011979 0.015625
0 0.420052 0.256434 0.027604 0.053309
0 0.900521 0.220588 0.017708 0.055147
1 0.161458 0.216452 0.0125 0.048713
1 0.836198 0.185202 0.015104 0.011949
1 0.482292 0.193474 0.01875 0.08364
1 0.314062 0.137868 0.00625 0.022059
1 0.066406 0.121783 0.022396 0.024816
1 0.489323 0.115349 0.008854 0.013787
1 0.198438 0.109835 0.008333 0.015625
1 0.714583 0.078585 0.010417 0.015625
1 0.164583 0.068934 0.00625 0.020221
1 0.757812 0.017463 0.016667 0.014706
