0 0.689323 0.979779 0.017188 0.040441
1 0.593229 0.848805 0.008333 0.015625
1 0.286458 0.823989 0.00625 0.030331
0 0.15625 0.826746 0.013542 0.048713
1 0.632031 0.783548 0.006771 0.019301
1 0.59974 0.691176 0.058854 0.095588
1 0.706771 0.615809 0.007292 0.016544
1 0.215365 0.51057 0.013021 0.011949
1 0.547656 0.493107 0.016146 0.015625
0 0.46849 0.433824 0.013021 0.047794
1 0.422917 0.389706 0.014583 0.009191
1 0.347135 0.363511 0.006771 0.024816
0 0.933594 0.372702 0.022396 0.045037
1 0.901823 0.337316 0.011979 0.018382
1 0.89401 0.289522 0.016146 0.020221
1 0.807812 0.255974 0.009375 0.017463
1 0.810156 0.237132 0.027604 0.034926
0 0.36849 0.160386 0.026562 0.028493
1 0.00625 0.108915 0.007292 0.017463
1 0.5375 0.079044 0.011458 0.012868
0 0.813542 0.066176 0.034375 0.038603
1 0.302083 0.026195 0.005208 0.024816
1 0.29375 0.008732 0.013542 0.017463
1 0.260677 0.022978 0.022396 0.045956
