1 0.089062 0.747243 0.082292 0.130515
1 0.150781 0.91682 0.095312 0.159007
0 0.494271 0.523438 0.023958 0.096507
0 0.826302 0.637408 0.031771 0.061581
0 0.111719 0.35432 0.029688 0.034007
1 0.207812 0.396599 0.019792 0.013787
1 0.214583 0.148897 0.007292 0.020221
1 0.261198 0.269301 0.016146 0.018382
1 0.353646 0.329504 0.011458 0.011949
1 0.557292 0.071691 0.014583 0.018382
1 0.695052 0.171415 0.010938 0.015625
1 0.363542 0.622702 0.023958 0.019301
1 0.348958 0.690257 0.009375 0.023897
1 0.479167 0.53171 0.008333 0.015625
1 0.591927 0.499081 0.007812 0.022059
1 0.655208 0.532629 0.007292 0.02114
1 0.699219 0.555607 0.016146 0.008272
1 0.702865 0.57307 0.006771 0.019301
1 0.718229 0.601562 0.016667 0.026654
1 0.748177 0.624081 0.014062 0.011029
1 0.791146 0.651654 0.014583 0.011029
1 0.771094 0.89568 0.008854 0.015625
1 0.492448 0.834559 0.010938 0.016544
1 0.429427 0.986213 0.016146 0.023897
