1 0.047135 0.505055 0.046354 0.079963
1 0.195573 0.486213 0.035938 0.053309
1 0.08099 0.488511 0.029688 0.070772
1 0.01901 0.492188 0.038021 0.096507
1 0.266927 0.467831 0.041146 0.058824
1 0.320312 0.470129 0.044792 0.065257
1 0.171354 0.470588 0.048958 0.073529
1 0.140365 0.463235 0.024479 0.060662
1 0.113802 0.471967 0.036979 0.079963
1 0.21901 0.465533 0.048438 0.067096
1 0.458073 0.431985 0.021354 0.018382
1 0.436458 0.452665 0.059375 0.068934
1 0.541406 0.444393 0.055729 0.070772
1 0.351562 0.43796 0.048958 0.067096
1 0.404427 0.426011 0.035938 0.048713
1 0.621354 0.420956 0.042708 0.044118
1 0.482552 0.431985 0.034896 0.088235
1 0.732031 0.408548 0.033854 0.056066
1 0.651302 0.409007 0.058854 0.069853
1 0.920573 0.392463 0.017188 0.040441
1 0.697917 0.412684 0.028125 0.091912
1 0.675 0.377757 0.019792 0.023897
1 0.870573 0.388787 0.051562 0.049632
1 0.503646 0.402114 0.021875 0.079963
1 0.763542 0.38511 0.015625 0.055147
1 0.81901 0.390165 0.036979 0.074449
1 0.950521 0.379136 0.034375 0.063419
1 0.977604 0.368107 0.036458 0.043199
1 0.8 0.374081 0.040625 0.084559
