0 0.244792 0.821232 0.0625 0.11489
0 0.356771 0.796415 0.113542 0.201287
0 0.497135 0.757812 0.126562 0.170037
0 0.732292 0.732077 0.102083 0.164522
0 0.897135 0.68796 0.057812 0.102022
0 0.98776 0.710018 0.024479 0.159007
0 0.614583 0.744945 0.1 0.236213
0 0.826562 0.69807 0.09375 0.20864
0 0.629167 0.243566 0.045833 0.095588
0 0.897917 0.231158 0.065625 0.13511
0 0.83099 0.232537 0.079688 0.159926
0 0.272135 0.219669 0.074479 0.141544
0 0.533073 0.233915 0.098438 0.195772
1 0.732812 0.090993 0.014583 0.012868
1 0.755729 0.076746 0.0125 0.013787
0 0.346354 0.014706 0.014583 0.029412
