1 0.529688 0.993566 0.013542 0.012868
1 0.801562 0.990809 0.016667 0.018382
1 0.408073 0.988971 0.031771 0.022059
1 0.717708 0.982077 0.010417 0.02114
1 0.729688 0.980699 0.020833 0.029412
1 0.622396 0.955882 0.019792 0.038603
1 0.900781 0.955882 0.014062 0.055147
1 0.364062 0.940717 0.01875 0.026654
1 0.857552 0.946232 0.017188 0.070772
1 0.602604 0.925092 0.009375 0.030331
1 0.990104 0.932445 0.019792 0.050551
1 0.632812 0.903952 0.0125 0.01011
1 0.947396 0.894301 0.010417 0.014706
1 0.85026 0.892463 0.007812 0.022059
1 0.704427 0.90625 0.023438 0.049632
1 0.447656 0.892923 0.014062 0.030331
1 0.742448 0.877298 0.009896 0.019301
1 0.766667 0.889706 0.021875 0.066176
1 0.98125 0.872243 0.013542 0.038603
1 0.690104 0.861673 0.015625 0.028493
1 0.293229 0.842831 0.033333 0.016544
1 0.715104 0.860754 0.0125 0.056066
1 0.554167 0.832261 0.015625 0.030331
1 0.800781 0.837316 0.015104 0.042279
1 0.726823 0.823529 0.017188 0.023897
1 0.041927 0.823529 0.009896 0.025735
1 0.249219 0.820772 0.017188 0.023897
1 0.322656 0.815717 0.022396 0.026654
1 0.954948 0.805147 0.015104 0.020221
1 0.753385 0.808364 0.022396 0.032169
1 0.621615 0.798254 0.013021 0.013787
1 0.295573 0.799632 0.028646 0.051471
1 0.635156 0.796415 0.016146 0.054228
1 0.824479 0.765165 0.011458 0.022978
1 0.666146 0.769761 0.01875 0.035846
1 0.008073 0.762868 0.013021 0.025735
1 0.618229 0.758272 0.015625 0.020221
1 0.68099 0.761489 0.014062 0.043199
1 0.570833 0.748162 0.023958 0.025735
1 0.50599 0.756893 0.030729 0.078125
1 0.523958 0.727022 0.017708 0.036765
1 0.242969 0.721048 0.020312 0.028493
1 0.467448 0.716452 0.025521 0.032169
1 0.917188 0.710478 0.019792 0.022059
1 0.798438 0.70864 0.008333 0.022059
1 0.484115 0.704044 0.009896 0.014706
1 0.194792 0.714614 0.015625 0.039522
1 0.59375 0.72886 0.027083 0.069853
1 0.963281 0.742647 0.043229 0.097426
1 0.658073 0.698529 0.016146 0.033088
1 0.866146 0.694393 0.0125 0.034007
1 0.613281 0.707261 0.005729 0.070772
1 0.539583 0.688419 0.026042 0.042279
1 0.377344 0.680147 0.021354 0.034926
1 0.278906 0.689338 0.042188 0.056985
1 0.777344 0.676471 0.019271 0.038603
1 0.269271 0.665441 0.0125 0.020221
1 0.635938 0.665901 0.019792 0.046875
1 0.873438 0.649357 0.027083 0.037684
1 0.352083 0.626838 0.007292 0.016544
1 0.019792 0.631434 0.015625 0.03125
1 0.502604 0.632353 0.026042 0.044118
1 0.866927 0.619945 0.013021 0.024816
1 0.807812 0.619485 0.059375 0.029412
1 0.602604 0.615809 0.076042 0.047794
1 0.663021 0.620864 0.014583 0.059743
1 0.607552 0.588235 0.007812 0.022059
1 0.28125 0.591452 0.028125 0.057904
1 0.095833 0.572151 0.019792 0.032169
1 0.029427 0.56296 0.016146 0.019301
1 0.750781 0.569393 0.032812 0.056066
1 0.636979 0.55239 0.021875 0.022059
1 0.155208 0.560202 0.025 0.037684
1 0.376302 0.546415 0.015104 0.024816
1 0.798438 0.549173 0.014583 0.035846
1 0.782812 0.537224 0.010417 0.019301
1 0.003646 0.53125 0.007292 0.023897
1 0.46224 0.522518 0.029688 0.02114
1 0.761979 0.53171 0.032292 0.048713
1 0.390625 0.520221 0.011458 0.033088
1 0.102604 0.516085 0.019792 0.026654
1 0.48125 0.513327 0.01875 0.030331
1 0.056771 0.505515 0.016667 0.018382
1 0.353906 0.527114 0.025521 0.067096
1 0.135417 0.504596 0.014583 0.03125
1 0.284375 0.507353 0.017708 0.047794
1 0.214323 0.493566 0.028646 0.029412
1 0.876562 0.474265 0.021875 0.027574
1 0.351562 0.46921 0.011458 0.030331
1 0.058333 0.467371 0.00625 0.037684
1 0.524479 0.466452 0.019792 0.04136
1 0.590625 0.454044 0.01875 0.016544
1 0.51224 0.443474 0.013021 0.02114
1 0.502344 0.441176 0.006771 0.023897
1 0.240885 0.436581 0.022396 0.033088
1 0.673438 0.439338 0.004167 0.040441
1 0.139583 0.428309 0.026042 0.029412
1 0.50625 0.420496 0.016667 0.030331
1 0.074479 0.414522 0.021875 0.029412
1 0.54974 0.425551 0.026562 0.0625
1 0.122656 0.403952 0.009896 0.022978
1 0.114844 0.426011 0.009896 0.067096
1 0.61875 0.40579 0.0125 0.04136
1 0.109635 0.392463 0.008854 0.016544
1 0.526823 0.39568 0.021354 0.037684
1 0.139323 0.38557 0.011979 0.017463
1 0.732812 0.386949 0.0125 0.023897
1 0.097656 0.384191 0.009896 0.023897
1 0.271354 0.369026 0.0125 0.015625
1 0.792708 0.370404 0.013542 0.023897
1 0.81224 0.351103 0.011979 0.020221
1 0.015104 0.350184 0.015625 0.022059
1 0.0625 0.33318 0.014583 0.017463
1 0.801302 0.322151 0.004688 0.026654
1 0.228646 0.328125 0.022917 0.040441
1 0.182552 0.316636 0.020312 0.026654
1 0.760417 0.315257 0.01875 0.034926
1 0.527604 0.34375 0.023958 0.097426
1 0.389583 0.30239 0.017708 0.027574
1 0.932292 0.308824 0.022917 0.045956
1 0.064844 0.283088 0.041146 0.049632
1 0.482292 0.26057 0.007292 0.017463
1 0.556771 0.264246 0.019792 0.028493
1 0.934896 0.263787 0.014583 0.029412
1 0.428646 0.252298 0.0125 0.026654
1 0.041406 0.248162 0.010938 0.029412
1 0.157812 0.242647 0.019792 0.023897
1 0.089583 0.244026 0.010417 0.030331
1 0.8125 0.223805 0.020833 0.022978
1 0.384635 0.216452 0.016146 0.019301
1 0.132552 0.25046 0.017188 0.090993
1 0.063021 0.21829 0.016667 0.030331
1 0.145052 0.207721 0.009896 0.027574
1 0.596354 0.199449 0.015625 0.020221
1 0.13099 0.199449 0.009896 0.020221
1 0.33724 0.217371 0.004688 0.057904
1 0.083333 0.190257 0.008333 0.014706
1 0.58099 0.189798 0.007812 0.032169
1 0.216406 0.193015 0.022396 0.040441
1 0.280729 0.182904 0.017708 0.025735
1 0.228125 0.179688 0.007292 0.022978
1 0.58776 0.241268 0.034896 0.149816
1 0.547917 0.182445 0.017708 0.034007
1 0.672135 0.175551 0.009896 0.023897
1 0.291927 0.175551 0.014062 0.03125
1 0.528385 0.158548 0.010938 0.028493
1 0.765885 0.154871 0.014062 0.022978
1 0.072135 0.158548 0.008854 0.034007
1 0.888021 0.149357 0.007292 0.017463
1 0.672396 0.151654 0.015625 0.023897
1 0.367448 0.153493 0.009896 0.029412
1 0.464323 0.148897 0.016146 0.022059
1 0.166146 0.14568 0.0125 0.019301
1 0.554948 0.142004 0.019271 0.035846
1 0.248698 0.136949 0.016146 0.034926
1 0.842188 0.122243 0.011458 0.018382
1 0.222917 0.113511 0.035417 0.037684
1 0.5 0.108456 0.019792 0.034926
1 0.314583 0.103401 0.0125 0.026654
1 0.159375 0.10386 0.011458 0.033088
1 0.086719 0.084099 0.011979 0.02114
1 0.798698 0.067096 0.007812 0.018382
1 0.306771 0.065257 0.013542 0.023897
1 0.763021 0.057445 0.011458 0.015625
1 0.597656 0.055147 0.016146 0.025735
1 0.5 0.064798 0.034375 0.054228
1 0.326042 0.044577 0.01875 0.022978
1 0.028646 0.046875 0.035417 0.029412
1 0.822917 0.027114 0.010417 0.013787
1 0.442969 0.042739 0.039062 0.078125
1 0.12474 0.018842 0.018229 0.034007
1 0.729688 0.012408 0.011458 0.024816
