1 0.895833 0.513327 0.0625 0.184743
1 0.24375 0.16636 0.0375 0.058824
1 0.203125 0.130055 0.020833 0.043199
1 0.009896 0.360294 0.019792 0.069853
1 0.251042 0.761949 0.019792 0.03125
1 0.204427 0.262868 0.022396 0.03125
1 0.222135 0.299632 0.009896 0.042279
1 0.302604 0.709559 0.152083 0.255515
1 0.194531 0.976103 0.020312 0.047794
1 0.536719 0.498162 0.082812 0.183824
1 0.59401 0.461397 0.079688 0.209559
1 0.71901 0.707261 0.025521 0.063419
1 0.836719 0.758272 0.016146 0.147059
1 0.913542 0.976103 0.055208 0.047794
1 0.819792 0.304688 0.009375 0.05239
1 0.969271 0.766085 0.060417 0.063419
1 0.736198 0.930147 0.117188 0.139706
1 0.66901 0.745404 0.123438 0.196691
1 0.323438 0.448989 0.058333 0.079963
1 0.96276 0.175092 0.066146 0.14614
1 0.633333 0.660846 0.111458 0.165441
1 0.253646 0.626838 0.132292 0.101103
