1 0.679948 0.490809 0.028646 0.023897
1 0.219792 0.037684 0.028125 0.049632
1 0.023177 0.534926 0.013021 0.011029
1 0.204167 0.454963 0.008333 0.060662
1 0.258073 0.536765 0.027604 0.012868
1 0.290625 0.425551 0.017708 0.047794
1 0.277083 0.346507 0.013542 0.020221
1 0.18099 0.022518 0.013021 0.013787
0 0.201302 0.005055 0.017188 0.01011
1 0.281771 0.020221 0.01875 0.027574
1 0.364844 0.144761 0.010938 0.02114
1 0.409115 0.446232 0.004688 0.032169
1 0.421354 0.507353 0.017708 0.036765
1 0.448438 0.536765 0.01875 0.007353
1 0.414844 0.457261 0.007812 0.02114
1 0.454167 0.471048 0.021875 0.015625
1 0.451302 0.43704 0.008854 0.028493
1 0.471615 0.465993 0.008854 0.029412
1 0.510417 0.46829 0.009375 0.013787
1 0.61875 0.470129 0.023958 0.006434
1 0.571615 0.398897 0.011979 0.018382
1 0.572917 0.154412 0.011458 0.020221
1 0.564062 0.089154 0.007292 0.025735
1 0.655469 0.271599 0.010938 0.024816
1 0.689844 0.587316 0.014062 0.022059
1 0.717448 0.535386 0.007812 0.019301
1 0.867188 0.432445 0.015625 0.034007
1 0.728906 0.168658 0.011979 0.026654
1 0.855729 0.033548 0.007292 0.024816
1 0.852083 0.090074 0.009375 0.016544
1 0.896615 0.120404 0.007812 0.018382
0 0.99349 0.028952 0.013021 0.057904
1 0.990885 0.733915 0.015104 0.01011
1 0.926042 0.985754 0.026042 0.019301
1 0.870052 0.96829 0.015104 0.011949
1 0.864062 0.850643 0.03125 0.022978
1 0.792708 0.903493 0.009375 0.012868
1 0.786458 0.904871 0.021875 0.034007
1 0.772135 0.933824 0.022396 0.011029
1 0.664062 0.749081 0.010417 0.022059
1 0.590625 0.830882 0.005208 0.036765
1 0.56901 0.816636 0.008854 0.015625
1 0.509635 0.669118 0.020312 0.016544
1 0.396875 0.763787 0.013542 0.020221
1 0.357812 0.778493 0.010417 0.027574
0 0.346875 0.982077 0.038542 0.035846
0 0.477344 0.535386 0.029688 0.111213
0 0.231771 0.258272 0.084375 0.045956
0 0.8125 0.507353 0.026042 0.049632
0 0.197917 0.578585 0.029167 0.056066
0 0.288542 0.704044 0.029167 0.125
