0 0.989844 0.995864 0.020312 0.008272
0 0.696615 0.978401 0.034896 0.043199
0 0.778906 0.964154 0.061979 0.071691
0 0.914583 0.943934 0.1375 0.112132
0 0.011458 0.938419 0.022917 0.123162
0 0.034635 0.512868 0.069271 0.198529
0 0.139062 0.523438 0.234375 0.355699
0 0.35 0.497243 0.155208 0.329044
0 0.511979 0.440717 0.109375 0.256434
0 0.690365 0.426011 0.114062 0.241728
0 0.953125 0.359375 0.09375 0.277574
0 0.494271 0.014706 0.01875 0.029412
0 0.347917 0.034926 0.03125 0.069853
0 0.161198 0.022978 0.027604 0.045956
