1 0.165104 0.408548 0.096875 0.102022
1 0.44401 0.123621 0.054688 0.070772
1 0.427083 0.299173 0.032292 0.057904
1 0.264323 0.462776 0.022396 0.04136
1 0.185417 0.496324 0.010417 0.040441
1 0.030208 0.286765 0.060417 0.064338
1 0.120052 0.600184 0.033854 0.012868
1 0.013802 0.629136 0.018229 0.024816
1 0.198177 0.633272 0.023438 0.066176
1 0.19401 0.755055 0.061979 0.032169
1 0.138281 0.832721 0.034896 0.086397
1 0.033854 0.875 0.03125 0.049632
1 0.09375 0.965533 0.040625 0.037684
1 0.220312 0.894301 0.021875 0.056985
1 0.283073 0.82307 0.014062 0.032169
1 0.354167 0.951287 0.041667 0.036765
1 0.400521 0.602941 0.035417 0.075368
1 0.501042 0.204044 0.0125 0.042279
1 0.54401 0.085018 0.034896 0.067096
0 0.595573 0.150276 0.014062 0.057904
1 0.63724 0.210018 0.036979 0.076287
1 0.588021 0.36443 0.025 0.017463
1 0.578906 0.482996 0.010938 0.07261
1 0.701562 0.658548 0.052083 0.120404
1 0.74375 0.184743 0.022917 0.027574
1 0.683594 0.747243 0.036979 0.053309
1 0.507031 0.857077 0.025521 0.056066
0 0.391927 0.849265 0.141146 0.091912
0 0.479427 0.534007 0.241146 0.180147
1 0.058073 0.20864 0.007812 0.023897
1 0.059375 0.393382 0.051042 0.071691
1 0.077344 0.367647 0.056771 0.029412
1 0.065625 0.478401 0.058333 0.019301
1 0.05599 0.498621 0.020312 0.026654
1 0.038542 0.464154 0.017708 0.025735
1 0.177344 0.23943 0.023438 0.028493
1 0.354688 0.136949 0.058333 0.095588
1 0.374479 0.009191 0.014583 0.018382
1 0.511198 0.078585 0.052604 0.08364
1 0.479427 0.075368 0.019271 0.018382
1 0.890625 0.026195 0.013542 0.035846
1 0.509635 0.33364 0.033854 0.025735
1 0.510156 0.295956 0.016146 0.056985
1 0.984375 0.605239 0.014583 0.063419
1 0.954427 0.832721 0.060938 0.045956
1 0.827344 0.859375 0.005729 0.03125
1 0.818229 0.89568 0.019792 0.045037
1 0.798958 0.816636 0.022917 0.08364
1 0.652604 0.89568 0.010417 0.024816
1 0.557292 0.76057 0.025 0.10386
1 0.39974 0.711397 0.022396 0.03125
1 0.438281 0.81204 0.008854 0.024816
1 0.365365 0.790441 0.024479 0.055147
1 0.341146 0.807445 0.022917 0.067096
1 0.326302 0.68704 0.024479 0.015625
1 0.284635 0.459559 0.017188 0.022059
1 0.283594 0.730699 0.031771 0.077206
1 0.275781 0.699449 0.015104 0.042279
1 0.26875 0.709099 0.021875 0.043199
1 0.135156 0.65579 0.021354 0.017463
1 0.134896 0.704504 0.030208 0.034007
1 0.114062 0.724265 0.028125 0.025735
1 0.19401 0.72932 0.031771 0.030331
1 0.164844 0.785846 0.025521 0.049632
1 0.163542 0.810202 0.008333 0.04136
1 0.05026 0.897059 0.013021 0.011029
