1 0.55599 0.491268 0.018229 0.045037
1 0.99401 0.480239 0.011979 0.05239
1 0.935417 0.481618 0.041667 0.071691
1 0.63099 0.492188 0.045312 0.102022
1 0.908333 0.448989 0.021875 0.034007
1 0.764323 0.460938 0.045312 0.07261
1 0.011198 0.44761 0.022396 0.051471
1 0.882031 0.481618 0.033854 0.121324
1 0.703906 0.474724 0.040104 0.107537
1 0.992708 0.4375 0.014583 0.034926
1 0.657292 0.456342 0.034375 0.076287
1 0.523958 0.434283 0.026042 0.048713
1 0.678646 0.460938 0.032292 0.105699
1 0.397396 0.449908 0.035417 0.087316
1 0.061719 0.444853 0.066146 0.082721
1 0.026302 0.430147 0.031771 0.071691
1 0.210938 0.434283 0.039583 0.085478
1 0.503385 0.429228 0.028646 0.084559
1 0.473698 0.438419 0.044271 0.113971
1 0.229948 0.418658 0.050521 0.076287
1 0.628906 0.418658 0.052604 0.089154
1 0.401042 0.397059 0.044792 0.047794
1 0.252865 0.38557 0.021354 0.035846
1 0.197135 0.39614 0.047396 0.066176
1 0.361198 0.401195 0.027604 0.090993
1 0.326562 0.384191 0.029167 0.088235
1 0.352083 0.380974 0.042708 0.087316
