1 0.110156 0.144761 0.009896 0.013787
1 0.25651 0.603401 0.017188 0.013787
1 0.094531 0.711397 0.010938 0.020221
1 0.11849 0.810202 0.017188 0.013787
1 0.201302 0.841452 0.018229 0.01011
1 0.231771 0.940717 0.011458 0.017463
1 0.358854 0.966912 0.017708 0.011029
1 0.36875 0.72886 0.009375 0.020221
1 0.532552 0.382353 0.008854 0.025735
1 0.521094 0.22932 0.013021 0.01011
1 0.738542 0.244026 0.015625 0.011949
1 0.683073 0.481158 0.007812 0.019301
1 0.72526 0.325368 0.010938 0.016544
1 0.773958 0.323989 0.011458 0.017463
1 0.800781 0.378217 0.014062 0.024816
1 0.901302 0.351103 0.011979 0.018382
1 0.928125 0.352941 0.010417 0.012868
1 0.801302 0.431526 0.014062 0.017463
1 0.864323 0.448989 0.014062 0.01011
1 0.866667 0.476562 0.007292 0.017463
1 0.901562 0.443015 0.014583 0.011029
1 0.947917 0.449908 0.010417 0.017463
1 0.989062 0.515165 0.008333 0.017463
1 0.816667 0.598346 0.008333 0.020221
1 0.917188 0.588695 0.011458 0.015625
1 0.944531 0.71829 0.008854 0.024816
1 0.940625 0.777114 0.008333 0.015625
1 0.859896 0.901195 0.0125 0.011949
1 0.494531 0.836857 0.014062 0.01011
0 0.615625 0.258732 0.059375 0.276654
0 0.619792 0.674173 0.228125 0.199449
