1 0.61849 0.848346 0.035938 0.040441
1 0.682552 0.837316 0.043229 0.0625
1 0.398438 0.829504 0.036458 0.089154
1 0.2625 0.830423 0.040625 0.092831
1 0.434375 0.797335 0.019792 0.037684
1 0.66849 0.800551 0.036979 0.045956
1 0.193229 0.819393 0.058333 0.08364
1 0.470052 0.793658 0.034896 0.04136
1 0.739323 0.804228 0.069271 0.066176
1 0.238281 0.815717 0.036979 0.094669
1 0.56849 0.793658 0.027604 0.050551
1 0.859896 0.800551 0.044792 0.069853
1 0.121354 0.80239 0.036458 0.075368
1 0.903906 0.795496 0.047396 0.063419
1 0.356771 0.802849 0.035417 0.081801
1 0.617969 0.792279 0.035938 0.071691
1 0.470312 0.761489 0.011458 0.02114
1 0.574219 0.76057 0.021354 0.034007
1 0.29401 0.777114 0.044271 0.092831
1 0.420573 0.552849 0.011979 0.01011
1 0.470833 0.26057 0.040625 0.08364
1 0.417708 0.25046 0.032292 0.07261
1 0.377344 0.226103 0.013021 0.027574
1 0.653125 0.237592 0.015625 0.054228
1 0.16224 0.233915 0.039062 0.050551
1 0.723177 0.228401 0.049479 0.061581
1 0.204167 0.227022 0.032292 0.064338
1 0.792708 0.225643 0.040625 0.078125
1 0.971615 0.206342 0.034896 0.054228
1 0.281771 0.21921 0.04375 0.079963
1 0.520052 0.213235 0.020312 0.075368
1 0.315104 0.217831 0.034375 0.084559
1 0.03151 0.209099 0.023438 0.07261
1 0.491927 0.207261 0.034896 0.070772
1 0.555208 0.212316 0.033333 0.082721
1 0.709375 0.196232 0.036458 0.05239
1 0.600521 0.200368 0.026042 0.0625
1 0.580729 0.192096 0.027083 0.047794
1 0.440365 0.203125 0.038021 0.071691
1 0.068229 0.203585 0.04375 0.120404
1 0.907292 0.17739 0.033333 0.068015
