1 0.570052 0.78079 0.010938 0.011949
1 0.005208 0.69807 0.010417 0.026654
0 0.928906 0.649357 0.029688 0.074449
1 0.734635 0.60386 0.017188 0.036765
0 0.710677 0.573989 0.019271 0.046875
1 0.81224 0.461397 0.006771 0.025735
1 0.28776 0.440257 0.010938 0.012868
0 0.507812 0.456801 0.019792 0.055147
0 0.31276 0.387868 0.022396 0.045956
1 0.384375 0.294118 0.011458 0.022059
0 0.133073 0.283088 0.020312 0.049632
1 0.208594 0.214154 0.009896 0.034926
1 0.741667 0.173713 0.016667 0.018382
0 0.995312 0.116268 0.009375 0.030331
0 0.794271 0.043199 0.01875 0.033088
1 0.214323 0.034467 0.014062 0.019301
1 0.973958 0.020221 0.014583 0.029412
