1 0.960156 0.982996 0.077604 0.034007
1 0.250521 0.632353 0.032292 0.069853
1 0.080469 0.618107 0.039062 0.081801
1 0.11849 0.629136 0.039062 0.11489
1 0.030729 0.617647 0.061458 0.139706
1 0.403646 0.580423 0.032292 0.109375
1 0.366146 0.546875 0.032292 0.064338
1 0.484115 0.56204 0.041146 0.102022
1 0.215885 0.565717 0.040104 0.109375
1 0.284115 0.546415 0.086979 0.124081
1 0.609115 0.490809 0.020312 0.038603
1 0.463802 0.511949 0.035938 0.082721
1 0.43125 0.528952 0.0625 0.14614
1 0.663281 0.508272 0.040104 0.106618
1 0.872396 0.449908 0.025 0.045037
1 0.686458 0.467371 0.057292 0.10386
1 0.76276 0.462316 0.041146 0.101103
1 0.721615 0.466452 0.030729 0.131434
1 0.799479 0.450827 0.045833 0.100184
1 0.840104 0.428768 0.034375 0.057904
1 0.883594 0.41636 0.064062 0.106618
1 0.986458 0.397518 0.027083 0.090993
