1 0.239844 0.142004 0.207812 0.284007
1 0.129688 0.13557 0.171875 0.27114
0 0.222656 0.263327 0.059896 0.094669
1 0.116667 0.316176 0.035417 0.060662
0 0.214062 0.360754 0.047917 0.07261
1 0.240365 0.410846 0.060938 0.079044
1 0.170833 0.455882 0.133333 0.128676
0 0.18724 0.539062 0.083854 0.125919
1 0.24401 0.693474 0.191146 0.379596
1 0.060417 0.755055 0.120833 0.335478
0 0.416667 0.665901 0.097917 0.149816
0 0.375521 0.334559 0.054167 0.091912
0 0.630469 0.746783 0.107812 0.188419
0 0.55651 0.806066 0.054688 0.112132
0 0.630469 0.050092 0.102604 0.100184
1 0.918229 0.274357 0.066667 0.122243
1 0.850521 0.090993 0.042708 0.045956
1 0.682552 0.504596 0.099479 0.200368
1 0.010677 0.431066 0.021354 0.080882
1 0.013542 0.546875 0.027083 0.034926
0 0.017969 0.936121 0.035938 0.107537
1 0.126823 0.967371 0.154688 0.065257
1 0.391667 0.853401 0.029167 0.024816
1 0.201042 0.83364 0.060417 0.174632
1 0.219531 0.638787 0.019271 0.049632
1 0.936979 0.02114 0.054167 0.042279
1 0.995052 0.480239 0.009896 0.098346
1 0.913542 0.518382 0.075 0.106618
1 0.953646 0.649816 0.092708 0.207721
1 0.973958 0.590533 0.0125 0.019301
1 0.995573 0.610294 0.008854 0.016544
1 0.904688 0.721048 0.058333 0.127757
0 0.601823 0.503217 0.057812 0.079963
1 0.842188 0.379596 0.032292 0.064338
1 0.785156 0.394301 0.021354 0.029412
1 0.765885 0.184283 0.023438 0.019301
0 0.422135 0.953585 0.047396 0.092831
0 0.613802 0.592371 0.114062 0.159007
1 0.484115 0.160846 0.251563 0.321691
1 0.60026 0.287684 0.144271 0.277574
1 0.772135 0.254136 0.089062 0.142463
1 0.835417 0.293199 0.092708 0.181985
0 0.639583 0.272518 0.040625 0.056066
1 0.40026 0.372702 0.008854 0.026654
