1 0.145312 0.899357 0.0125 0.030331
1 0.821875 0.895221 0.023958 0.055147
1 0.419531 0.869026 0.010938 0.011949
1 0.363281 0.871324 0.031771 0.040441
1 0.866146 0.798713 0.025 0.060662
1 0.151042 0.714154 0.017708 0.047794
1 0.895052 0.651195 0.009896 0.035846
1 0.285417 0.576746 0.008333 0.015625
1 0.514062 0.554228 0.013542 0.040441
1 0.783333 0.498162 0.008333 0.016544
1 0.569792 0.539982 0.084375 0.140625
1 0.966146 0.472886 0.067708 0.140625
1 0.759115 0.409926 0.025521 0.047794
1 0.896875 0.451287 0.096875 0.165441
1 0.407292 0.446232 0.127083 0.215993
1 0.913281 0.316176 0.014062 0.053309
1 0.651562 0.235754 0.010417 0.019301
1 0.761198 0.261949 0.081771 0.088235
1 0.686198 0.232996 0.043229 0.087316
1 0.047917 0.178768 0.010417 0.017463
1 0.441146 0.134651 0.03125 0.050551
