0 0.036719 0.451746 0.026562 0.028493
0 0.008073 0.790441 0.016146 0.058824
1 0.164062 0.612592 0.078125 0.017463
1 0.196875 0.661305 0.014583 0.034007
1 0.408854 0.392463 0.046875 0.150735
1 0.275781 0.070772 0.020312 0.011029
1 0.271615 0.045496 0.015104 0.015625
1 0.645052 0.425551 0.028646 0.049632
0 0.60625 0.619945 0.029167 0.032169
1 0.716927 0.690717 0.035938 0.037684
1 0.73151 0.227022 0.089062 0.119485
0 0.435156 0.649816 0.063021 0.170956
0 0.23125 0.713235 0.090625 0.064338
0 0.828646 0.560202 0.082292 0.094669
0 0.707812 0.617647 0.089583 0.066176
1 0.834896 0.161305 0.05 0.05239
1 0.11224 0.139706 0.020312 0.009191
1 0.91849 0.299632 0.028646 0.016544
