0 0.553646 0.457721 0.0875 0.161765
0 0.910938 0.91636 0.04375 0.080882
0 0.54974 0.61443 0.030729 0.045037
0 0.434635 0.619026 0.009896 0.032169
0 0.386719 0.867647 0.023438 0.056985
0 0.140104 0.278952 0.101042 0.037684
0 0.003646 0.15625 0.007292 0.0625
1 0.004688 0.272059 0.009375 0.014706
1 0.071875 0.453125 0.01875 0.022059
1 0.102344 0.56296 0.016146 0.034007
1 0.227604 0.54136 0.013542 0.03125
1 0.198177 0.255515 0.013021 0.033088
1 0.22526 0.25046 0.008854 0.028493
1 0.260156 0.28079 0.016146 0.019301
1 0.280729 0.394301 0.009375 0.016544
1 0.434896 0.326287 0.008333 0.025735
1 0.484375 0.524357 0.008333 0.028493
1 0.726562 0.682904 0.013542 0.022059
1 0.93724 0.088235 0.016146 0.033088
0 0.801562 0.598805 0.058333 0.079963
1 0.896094 0.474265 0.017188 0.016544
1 0.941927 0.577665 0.010938 0.022978
1 0.742969 0.717371 0.019271 0.022978
1 0.773958 0.653952 0.022917 0.02114
1 0.789583 0.744026 0.020833 0.024816
1 0.772917 0.753676 0.010417 0.023897
0 0.853906 0.61443 0.093229 0.067096
0 0.96224 0.651654 0.074479 0.044118
0 0.438281 0.418199 0.068229 0.136029
1 0.413542 0.948529 0.011458 0.022059
1 0.685677 0.965074 0.016146 0.029412
1 0.774479 0.983456 0.020833 0.014706
