0 0.278906 0.793658 0.067188 0.13511
0 0.994792 0.727482 0.010417 0.022978
0 0.03099 0.815257 0.061979 0.251838
0 0.399479 0.771599 0.110417 0.168199
0 0.745052 0.778033 0.111979 0.192096
0 0.534115 0.780331 0.127604 0.200368
0 0.086198 0.801011 0.138021 0.250919
0 0.910417 0.761029 0.122917 0.216912
0 0.035677 0.211857 0.071354 0.17739
0 0.263021 0.198529 0.098958 0.220588
0 0.165365 0.197151 0.139062 0.232537
0 0.427344 0.154871 0.163021 0.23989
0 0.765625 0.139706 0.126042 0.213235
0 0.891667 0.121783 0.117708 0.179228
0 0.602083 0.141085 0.125 0.22886
0 0.982031 0.107537 0.035938 0.165441
