0 0.486719 0.31296 0.188021 0.339154
0 0.657292 0.568474 0.225 0.554228
1 0.196615 0.176471 0.025521 0.036765
1 0.269792 0.300092 0.057292 0.131434
1 0.271094 0.040901 0.027604 0.030331
1 0.383333 0.367647 0.027083 0.034926
1 0.415104 0.037224 0.020833 0.043199
1 0.482812 0.046875 0.023958 0.038603
1 0.527865 0.179228 0.028646 0.066176
1 0.554427 0.31204 0.023438 0.048713
1 0.634115 0.172794 0.044271 0.040441
1 0.769792 0.015165 0.039583 0.030331
1 0.909375 0.068934 0.008333 0.049632
1 0.734635 0.277574 0.025521 0.055147
1 0.792188 0.341912 0.0375 0.040441
1 0.8 0.46875 0.015625 0.042279
1 0.742448 0.455882 0.023438 0.020221
1 0.507031 0.688419 0.021354 0.086397
1 0.538542 0.748621 0.027083 0.050551
1 0.62526 0.913603 0.009896 0.049632
1 0.988542 0.869945 0.016667 0.074449
1 0.973958 0.859835 0.011458 0.043199
1 0.955469 0.69761 0.014062 0.051471
1 0.930469 0.592371 0.009896 0.067096
