1 0.254688 0.702206 0.019792 0.03125
1 0.322917 0.745404 0.040625 0.071691
1 0.31849 0.505055 0.036979 0.056066
1 0.27526 0.338695 0.074479 0.173713
1 0.217708 0.319393 0.026042 0.032169
1 0.356771 0.389706 0.019792 0.056985
1 0.505729 0.342371 0.1375 0.261949
1 0.51276 0.462316 0.053646 0.060662
1 0.555469 0.439338 0.077604 0.106618
1 0.736979 0.508272 0.041667 0.047794
1 0.79974 0.517004 0.018229 0.032169
1 0.801823 0.299173 0.049479 0.170037
1 0.04349 0.334099 0.085938 0.159007
1 0.179427 0.256434 0.008854 0.016544
1 0.714323 0.234835 0.029688 0.034007
1 0.542969 0.773897 0.032812 0.038603
1 0.315104 0.438879 0.09375 0.116728
1 0.322135 0.15625 0.129688 0.211397
1 0.008594 0.295037 0.017188 0.038603
1 0.015885 0.122702 0.031771 0.013787
1 0.033073 0.46921 0.033854 0.109375
1 0.008854 0.48989 0.017708 0.012868
1 0.140104 0.391544 0.1375 0.209559
1 0.211198 0.465533 0.009896 0.026654
1 0.236458 0.257812 0.015625 0.02114
1 0.082292 0.526195 0.164583 0.238051
1 0.124479 0.723805 0.084375 0.245404
1 0.101562 0.697151 0.0625 0.089154
1 0.055469 0.752298 0.110938 0.22886
1 0.155469 0.859835 0.068229 0.234375
1 0.055208 0.898897 0.091667 0.158088
1 0.005208 0.932445 0.010417 0.043199
1 0.016406 0.964154 0.032812 0.071691
1 0.110417 0.973346 0.055208 0.053309
1 0.196094 0.921875 0.029688 0.058824
1 0.528125 0.902574 0.127083 0.194853
