1 0.165365 0.598805 0.055729 0.140625
1 0.136979 0.197151 0.025 0.059743
1 0.042448 0.664062 0.036979 0.054228
1 0.49401 0.759191 0.023438 0.036765
1 0.686458 0.619945 0.05 0.142463
1 0.749219 0.42739 0.039062 0.080882
1 0.78776 0.532169 0.060938 0.091912
1 0.904167 0.383732 0.025 0.085478
1 0.18125 0.551011 0.027083 0.07261
1 0.250781 0.358915 0.073438 0.102022
1 0.245052 0.863511 0.024479 0.04136
1 0.986979 0.261029 0.011458 0.012868
1 0.986458 0.504596 0.027083 0.047794
1 0.97474 0.611213 0.050521 0.134191
1 0.227604 0.533548 0.077083 0.136949
0 0.658854 0.340533 0.184375 0.11489
0 0.152865 0.777574 0.151562 0.068015
0 0.963542 0.069393 0.054167 0.138787
1 0.808333 0.045956 0.016667 0.034926
