1 0.367448 0.435202 0.048438 0.081801
1 0.394531 0.602941 0.090104 0.147059
1 0.447656 0.621783 0.054688 0.173713
1 0.507031 0.28125 0.016146 0.073529
1 0.546875 0.25 0.141667 0.167279
1 0.160677 0.619485 0.107812 0.209559
0 0.610938 0.466452 0.077083 0.125919
0 0.789062 0.484375 0.063542 0.060662
0 0.446094 0.474265 0.058854 0.055147
1 0.386979 0.501379 0.034375 0.054228
1 0.290104 0.545956 0.025 0.0625
1 0.244531 0.590074 0.024479 0.025735
0 0.939062 0.484835 0.029167 0.113051
1 0.076302 0.939798 0.061979 0.105699
1 0.916927 0.987132 0.008854 0.025735
