1 0.129167 0.986673 0.017708 0.026654
1 0.539844 0.955423 0.015104 0.011949
0 0.660156 0.973346 0.019271 0.053309
0 0.166146 0.961397 0.025 0.033088
1 0.597396 0.930147 0.009375 0.014706
1 0.78724 0.810202 0.006771 0.022978
0 0.072396 0.678768 0.039583 0.07261
0 0.9375 0.644301 0.041667 0.075368
0 0.46849 0.485754 0.031771 0.065257
1 0.299219 0.444393 0.011979 0.013787
0 0.364062 0.255055 0.026042 0.048713
1 0.633854 0.203585 0.009375 0.024816
1 0.654948 0.186581 0.014062 0.033088
1 0.689062 0.106618 0.016667 0.027574
1 0.667448 0.076746 0.015104 0.02114
1 0.501562 0.068934 0.0125 0.022059
1 0.320312 0.044118 0.025 0.038603
