0 0.013281 0.03125 0.026562 0.0625
0 0.11276 0.493107 0.046354 0.068934
0 0.653385 0.404412 0.036979 0.079044
0 0.782812 0.909467 0.04375 0.028493
0 0.528125 0.514706 0.116667 0.075368
1 0.344792 0.567555 0.008333 0.028493
1 0.427344 0.727482 0.011979 0.015625
1 0.565365 0.430147 0.004688 0.033088
0 0.659896 0.511949 0.014583 0.022059
1 0.810417 0.286305 0.00625 0.026654
1 0.817448 0.410846 0.020312 0.014706
1 0.759375 0.535386 0.0125 0.035846
1 0.824479 0.5625 0.00625 0.022059
1 0.866406 0.514706 0.011979 0.029412
1 0.989583 0.574449 0.015625 0.009191
1 0.98099 0.891085 0.019271 0.008272
1 0.879167 0.863971 0.01875 0.016544
1 0.857812 0.817096 0.016667 0.020221
1 0.877604 0.91636 0.010417 0.012868
1 0.874479 0.932904 0.019792 0.027574
0 0.34974 0.432445 0.078646 0.092831
0 0.525781 0.559743 0.066146 0.038603
0 0.798177 0.676011 0.039062 0.193934
0 0.125781 0.304688 0.068229 0.079963
0 0.020312 0.212776 0.040625 0.070772
0 0.930208 0.80193 0.030208 0.144301
1 0.335677 0.829963 0.014062 0.012868
1 0.360938 0.829504 0.015625 0.011949
1 0.663281 0.460018 0.014062 0.032169
1 0.689844 0.447151 0.009896 0.030331
1 0.847656 0.660846 0.014062 0.012868
1 0.90026 0.769301 0.016146 0.009191
1 0.909635 0.893382 0.011979 0.011029
