1 0.739583 0.457721 0.013542 0.018382
1 0.069792 0.462316 0.008333 0.027574
1 0.327604 0.442555 0.015625 0.02114
1 0.142448 0.442096 0.027604 0.029412
1 0.283333 0.423713 0.03125 0.055147
1 0.52526 0.423713 0.059896 0.0625
1 0.722656 0.420496 0.039062 0.063419
1 0.554948 0.414062 0.034896 0.070772
1 0.914844 0.388787 0.011979 0.022059
1 0.650781 0.387408 0.018229 0.032169
1 0.438802 0.398897 0.047396 0.068015
1 0.505208 0.379136 0.042708 0.057904
1 0.635677 0.390625 0.035938 0.084559
1 0.895833 0.361673 0.033333 0.034007
1 0.545312 0.361673 0.016667 0.035846
1 0.675781 0.381434 0.058854 0.088235
1 0.984375 0.358915 0.03125 0.046875
1 0.573958 0.372243 0.034375 0.080882
1 0.70599 0.356158 0.036979 0.061581
1 0.834896 0.346507 0.025 0.044118
1 0.826302 0.369485 0.032812 0.095588
1 0.792448 0.355699 0.039062 0.077206
