1 0.069792 0.834559 0.01875 0.016544
1 0.567448 0.599265 0.009896 0.016544
1 0.164323 0.579963 0.014062 0.014706
1 0.852083 0.578125 0.016667 0.029412
1 0.097396 0.579963 0.010417 0.034926
1 0.064844 0.568474 0.015104 0.013787
1 0.980729 0.53125 0.011458 0.014706
1 0.716406 0.506434 0.017188 0.025735
1 0.897656 0.497243 0.009896 0.014706
1 0.796875 0.486673 0.007292 0.017463
1 0.530729 0.482537 0.010417 0.012868
0 0.479427 0.490349 0.014062 0.046875
0 0.579427 0.482996 0.013021 0.034007
1 0.283854 0.475643 0.00625 0.02114
0 0.609896 0.461857 0.0375 0.04136
0 0.465104 0.452206 0.029167 0.047794
0 0.640104 0.463695 0.034375 0.07261
0 0.500521 0.451287 0.040625 0.060662
0 0.690104 0.447151 0.035417 0.054228
0 0.613802 0.432904 0.038021 0.036765
0 0.875781 0.420037 0.010938 0.016544
0 0.173177 0.452665 0.081771 0.094669
0 0.56901 0.430607 0.047396 0.074449
0 0.433333 0.432904 0.05 0.095588
0 0.332292 0.457721 0.105208 0.181985
0 0.832031 0.370404 0.016146 0.016544
1 0.500521 0.369485 0.011458 0.022059
1 0.982292 0.295496 0.017708 0.015625
1 0.489583 0.29182 0.011458 0.019301
1 0.946875 0.254596 0.020833 0.020221
1 0.984896 0.203125 0.014583 0.022059
1 0.895833 0.085478 0.010417 0.022059
