1 0.280208 0.246324 0.05 0.0625
1 0.877344 0.835018 0.180729 0.225184
1 0.022656 0.091452 0.045312 0.182904
1 0.04349 0.830882 0.086979 0.200368
1 0.069531 0.868566 0.013021 0.022059
1 0.108333 0.954504 0.08125 0.090993
1 0.297396 0.778493 0.041667 0.029412
1 0.307292 0.758732 0.020833 0.022978
1 0.628125 0.710938 0.017708 0.017463
1 0.397135 0.95818 0.147396 0.081801
1 0.897135 0.026654 0.014062 0.053309
1 0.946615 0.573989 0.106771 0.195772
1 0.030208 0.657629 0.060417 0.162684
1 0.566146 0.383272 0.111458 0.191176
1 0.876042 0.611673 0.15625 0.350184
1 0.21875 0.108915 0.019792 0.059743
