1 0.508073 0.901654 0.005729 0.027574
1 0.047135 0.902114 0.046354 0.057904
1 0.014323 0.871324 0.008854 0.022059
1 0.097917 0.824908 0.023958 0.034007
1 0.008594 0.795956 0.015104 0.025735
1 0.110156 0.701746 0.014062 0.030331
1 0.013802 0.409926 0.027604 0.055147
0 0.547656 0.438879 0.080729 0.155331
0 0.444271 0.439798 0.125 0.175551
0 0.28776 0.381893 0.089062 0.186581
0 0.092969 0.342831 0.080729 0.110294
1 0.019531 0.097886 0.018229 0.01011
1 0.438021 0.085018 0.01875 0.028493
1 0.197917 0.046875 0.017708 0.027574
1 0.210677 0.03125 0.009896 0.033088
1 0.186979 0.027574 0.01875 0.03125
1 0.018229 0.025276 0.034375 0.037684
