1 0.153646 0.547335 0.008333 0.017463
1 0.764062 0.517923 0.011458 0.019301
1 0.200521 0.516085 0.015625 0.02114
1 0.964062 0.532169 0.033333 0.060662
1 0.269271 0.519301 0.021875 0.047794
1 0.37474 0.508732 0.014062 0.034007
1 0.295833 0.508272 0.036458 0.053309
1 0.576042 0.514246 0.026042 0.067096
1 0.879688 0.490349 0.016667 0.032169
1 0.492969 0.497702 0.031771 0.048713
1 0.66875 0.498162 0.032292 0.055147
1 0.799479 0.503217 0.052083 0.070772
1 0.561979 0.494485 0.030208 0.060662
1 0.720052 0.477941 0.015104 0.029412
1 0.593229 0.505515 0.015625 0.086397
1 0.276562 0.487592 0.020833 0.054228
1 0.527865 0.488511 0.029688 0.057904
1 0.835417 0.482537 0.032292 0.064338
1 0.499479 0.459559 0.027083 0.044118
1 0.627083 0.46875 0.046875 0.071691
1 0.388281 0.465074 0.026562 0.069853
1 0.983333 0.474265 0.033333 0.101103
1 0.78151 0.459099 0.024479 0.079963
1 0.946615 0.44807 0.028646 0.085478
