0 0.973438 0.67693 0.053125 0.07261
0 0.860677 0.6875 0.079688 0.128676
0 0.267448 0.730239 0.145312 0.285846
0 0.522135 0.714154 0.148438 0.294118
0 0.727865 0.68796 0.153646 0.252757
0 0.038281 0.690717 0.076562 0.26011
0 0.149219 0.712776 0.201562 0.363051
0 0.989844 0.540901 0.020312 0.120404
0 0.02474 0.220129 0.049479 0.028493
0 0.597135 0.155331 0.058854 0.064338
0 0.007812 0.149357 0.015625 0.07261
0 0.233333 0.134651 0.119792 0.17739
0 0.894792 0.08318 0.127083 0.160846
0 0.727344 0.102022 0.196354 0.204044
0 0.08151 0.117647 0.163021 0.235294
