0 0.745573 0.73989 0.103646 0.275735
0 0.589583 0.327665 0.15625 0.098346
1 0.05599 0.149357 0.026562 0.034007
1 0.048438 0.230699 0.007292 0.047794
1 0.023177 0.772518 0.020312 0.022978
1 0.114583 0.434743 0.01875 0.014706
1 0.358594 0.20818 0.014062 0.022978
1 0.383073 0.243107 0.014062 0.035846
1 0.361458 0.386029 0.008333 0.038603
1 0.321875 0.867647 0.01875 0.029412
1 0.382292 0.806526 0.011458 0.030331
1 0.571875 0.433364 0.013542 0.039522
1 0.648177 0.542739 0.026562 0.011949
1 0.500521 0.932904 0.021875 0.009191
1 0.638281 0.189798 0.011979 0.017463
1 0.882552 0.16636 0.019271 0.025735
1 0.983073 0.283088 0.025521 0.036765
1 0.978125 0.706801 0.01875 0.020221
1 0.883333 0.707261 0.016667 0.02114
0 0.878646 0.941176 0.059375 0.117647
