0 0.320052 0.436121 0.079688 0.107537
0 0.064583 0.357077 0.029167 0.034007
0 0.017448 0.691636 0.034896 0.157169
0 0.62474 0.01057 0.028646 0.02114
0 0.714323 0.575368 0.016146 0.040441
0 0.178385 0.971048 0.048438 0.057904
0 0.56224 0.09329 0.101562 0.186581
0 0.31901 0.049632 0.057812 0.099265
0 0.608333 0.359835 0.097917 0.17739
0 0.915365 0.610754 0.125521 0.192096
0 0.495312 0.332721 0.085417 0.211397
0 0.470573 0.625 0.070312 0.202206
0 0.765625 0.608456 0.038542 0.108456
0 0.870833 0.362592 0.088542 0.157169
0 0.759375 0.994945 0.016667 0.01011
0 0.809115 0.947151 0.075521 0.105699
