1 0.046094 0.074449 0.092188 0.148897
1 0.025521 0.10386 0.01875 0.03125
1 0.070573 0.049632 0.008854 0.025735
1 0.032292 0.080882 0.008333 0.023897
0 0.032031 0.127298 0.008854 0.022978
1 0.061198 0.22886 0.122396 0.231618
1 0.029688 0.371324 0.059375 0.292279
1 0.076562 0.419577 0.146875 0.331801
1 0.15599 0.388327 0.129688 0.17739
1 0.133594 0.292739 0.022396 0.057904
1 0.243229 0.344669 0.023958 0.044118
1 0.264844 0.314798 0.025521 0.048713
1 0.375521 0.331342 0.095833 0.285846
1 0.410156 0.34375 0.128646 0.172794
1 0.528385 0.612592 0.028646 0.017463
1 0.558073 0.65579 0.016146 0.061581
1 0.5375 0.681526 0.013542 0.013787
1 0.836198 0.053768 0.013021 0.08364
1 0.774479 0.297335 0.009375 0.024816
1 0.801042 0.365809 0.020833 0.03125
0 0.986979 0.433364 0.026042 0.151654
1 0.691667 0.421875 0.021875 0.056985
1 0.810938 0.601103 0.232292 0.505515
1 0.725521 0.651195 0.094792 0.170037
0 0.803906 0.459559 0.036979 0.161765
1 0.884115 0.715074 0.035938 0.036765
1 0.95 0.782169 0.0125 0.055147
1 0.992448 0.872243 0.008854 0.040441
1 0.919271 0.772978 0.013542 0.040441
1 0.727865 0.868107 0.047396 0.076287
1 0.814844 0.910846 0.106771 0.178309
1 0.872135 0.915441 0.110938 0.169118
1 0.520312 0.846507 0.036458 0.011029
1 0.020312 0.695312 0.040625 0.155331
1 0.042969 0.991268 0.021354 0.017463
1 0.197656 0.176011 0.096354 0.192096
1 0.858333 0.267004 0.171875 0.274816
1 0.509635 0.196691 0.043229 0.058824
0 0.165885 0.519301 0.129688 0.108456
0 0.363802 0.469669 0.052604 0.227941
0 0.594792 0.462316 0.114583 0.0625
1 0.748958 0.355239 0.013542 0.022978
