0 0.282031 0.34329 0.024479 0.02114
0 0.16224 0.681066 0.016146 0.053309
0 0.210677 0.959559 0.047396 0.080882
0 0.341927 0.507353 0.019271 0.023897
0 0.547396 0.550092 0.057292 0.081801
0 0.582031 0.193474 0.033854 0.068934
0 0.727083 0.059743 0.042708 0.084559
0 0.880208 0.975643 0.032292 0.048713
0 0.774219 0.757812 0.046354 0.190257
0 0.446615 0.446691 0.076562 0.079044
0 0.061719 0.111213 0.123438 0.066176
0 0.942188 0.944853 0.114583 0.053309
1 0.13125 0.921875 0.0125 0.029412
1 0.629688 0.684283 0.01875 0.019301
1 0.682552 0.704504 0.005729 0.030331
1 0.733594 0.913603 0.020312 0.020221
1 0.813802 0.769301 0.007812 0.027574
1 0.817969 0.820312 0.015104 0.013787
1 0.986198 0.905331 0.009896 0.03125
