1 0.118229 0.903033 0.051042 0.120404
0 0.172396 0.799632 0.023958 0.033088
0 0.201562 0.360754 0.017708 0.034007
1 0.451823 0.344669 0.063021 0.143382
0 0.652083 0.350184 0.03125 0.056985
0 0.560677 0.584099 0.026562 0.046875
0 0.770052 0.53171 0.036979 0.048713
1 0.933073 0.66682 0.061979 0.092831
0 0.874479 0.901654 0.019792 0.025735
1 0.689323 0.908548 0.030729 0.034007
0 0.011458 0.115809 0.022917 0.060662
1 0.072656 0.050551 0.015104 0.101103
1 0.045052 0.13511 0.054688 0.125
1 0.16276 0.285846 0.013021 0.025735
1 0.268229 0.213695 0.007292 0.022978
1 0.498698 0.088235 0.027604 0.033088
1 0.48724 0.158548 0.031771 0.048713
1 0.504427 0.245864 0.009896 0.030331
1 0.583594 0.026195 0.014062 0.046875
1 0.946875 0.017004 0.030208 0.034007
1 0.965625 0.066176 0.036458 0.060662
1 0.991406 0.278493 0.017188 0.027574
1 0.751562 0.313879 0.017708 0.015625
1 0.910156 0.431526 0.009896 0.02114
1 0.921354 0.758272 0.011458 0.042279
1 0.94349 0.971048 0.048438 0.057904
1 0.667188 0.667279 0.059375 0.108456
1 0.573698 0.549173 0.030729 0.04136
1 0.533854 0.517004 0.041667 0.034007
1 0.526302 0.482077 0.022396 0.028493
1 0.470052 0.670956 0.029688 0.077206
1 0.463542 0.956801 0.067708 0.042279
1 0.41276 0.914062 0.032812 0.061581
1 0.365885 0.829963 0.032812 0.073529
0 0.329427 0.842371 0.035938 0.050551
1 0.235156 0.690717 0.016146 0.015625
1 0.208854 0.626838 0.041667 0.077206
1 0.219792 0.696691 0.023958 0.045956
1 0.153646 0.611673 0.01875 0.032169
1 0.122917 0.522518 0.020833 0.039522
1 0.1125 0.560202 0.033333 0.043199
1 0.010677 0.711857 0.021354 0.035846
1 0.829948 0.518382 0.065104 0.104779
0 0.489583 0.476562 0.046875 0.067096
1 0.876562 0.082261 0.105208 0.092831
1 0.304427 0.778033 0.053646 0.129596
1 0.098177 0.253676 0.109896 0.158088
1 0.516406 0.670956 0.047396 0.097426
1 0.271354 0.70818 0.051042 0.113051
