1 0.510677 0.690717 0.024479 0.079963
1 0.572917 0.744945 0.023958 0.074449
1 0.573438 0.880055 0.009375 0.07261
1 0.69974 0.835018 0.046354 0.030331
1 0.805469 0.574908 0.050521 0.04136
1 0.878385 0.663603 0.038021 0.025735
1 0.94375 0.630515 0.028125 0.034926
1 0.888802 0.820312 0.047396 0.030331
1 0.959115 0.79182 0.021354 0.079963
0 0.68724 0.353401 0.034896 0.054228
1 0.717188 0.246324 0.044792 0.025735
1 0.70651 0.191636 0.028646 0.02114
1 0.327865 0.606158 0.020312 0.067096
1 0.124219 0.637408 0.036979 0.034007
1 0.211979 0.358456 0.047917 0.038603
1 0.508333 0.201287 0.042708 0.082721
1 0.376302 0.353401 0.010938 0.048713
1 0.036458 0.039982 0.009375 0.032169
1 0.014323 0.284926 0.008854 0.025735
1 0.667448 0.443474 0.022396 0.030331
1 0.66901 0.554228 0.011979 0.027574
1 0.701823 0.567555 0.017188 0.046875
1 0.73151 0.351103 0.027604 0.029412
1 0.747135 0.329963 0.006771 0.022059
1 0.805729 0.017463 0.022917 0.034926
1 0.869792 0.011029 0.007292 0.022059
1 0.891406 0.014706 0.006771 0.025735
1 0.909896 0.096967 0.005208 0.054228
1 0.965885 0.130974 0.020312 0.026654
0 0.996615 0.204044 0.006771 0.025735
1 0.601562 0.950827 0.0125 0.035846
1 0.547396 0.793658 0.011458 0.030331
1 0.16875 0.974724 0.047917 0.050551
1 0.080469 0.86489 0.013021 0.056985
1 0.019531 0.914522 0.011979 0.027574
0 0.883594 0.314338 0.147396 0.318015
0 0.236719 0.494026 0.168229 0.113051
0 0.525781 0.407629 0.093229 0.33364
0 0.066146 0.513327 0.0625 0.29136
1 0.039323 0.41636 0.047396 0.104779
