0 0.301823 0.97886 0.020312 0.042279
1 0.532292 0.909007 0.007292 0.029412
0 0.434896 0.846507 0.009375 0.022059
1 0.410156 0.648897 0.027604 0.029412
0 0.00599 0.59421 0.011979 0.048713
0 0.516667 0.472426 0.038542 0.086397
1 0.471094 0.375919 0.008854 0.018382
0 0.496875 0.338235 0.011458 0.023897
0 0.102344 0.275735 0.026562 0.040441
1 0.101042 0.223346 0.032292 0.038603
0 0.591667 0.197151 0.030208 0.04136
1 0.296094 0.071691 0.017188 0.016544
1 0.804427 0.068015 0.019271 0.012868
1 0.047656 0.003676 0.018229 0.007353
