0 0.544531 0.439798 0.136979 0.243566
0 0.604427 0.184743 0.061979 0.365809
0 0.4625 0.892004 0.189583 0.215993
1 0.120312 0.275276 0.023958 0.01011
1 0.074219 0.550092 0.011979 0.035846
1 0.20651 0.379596 0.014062 0.036765
1 0.233854 0.330882 0.01875 0.027574
1 0.270312 0.249081 0.027083 0.022059
1 0.327604 0.578125 0.028125 0.045956
1 0.142188 0.838235 0.011458 0.042279
1 0.690885 0.947151 0.016146 0.013787
1 0.713021 0.734375 0.028125 0.036765
1 0.836719 0.723346 0.021354 0.020221
1 0.625781 0.064798 0.016146 0.02114
1 0.663802 0.078125 0.008854 0.047794
1 0.940625 0.157629 0.026042 0.01011
1 0.91224 0.369485 0.020312 0.029412
