1 0.195833 0.439338 0.069792 0.055147
1 0.282552 0.230699 0.047396 0.082721
1 0.411198 0.192096 0.057812 0.079044
1 0.73776 0.299632 0.089062 0.117647
1 0.935677 0.54182 0.026562 0.068934
0 0.485156 0.509651 0.165104 0.51011
1 0.799219 0.375 0.054688 0.097426
1 0.976562 0.504136 0.042708 0.090993
1 0.871615 0.309283 0.045312 0.065257
1 0.179688 0.043199 0.028125 0.036765
1 0.459635 0.028033 0.023438 0.056066
1 0.23724 0.244945 0.085938 0.131434
1 0.628646 0.303768 0.023958 0.04136
1 0.820833 0.39614 0.021875 0.060662
1 0.910417 0.370404 0.045833 0.045956
1 0.940104 0.276654 0.064583 0.080882
1 0.961979 0.327206 0.01875 0.018382
