1 0.033333 0.017004 0.04375 0.034007
1 0.121615 0.021599 0.055729 0.043199
1 0.519531 0.246324 0.035938 0.086397
1 0.554167 0.060202 0.028125 0.034007
1 0.510417 0.563879 0.026042 0.030331
1 0.966406 0.642923 0.067188 0.04136
1 0.88151 0.852482 0.018229 0.013787
1 0.990885 0.991268 0.013021 0.017463
1 0.782031 0.528033 0.080729 0.232537
1 0.251563 0.118566 0.116667 0.237132
1 0.255729 0.272518 0.077083 0.157169
1 0.120573 0.679688 0.065104 0.105699
1 0.163802 0.225184 0.036979 0.097426
0 0.725 0.397059 0.110417 0.073529
0 0.397917 0.185202 0.036458 0.201287
