1 0.017188 0.102482 0.034375 0.122243
1 0.092188 0.101103 0.065625 0.029412
1 0.358594 0.051471 0.064062 0.102941
1 0.448438 0.154412 0.045833 0.036765
1 0.31901 0.200368 0.051562 0.161765
1 0.189323 0.27114 0.072396 0.053309
1 0.254948 0.82261 0.080729 0.161765
1 0.298177 0.904871 0.053646 0.118566
1 0.349219 0.917739 0.051562 0.04136
1 0.701042 0.841912 0.065625 0.108456
1 0.727865 0.628217 0.014062 0.090993
1 0.564844 0.545956 0.249479 0.448529
1 0.189062 0.947151 0.036458 0.076287
1 0.263021 0.141085 0.147917 0.214154
1 0.026042 0.471048 0.052083 0.026654
1 0.165104 0.054688 0.03125 0.07261
1 0.78776 0.973346 0.022396 0.053309
1 0.242969 0.556985 0.144271 0.181985
1 0.239844 0.944853 0.042188 0.110294
