0 0.834375 0.995404 0.01875 0.009191
0 0.897917 0.980239 0.036458 0.039522
0 0.670052 0.970129 0.054688 0.059743
0 0.489323 0.960478 0.196354 0.079044
0 0.034896 0.955882 0.069792 0.088235
0 0.003906 0.888787 0.007812 0.029412
0 0.124479 0.894301 0.192708 0.211397
0 0.033594 0.726562 0.067188 0.214154
0 0.37474 0.460478 0.101562 0.154412
0 0.084896 0.411305 0.103125 0.184743
0 0.716927 0.435202 0.178646 0.300551
0 0.085677 0.227482 0.064062 0.100184
0 0.761458 0.095129 0.083333 0.131434
0 0.796094 0.007812 0.017188 0.015625
0 0.407292 0.056985 0.133333 0.113971
0 0.200521 0.017004 0.036458 0.034007
0 0.0875 0.071232 0.175 0.142463
