1 0.18099 0.353401 0.064062 0.098346
1 0.270833 0.035846 0.046875 0.071691
1 0.141406 0.038143 0.072396 0.076287
1 0.076302 0.016085 0.022396 0.032169
1 0.195833 0.097426 0.042708 0.068015
1 0.163542 0.20818 0.01875 0.05239
1 0.288021 0.154412 0.014583 0.023897
1 0.23099 0.41636 0.018229 0.040441
1 0.353906 0.256893 0.022396 0.037684
1 0.385156 0.171875 0.042188 0.064338
1 0.438802 0.276654 0.038021 0.071691
1 0.583854 0.266544 0.046875 0.056985
1 0.746615 0.584099 0.041146 0.022978
0 0.526562 0.42693 0.163542 0.581801
1 0.248438 0.180607 0.091667 0.149816
