1 0.621354 0.943934 0.017708 0.034926
1 0.586719 0.890625 0.016146 0.055147
1 0.542969 0.93704 0.019271 0.028493
1 0.442448 0.943474 0.013021 0.019301
1 0.39974 0.873162 0.015104 0.045956
1 0.141146 0.772059 0.022917 0.033088
1 0.011198 0.480239 0.016146 0.030331
1 0.090365 0.410386 0.020312 0.04136
1 0.138802 0.408548 0.015104 0.022978
1 0.160156 0.391544 0.020312 0.047794
1 0.154167 0.356618 0.03125 0.033088
1 0.248438 0.230239 0.052083 0.02114
1 0.189844 0.179228 0.008854 0.016544
1 0.180469 0.019301 0.015104 0.038603
1 0.017969 0.107077 0.013021 0.024816
1 0.283854 0.141544 0.013542 0.029412
1 0.279948 0.272518 0.036979 0.037684
1 0.284635 0.393842 0.019271 0.07261
1 0.670573 0.125919 0.014062 0.016544
1 0.551562 0.279412 0.025 0.077206
1 0.689062 0.215074 0.013542 0.020221
1 0.70625 0.313879 0.020833 0.039522
1 0.709375 0.280331 0.013542 0.022059
1 0.784896 0.27068 0.028125 0.037684
1 0.777083 0.130515 0.035417 0.047794
1 0.991667 0.196232 0.014583 0.030331
1 0.869531 0.534007 0.028646 0.029412
0 0.428906 0.362592 0.056771 0.092831
0 0.913021 0.078585 0.038542 0.079963
1 0.038802 0.209099 0.015104 0.024816
1 0.030729 0.246324 0.0125 0.014706
1 0.042448 0.263787 0.008854 0.020221
1 0.01875 0.571691 0.0125 0.027574
1 0.039844 0.538603 0.009896 0.020221
1 0.048958 0.559283 0.008333 0.017463
1 0.07474 0.471507 0.013021 0.020221
1 0.08151 0.492647 0.013021 0.023897
1 0.095573 0.506893 0.010938 0.015625
1 0.113802 0.498162 0.013021 0.020221
1 0.128385 0.492647 0.015104 0.022059
1 0.108073 0.402574 0.008854 0.025735
1 0.136719 0.513787 0.011979 0.025735
1 0.173958 0.536765 0.010417 0.016544
1 0.188542 0.51011 0.013542 0.018382
1 0.208854 0.529412 0.014583 0.027574
1 0.254167 0.542279 0.01875 0.044118
1 0.267708 0.55239 0.017708 0.027574
1 0.283073 0.528493 0.008854 0.020221
1 0.292708 0.47886 0.009375 0.014706
1 0.33125 0.480699 0.010417 0.016544
1 0.222656 0.490349 0.009896 0.02114
1 0.230729 0.423254 0.013542 0.028493
1 0.21849 0.429228 0.016146 0.018382
1 0.192708 0.417279 0.008333 0.016544
1 0.194271 0.390625 0.01875 0.033088
1 0.184115 0.370404 0.007812 0.016544
1 0.225781 0.365809 0.011979 0.020221
1 0.17474 0.283088 0.019271 0.027574
1 0.161458 0.272059 0.009375 0.020221
1 0.176562 0.242188 0.011458 0.022978
1 0.204948 0.105699 0.006771 0.040441
1 0.202865 0.053768 0.010938 0.019301
1 0.240885 0.019761 0.011979 0.019301
1 0.26901 0.07307 0.011979 0.019301
1 0.416927 0.165441 0.018229 0.042279
1 0.508854 0.079044 0.0125 0.018382
1 0.544792 0.322151 0.022917 0.037684
0 0.589062 0.040901 0.057292 0.081801
1 0.66901 0.009651 0.010938 0.019301
1 0.676302 0.01057 0.013021 0.019301
1 0.688021 0.01057 0.0125 0.019301
1 0.70599 0.015165 0.014062 0.024816
1 0.695312 0.103401 0.0125 0.013787
1 0.72474 0.121324 0.018229 0.012868
1 0.784115 0.23989 0.016146 0.027574
1 0.797656 0.347426 0.015104 0.022059
1 0.840104 0.120864 0.010417 0.015625
1 0.851562 0.107537 0.014583 0.016544
1 0.875781 0.09329 0.013021 0.026654
1 0.883333 0.121783 0.014583 0.024816
1 0.86901 0.120404 0.011979 0.018382
1 0.869531 0.149816 0.013021 0.022059
1 0.95651 0.015165 0.006771 0.030331
1 0.975781 0.015165 0.014062 0.024816
1 0.936979 0.184283 0.013542 0.02114
1 0.963021 0.222426 0.014583 0.025735
1 0.986979 0.222426 0.010417 0.016544
1 0.820312 0.348346 0.009375 0.016544
1 0.80625 0.393842 0.0125 0.015625
1 0.833594 0.362592 0.022396 0.024816
1 0.864323 0.424632 0.025521 0.060662
1 0.879167 0.428768 0.008333 0.017463
1 0.946094 0.507353 0.007812 0.023897
1 0.982552 0.422335 0.008854 0.019301
1 0.942708 0.31204 0.010417 0.019301
1 0.973958 0.319853 0.016667 0.022059
1 0.851042 0.611673 0.008333 0.019301
1 0.81901 0.650276 0.011979 0.015625
1 0.940625 0.792739 0.00625 0.02114
1 0.851562 0.722886 0.009375 0.015625
1 0.846094 0.736213 0.007812 0.018382
1 0.841406 0.959559 0.007812 0.023897
1 0.758073 0.954963 0.016146 0.038603
1 0.746615 0.949449 0.009896 0.016544
1 0.75026 0.992647 0.013021 0.014706
1 0.611198 0.944393 0.013021 0.024816
1 0.595833 0.648438 0.013542 0.037684
1 0.527604 0.653033 0.015625 0.017463
1 0.424479 0.888787 0.009375 0.014706
1 0.399219 0.780331 0.011979 0.012868
1 0.317188 0.892923 0.014583 0.024816
1 0.238802 0.978401 0.020312 0.011949
1 0.286719 0.775735 0.013021 0.014706
1 0.298958 0.694853 0.010417 0.014706
1 0.268229 0.698989 0.010417 0.024816
1 0.110938 0.607077 0.016667 0.02114
1 0.138542 0.697151 0.010417 0.017463
1 0.1625 0.705882 0.013542 0.022059
1 0.010417 0.723346 0.020833 0.025735
1 0.10026 0.773897 0.014062 0.016544
1 0.10625 0.845588 0.008333 0.020221
1 0.134896 0.953585 0.015625 0.034007
1 0.086719 0.865809 0.006771 0.020221
1 0.060156 0.988971 0.014062 0.022059
1 0.023698 0.875 0.011979 0.023897
1 0.003646 0.894761 0.007292 0.019301
0 0.526823 0.579963 0.130729 0.226103
0 0.482292 0.100643 0.072917 0.105699
0 0.601042 0.103401 0.060417 0.17739
0 0.399219 0.045496 0.104688 0.090993
0 0.548438 0.289982 0.060417 0.199449
1 0.010677 0.351103 0.019271 0.020221
1 0.088281 0.040441 0.011979 0.016544
1 0.094271 0.058824 0.010417 0.016544
1 0.222656 0.13557 0.015104 0.02114
1 0.25026 0.107077 0.009896 0.019301
1 0.81224 0.147518 0.009896 0.022978
1 0.576302 0.567555 0.009896 0.017463
