0 0.257552 0.869026 0.115104 0.225184
0 0.690885 0.846967 0.146354 0.232537
0 0.482552 0.851562 0.152604 0.258272
0 0.889062 0.828585 0.196875 0.320772
0 0.289844 0.732996 0.142188 0.19761
0 0.580729 0.577206 0.008333 0.020221
0 0.720573 0.653952 0.146354 0.234375
0 0.264844 0.420496 0.182812 0.361213
0 0.70625 0.351103 0.1875 0.336397
0 0.781771 0.130515 0.188542 0.261029
0 0.676042 0.081801 0.116667 0.163603
0 0.586719 0.132353 0.123438 0.264706
0 0.395833 0.134651 0.183333 0.269301
0 0.222135 0.169118 0.172396 0.338235
