1 0.103385 0.319853 0.016146 0.016544
1 0.110677 0.221967 0.028646 0.065257
1 0.189844 0.082721 0.136979 0.165441
1 0.701042 0.20864 0.032292 0.088235
1 0.713802 0.147059 0.026562 0.038603
1 0.010156 0.014246 0.020312 0.028493
1 0.011719 0.391085 0.023438 0.032169
1 0.353646 0.055147 0.0625 0.110294
1 0.467448 0.917739 0.017188 0.028493
1 0.669792 0.877757 0.094792 0.139706
1 0.817969 0.778952 0.025521 0.028493
1 0.782812 0.711397 0.140625 0.193015
1 0.177344 0.783548 0.135938 0.355699
1 0.630208 0.417739 0.094792 0.203125
1 0.502344 0.362592 0.101562 0.13511
1 0.529688 0.553768 0.094792 0.142463
1 0.964323 0.434283 0.069271 0.065257
