0 0.535156 0.607537 0.024479 0.090074
1 0.033594 0.569853 0.023438 0.009191
1 0.356771 0.346967 0.011458 0.02114
1 0.479427 0.456801 0.008854 0.027574
1 0.470052 0.420496 0.019271 0.01011
1 0.479948 0.400735 0.016146 0.029412
1 0.449479 0.18796 0.01875 0.015625
1 0.477865 0.054228 0.010938 0.012868
1 0.489062 0.246324 0.011458 0.029412
1 0.50625 0.179688 0.016667 0.019301
1 0.539583 0.149357 0.014583 0.013787
1 0.651042 0.143382 0.004167 0.027574
1 0.707292 0.033548 0.009375 0.039522
1 0.895833 0.162224 0.014583 0.026654
1 0.99375 0.175092 0.0125 0.022978
1 0.942708 0.200368 0.010417 0.025735
1 0.904167 0.223805 0.019792 0.024816
1 0.758073 0.783088 0.015104 0.016544
1 0.821875 0.737592 0.011458 0.019301
1 0.901562 0.715074 0.0125 0.025735
1 0.946875 0.709099 0.016667 0.02114
1 0.992188 0.65671 0.014583 0.011949
1 0.817708 0.895221 0.015625 0.014706
1 0.864844 0.91682 0.011979 0.011949
1 0.954948 0.942096 0.011979 0.016544
1 0.995573 0.938419 0.004688 0.025735
