1 0.260417 0.924632 0.011458 0.036765
0 0.467969 0.950368 0.071354 0.097426
0 0.722135 0.903493 0.046354 0.068015
0 0.109115 0.820312 0.051562 0.120404
0 0.702083 0.806066 0.041667 0.09375
1 0.895573 0.727482 0.007812 0.024816
0 0.082812 0.720129 0.061458 0.122243
1 0.720573 0.674632 0.055729 0.073529
1 0.154948 0.706342 0.122396 0.16636
1 0.645312 0.703125 0.057292 0.194853
1 0.191146 0.616268 0.029167 0.030331
1 0.561458 0.682445 0.085417 0.182904
0 0.354688 0.648897 0.069792 0.134191
0 0.127604 0.626838 0.055208 0.101103
0 0.515625 0.60386 0.0625 0.110294
1 0.046615 0.561121 0.073438 0.124081
0 0.317448 0.436581 0.070312 0.134191
1 0.247656 0.360294 0.008854 0.027574
1 0.168229 0.380055 0.036458 0.105699
1 0.269531 0.361213 0.041146 0.069853
1 0.617969 0.424173 0.144271 0.23989
1 0.409896 0.295956 0.036458 0.040441
1 0.127604 0.261029 0.015625 0.025735
1 0.459115 0.490349 0.265104 0.486213
0 0.578646 0.22932 0.057292 0.081801
0 0.823177 0.180607 0.043229 0.046875
1 0.113802 0.175092 0.020312 0.039522
1 0.445833 0.240809 0.158333 0.180147
0 0.764583 0.195312 0.038542 0.098346
1 0.26849 0.216912 0.141146 0.275735
1 0.146094 0.096507 0.022396 0.064338
1 0.692969 0.122702 0.160938 0.245404
1 0.372917 0.164982 0.240625 0.329963
1 0.065885 0.068934 0.072396 0.137868
1 0.52474 0.91636 0.133854 0.167279
1 0.974219 0.85432 0.051562 0.129596
0 0.830729 0.960018 0.091667 0.079963
1 0.244531 0.960018 0.075521 0.079963
1 0.434115 0.964154 0.036979 0.071691
1 0.983073 0.277574 0.033854 0.0625
1 0.04349 0.974265 0.086979 0.051471
