0 0.79974 0.972426 0.018229 0.055147
0 0.821094 0.96875 0.018229 0.0625
1 0.948958 0.814338 0.016667 0.007353
0 0.130469 0.825827 0.078646 0.175551
0 0.241146 0.820772 0.145833 0.215074
0 0.734635 0.792739 0.130729 0.203125
0 0.907031 0.763327 0.127604 0.175551
0 0.577344 0.792279 0.104688 0.262868
0 0.7875 0.692096 0.1125 0.185662
0 0.759896 0.470129 0.065625 0.129596
0 0.992969 0.159007 0.011979 0.011029
0 0.014062 0.184743 0.028125 0.110294
0 0.736719 0.257812 0.124479 0.256434
0 0.649219 0.140625 0.071354 0.132353
0 0.377344 0.152574 0.105729 0.161765
0 0.98125 0.108915 0.0375 0.076287
0 0.814583 0.13511 0.096875 0.128676
0 0.272135 0.159467 0.124479 0.19761
0 0.997135 0.064798 0.005729 0.034007
0 0.541667 0.148897 0.111458 0.215074
0 0.703646 0.030331 0.065625 0.060662
