1 0.216146 0.012408 0.022917 0.008272
1 0.201823 0.144301 0.014062 0.018382
0 0.304948 0.055147 0.047396 0.071691
1 0.350781 0.119026 0.029688 0.011949
1 0.364844 0.181066 0.019271 0.012868
1 0.214844 0.320772 0.013021 0.016544
1 0.248698 0.356618 0.006771 0.034926
1 0.286719 0.296875 0.011979 0.012868
1 0.35625 0.329044 0.014583 0.064338
1 0.371615 0.309283 0.009896 0.034007
1 0.05026 0.829044 0.022396 0.049632
1 0.236979 0.839154 0.008333 0.022059
1 0.255469 0.825368 0.010938 0.033088
1 0.252344 0.873621 0.014062 0.017463
1 0.375 0.826746 0.007292 0.034007
1 0.416927 0.774816 0.022396 0.038603
1 0.449479 0.46875 0.016667 0.022059
1 0.557812 0.684283 0.015625 0.024816
1 0.554948 0.755974 0.009896 0.026654
1 0.663802 0.88557 0.015104 0.01011
1 0.690885 0.96829 0.007812 0.017463
1 0.725781 0.944393 0.013021 0.01011
1 0.852083 0.882812 0.027083 0.028493
1 0.870312 0.830882 0.009375 0.029412
0 0.808854 0.612592 0.069792 0.100184
0 0.589062 0.600184 0.116667 0.113971
0 0.411719 0.410386 0.048438 0.247243
0 0.134375 0.040901 0.092708 0.081801
0 0.244271 0.224265 0.176042 0.090074
1 0.433854 0.962316 0.01875 0.016544
