1 0.539323 0.993566 0.013021 0.012868
1 0.096354 0.990809 0.017708 0.018382
1 0.494792 0.978401 0.016667 0.019301
1 0.326562 0.982996 0.00625 0.028493
1 0.455729 0.975184 0.010417 0.014706
1 0.72526 0.97886 0.018229 0.025735
1 0.584635 0.947151 0.014062 0.01011
1 0.721615 0.954963 0.026562 0.034926
1 0.838281 0.950368 0.023438 0.025735
1 0.079167 0.94761 0.016667 0.022059
1 0.685677 0.964154 0.045312 0.071691
1 0.176042 0.933824 0.010417 0.022059
1 0.296354 0.909007 0.017708 0.009191
1 0.454688 0.915901 0.00625 0.032169
1 0.132292 0.903493 0.008333 0.016544
1 0.405208 0.899357 0.020833 0.01011
1 0.776302 0.904871 0.006771 0.026654
1 0.008854 0.900735 0.00625 0.029412
1 0.317708 0.900735 0.008333 0.033088
1 0.751042 0.877298 0.010417 0.015625
1 0.777604 0.871324 0.016667 0.018382
1 0.557031 0.890625 0.016146 0.084559
1 0.084635 0.870404 0.033854 0.058824
1 0.748177 0.846967 0.022396 0.022978
1 0.497396 0.84421 0.015625 0.017463
0 0.059896 0.852482 0.019792 0.048713
1 0.297917 0.857077 0.026042 0.068934
1 0.882552 0.796875 0.020312 0.011029
1 0.51849 0.799173 0.007812 0.02114
1 0.576302 0.802849 0.008854 0.039522
1 0.769531 0.783088 0.011979 0.027574
1 0.049479 0.768382 0.00625 0.025735
1 0.591146 0.76011 0.0125 0.011029
1 0.602865 0.761489 0.014062 0.02114
1 0.842708 0.751379 0.015625 0.026654
1 0.182292 0.743566 0.014583 0.040441
1 0.624219 0.742188 0.016146 0.061581
1 0.469271 0.715533 0.00625 0.026654
1 0.097135 0.699908 0.032812 0.030331
1 0.422656 0.682904 0.041146 0.040441
1 0.233073 0.667739 0.009896 0.022978
1 0.253646 0.650735 0.016667 0.012868
1 0.725781 0.652114 0.007812 0.017463
1 0.324219 0.648438 0.014062 0.019301
1 0.776562 0.647059 0.011458 0.016544
1 0.30026 0.650276 0.015104 0.026654
1 0.870833 0.630515 0.016667 0.016544
1 0.666146 0.629596 0.0125 0.027574
1 0.442969 0.623162 0.007812 0.020221
1 0.680208 0.609375 0.014583 0.012868
1 0.185417 0.613971 0.008333 0.023897
1 0.059115 0.613051 0.004688 0.027574
1 0.361198 0.624081 0.020312 0.056985
1 0.534896 0.602482 0.009375 0.02114
1 0.248438 0.612132 0.040625 0.044118
1 0.866927 0.595588 0.010938 0.018382
1 0.716146 0.582261 0.008333 0.024816
1 0.705729 0.571232 0.007292 0.017463
1 0.214062 0.582261 0.01875 0.050551
1 0.575781 0.563419 0.017188 0.014706
0 0.947917 0.570312 0.009375 0.043199
1 0.148698 0.556985 0.007812 0.018382
1 0.04349 0.551471 0.010938 0.020221
1 0.107552 0.546415 0.009896 0.022978
1 0.057292 0.524816 0.01875 0.011029
1 0.439323 0.525276 0.015104 0.015625
1 0.123438 0.506434 0.016667 0.012868
1 0.03099 0.460478 0.008854 0.023897
0 0.497135 0.464154 0.025521 0.034926
1 0.915104 0.456342 0.013542 0.02114
1 0.142708 0.451287 0.030208 0.038603
1 0.251823 0.451287 0.005729 0.042279
1 0.695833 0.490349 0.058333 0.125919
1 0.018229 0.436581 0.021875 0.027574
1 0.209635 0.429228 0.010938 0.014706
1 0.653906 0.419118 0.010938 0.022059
1 0.066146 0.407629 0.021875 0.008272
1 0.770833 0.41636 0.0125 0.027574
1 0.308333 0.405331 0.010417 0.020221
1 0.272396 0.398438 0.015625 0.037684
1 0.557292 0.387868 0.00625 0.027574
1 0.140365 0.379136 0.014062 0.011949
1 0.835156 0.380974 0.017188 0.02114
1 0.334115 0.397059 0.029688 0.058824
1 0.598698 0.379136 0.007812 0.030331
1 0.875781 0.431066 0.086979 0.158088
1 0.68125 0.366728 0.032292 0.029412
0 0.059115 0.341912 0.021354 0.027574
1 0.658594 0.327206 0.008854 0.018382
1 0.588021 0.300092 0.022917 0.032169
1 0.541667 0.267463 0.008333 0.033088
1 0.572917 0.26057 0.028125 0.074449
1 0.488021 0.215074 0.00625 0.029412
1 0.535417 0.18796 0.020833 0.019301
1 0.216406 0.184743 0.007812 0.020221
1 0.1125 0.165901 0.010417 0.013787
1 0.845573 0.150276 0.013021 0.019301
1 0.546875 0.150276 0.016667 0.02114
1 0.404427 0.138327 0.008854 0.017463
1 0.700781 0.121783 0.014062 0.015625
0 0.060156 0.116268 0.024479 0.05239
1 0.628385 0.092371 0.010938 0.017463
1 0.303646 0.096507 0.017708 0.025735
1 0.489844 0.096967 0.009896 0.030331
1 0.00599 0.09375 0.007812 0.023897
1 0.509375 0.090074 0.010417 0.027574
1 0.034375 0.086397 0.007292 0.022059
1 0.823438 0.081342 0.038542 0.037684
1 0.855208 0.08318 0.021875 0.054228
1 0.566927 0.061121 0.010938 0.022978
1 0.018229 0.064338 0.009375 0.029412
1 0.764323 0.06296 0.007812 0.039522
1 0.041146 0.063419 0.007292 0.040441
1 0.706771 0.054688 0.016667 0.030331
1 0.717448 0.047794 0.013021 0.018382
1 0.552344 0.048254 0.022396 0.057904
1 0.478646 0.024816 0.008333 0.025735
1 0.109375 0.017463 0.013542 0.012868
