1 0.207292 0.066636 0.086458 0.113051
1 0.152865 0.240809 0.040104 0.084559
1 0.06849 0.117188 0.074479 0.096507
1 0.04375 0.297794 0.021875 0.049632
1 0.115885 0.475184 0.048438 0.084559
0 0.197396 0.689338 0.097917 0.204044
0 0.347917 0.504136 0.082292 0.129596
1 0.30599 0.44761 0.017188 0.023897
1 0.208594 0.202206 0.027604 0.038603
1 0.185156 0.14568 0.023438 0.024816
1 0.353385 0.224265 0.020312 0.033088
1 0.527865 0.14568 0.018229 0.037684
1 0.504687 0.401654 0.016667 0.034926
1 0.465885 0.444853 0.021354 0.036765
1 0.442708 0.477022 0.015625 0.022059
1 0.410677 0.630055 0.022396 0.028493
1 0.554948 0.596507 0.020312 0.03125
1 0.557292 0.696232 0.01875 0.028493
1 0.447135 0.717371 0.014062 0.034007
1 0.494792 0.787684 0.019792 0.036765
1 0.450521 0.826746 0.016667 0.026654
1 0.536719 0.867647 0.015104 0.023897
1 0.616406 0.83364 0.025521 0.056985
1 0.634635 0.392923 0.014062 0.022978
1 0.688021 0.434283 0.017708 0.043199
1 0.709375 0.483456 0.016667 0.033088
1 0.723177 0.518842 0.023438 0.056066
1 0.904688 0.525735 0.033333 0.073529
1 0.00625 0.180147 0.0125 0.034926
1 0.019792 0.227482 0.015625 0.032169
1 0.011198 0.238511 0.020312 0.056066
1 0.159375 0.053768 0.014583 0.026654
1 0.236979 0.161765 0.045833 0.069853
1 0.220833 0.180147 0.011458 0.022059
1 0.324479 0.422335 0.008333 0.02114
1 0.329688 0.408548 0.008333 0.019301
1 0.31901 0.393382 0.014062 0.027574
1 0.30625 0.344669 0.010417 0.014706
1 0.32474 0.318474 0.018229 0.032169
1 0.322917 0.269761 0.016667 0.034007
1 0.331771 0.23989 0.011458 0.014706
1 0.33776 0.261489 0.014062 0.02114
1 0.345573 0.253676 0.009896 0.018382
1 0.358594 0.261029 0.013021 0.020221
1 0.347135 0.292739 0.034896 0.048713
1 0.350521 0.341452 0.01875 0.034007
1 0.351042 0.377298 0.011458 0.022978
1 0.390365 0.330882 0.019271 0.040441
1 0.392448 0.382812 0.035938 0.061581
1 0.445312 0.39614 0.010417 0.020221
1 0.410156 0.452665 0.010938 0.026654
1 0.422917 0.459099 0.011458 0.022978
1 0.395573 0.494945 0.013021 0.024816
1 0.404167 0.514706 0.010417 0.018382
1 0.433594 0.596048 0.010938 0.034007
1 0.442448 0.607996 0.009896 0.024816
1 0.467969 0.653493 0.018229 0.045956
1 0.482812 0.613971 0.020833 0.036765
1 0.506771 0.602941 0.021875 0.049632
1 0.546615 0.626838 0.022396 0.014706
1 0.582031 0.084559 0.018229 0.029412
1 0.624219 0.063419 0.018229 0.029412
1 0.618229 0.099265 0.016667 0.033088
1 0.626302 0.121783 0.010938 0.022978
1 0.613802 0.131893 0.013021 0.017463
1 0.61224 0.242188 0.010938 0.02114
1 0.630208 0.19807 0.011458 0.022978
1 0.658073 0.150735 0.016146 0.027574
1 0.66901 0.16636 0.018229 0.03125
1 0.653646 0.237132 0.017708 0.034926
1 0.654688 0.261029 0.010417 0.014706
1 0.691667 0.228401 0.027083 0.035846
1 0.675 0.275276 0.009375 0.019301
1 0.672396 0.300551 0.0125 0.023897
1 0.6625 0.332721 0.0125 0.022059
1 0.665625 0.367647 0.013542 0.027574
1 0.689062 0.357077 0.028125 0.028493
1 0.699479 0.409007 0.017708 0.029412
1 0.710417 0.38557 0.008333 0.02114
1 0.715625 0.363051 0.015625 0.016544
1 0.71276 0.339154 0.014062 0.029412
1 0.694531 0.326746 0.017188 0.035846
1 0.70599 0.301011 0.021354 0.034007
1 0.73776 0.278033 0.015104 0.035846
1 0.742969 0.316636 0.007812 0.02114
1 0.726562 0.397518 0.019792 0.034007
1 0.743229 0.415901 0.020833 0.059743
1 0.764323 0.501838 0.057812 0.097426
1 0.795312 0.454963 0.014583 0.025735
1 0.773177 0.553309 0.021354 0.016544
1 0.784115 0.59329 0.016146 0.024816
1 0.797917 0.622243 0.014583 0.023897
1 0.844792 0.621324 0.014583 0.03125
1 0.867448 0.569853 0.015104 0.014706
1 0.806771 0.55193 0.016667 0.015625
1 0.817448 0.526654 0.053646 0.082721
1 0.834896 0.480699 0.015625 0.029412
1 0.855469 0.517004 0.028646 0.048713
1 0.954167 0.766544 0.091667 0.327206
1 0.821354 0.664982 0.0125 0.02114
1 0.827344 0.686581 0.015104 0.025735
1 0.85651 0.634651 0.006771 0.022978
1 0.873958 0.665441 0.008333 0.022059
1 0.915625 0.754136 0.011458 0.017463
1 0.936719 0.808364 0.024479 0.026654
1 0.657292 0.940717 0.03125 0.054228
1 0.670052 0.970129 0.018229 0.034007
1 0.630208 0.925551 0.014583 0.060662
1 0.620833 0.892004 0.017708 0.022978
1 0.536458 0.746783 0.011458 0.017463
1 0.535156 0.724724 0.021354 0.024816
1 0.526042 0.644761 0.015625 0.02114
1 0.465365 0.68796 0.018229 0.032169
1 0.485677 0.733456 0.008854 0.018382
1 0.498438 0.924632 0.017708 0.029412
1 0.482031 0.970588 0.013021 0.023897
1 0.101562 0.765625 0.03125 0.097426
1 0.163542 0.933824 0.035417 0.071691
1 0.113021 0.865349 0.0375 0.043199
1 0.009635 0.960478 0.019271 0.020221
1 0.960417 0.78079 0.026042 0.015625
0 0.423958 0.126379 0.078125 0.157169
0 0.647917 0.506434 0.103125 0.178309
0 0.567969 0.378217 0.028646 0.326287
1 0.852865 0.943474 0.011979 0.028493
1 0.622656 0.985754 0.023438 0.028493
1 0.539062 0.821232 0.011458 0.022978
1 0.529167 0.805607 0.011458 0.022978
1 0.101823 0.378676 0.017188 0.023897
1 0.04974 0.342371 0.020312 0.045037
1 0.029427 0.341912 0.023438 0.068015
1 0.939583 0.759191 0.017708 0.027574
