0 0.753125 0.990349 0.029167 0.019301
1 0.768229 0.932445 0.01875 0.035846
1 0.45599 0.787224 0.008854 0.017463
1 0.844792 0.78171 0.019792 0.030331
0 0.609115 0.710018 0.024479 0.043199
1 0.78125 0.549173 0.01875 0.01011
1 0.010938 0.491728 0.017708 0.009191
1 0.373438 0.507812 0.044792 0.059743
0 0.502344 0.415441 0.025521 0.053309
0 0.044271 0.369026 0.025 0.04136
0 0.946094 0.336857 0.014062 0.048713
0 0.3875 0.152574 0.022917 0.049632
0 0.829948 0.064798 0.015104 0.04136
1 0.61276 0.017923 0.009896 0.013787
