0 0.568229 0.317555 0.223958 0.304228
0 0.429688 0.110754 0.203125 0.181066
1 0.15625 0.909926 0.0125 0.011029
1 0.286198 0.772059 0.008854 0.018382
1 0.047656 0.220588 0.025521 0.027574
1 0.131771 0.107537 0.013542 0.023897
1 0.449479 0.301471 0.007292 0.018382
1 0.449219 0.340074 0.006771 0.018382
1 0.357552 0.38511 0.010938 0.018382
1 0.371875 0.561581 0.008333 0.018382
1 0.40651 0.632812 0.006771 0.019301
1 0.56901 0.501838 0.005729 0.022059
1 0.679688 0.580882 0.019792 0.016544
1 0.683073 0.772978 0.010938 0.016544
1 0.809375 0.68796 0.008333 0.017463
1 0.965104 0.611673 0.019792 0.01011
1 0.871615 0.27068 0.013021 0.024816
1 0.780208 0.331801 0.011458 0.022059
1 0.661719 0.09375 0.010938 0.014706
1 0.722656 0.142004 0.008854 0.015625
1 0.784635 0.170956 0.018229 0.007353
1 0.77526 0.07261 0.010938 0.022059
1 0.817969 0.081801 0.008854 0.018382
0 0.719531 0.890625 0.121354 0.178309
