1 0.227344 0.463695 0.015104 0.019301
1 0.207292 0.960478 0.019792 0.066176
1 0.396875 0.649816 0.0125 0.029412
1 0.358333 0.517004 0.019792 0.02114
1 0.439062 0.779412 0.00625 0.034926
1 0.614583 0.488971 0.008333 0.049632
1 0.480469 0.313419 0.014062 0.025735
1 0.536198 0.212776 0.007812 0.057904
1 0.56224 0.193934 0.013021 0.03125
1 0.640104 0.019301 0.030208 0.038603
1 0.81901 0.111673 0.031771 0.013787
0 0.841406 0.13557 0.011979 0.02114
1 0.903125 0.337776 0.033333 0.022978
0 0.888542 0.63557 0.016667 0.013787
1 0.7625 0.482996 0.014583 0.024816
1 0.854948 0.774816 0.025521 0.027574
1 0.154167 0.077665 0.120833 0.155331
1 0.277083 0.09329 0.188542 0.186581
1 0.275521 0.076287 0.086458 0.084559
1 0.29401 0.236673 0.248438 0.372243
1 0.714323 0.071691 0.056771 0.119485
1 0.979948 0.431066 0.040104 0.139706
1 0.965885 0.59329 0.068229 0.087316
1 0.995312 0.950827 0.007292 0.022978
1 0.909635 0.981618 0.014062 0.016544
1 0.08151 0.596507 0.013021 0.033088
1 0.020573 0.909467 0.041146 0.181066
0 0.846875 0.373621 0.084375 0.109375
1 0.096354 0.672794 0.067708 0.117647
1 0.717188 0.71875 0.040625 0.075368
1 0.265365 0.657169 0.232812 0.369485
1 0.536979 0.272518 0.044792 0.061581
1 0.74349 0.574449 0.107812 0.233456
1 0.590625 0.151195 0.025 0.059743
0 0.532031 0.493107 0.043229 0.056066
