1 0.306771 0.590074 0.036458 0.018382
1 0.646354 0.709559 0.046875 0.051471
0 0.464583 0.045956 0.076042 0.090074
1 0.65625 0.636949 0.023958 0.077206
1 0.448438 0.603401 0.019792 0.032169
1 0.422396 0.625919 0.030208 0.033088
0 0.553646 0.221507 0.1375 0.443015
1 0.490625 0.188419 0.026042 0.027574
1 0.505469 0.162684 0.019271 0.025735
1 0.586979 0.170037 0.023958 0.071691
1 0.348698 0.056526 0.025521 0.035846
1 0.642969 0.058824 0.054688 0.090074
1 0.678125 0.125 0.011458 0.068015
1 0.728906 0.102482 0.021354 0.017463
1 0.72474 0.060662 0.016146 0.033088
1 0.76849 0.054688 0.010938 0.04136
1 0.829427 0.06204 0.018229 0.118566
1 0.74401 0.398897 0.020312 0.060662
1 0.735677 0.883272 0.030729 0.023897
1 0.589323 0.610754 0.019271 0.035846
1 0.601302 0.493566 0.016146 0.056985
1 0.426302 0.653033 0.017188 0.015625
1 0.408854 0.793658 0.009375 0.046875
