1 0.111719 0.532629 0.023438 0.022978
1 0.275521 0.52114 0.051042 0.047794
1 0.784635 0.496324 0.050521 0.033088
1 0.504167 0.508272 0.06875 0.060662
1 0.01276 0.51011 0.025521 0.071691
1 0.452083 0.501379 0.046875 0.061581
1 0.832292 0.484835 0.020833 0.050551
1 0.21276 0.490809 0.030729 0.073529
1 0.813281 0.465993 0.029688 0.056985
1 0.525 0.473346 0.040625 0.075368
1 0.558333 0.488971 0.032292 0.108456
1 0.42474 0.475643 0.061979 0.085478
1 0.30625 0.490809 0.04375 0.117647
1 0.482031 0.455423 0.048438 0.056066
1 0.840625 0.43704 0.029167 0.039522
