1 0.159115 0.430607 0.045312 0.070772
1 0.034115 0.346967 0.021354 0.035846
1 0.421875 0.192096 0.0375 0.053309
1 0.668229 0.382812 0.020833 0.043199
1 0.678906 0.412224 0.032812 0.045037
1 0.714062 0.408548 0.014583 0.04136
1 0.715365 0.604779 0.019271 0.036765
1 0.644271 0.560662 0.013542 0.03125
1 0.778906 0.555147 0.016146 0.045956
1 0.914844 0.493107 0.026562 0.04136
1 0.945833 0.491728 0.020833 0.029412
1 0.938542 0.660846 0.017708 0.03125
1 0.950781 0.710478 0.022396 0.034926
1 0.911458 0.730239 0.0125 0.039522
1 0.854167 0.777114 0.015625 0.026654
1 0.817969 0.835938 0.026562 0.059743
1 0.780208 0.829044 0.027083 0.049632
1 0.752344 0.880974 0.019271 0.039522
1 0.655469 0.926011 0.026562 0.046875
1 0.411719 0.97886 0.021354 0.038603
1 0.920312 0.934283 0.021875 0.045037
1 0.940365 0.943474 0.013021 0.045037
1 0.076823 0.04182 0.018229 0.035846
1 0.034115 0.207261 0.014062 0.04136
1 0.060417 0.335938 0.0125 0.037684
1 0.095052 0.067555 0.010938 0.019301
1 0.13099 0.045037 0.022396 0.022059
1 0.186979 0.238511 0.026042 0.043199
1 0.203125 0.214614 0.016667 0.015625
1 0.240885 0.142463 0.013021 0.022059
1 0.276823 0.160846 0.013021 0.027574
1 0.348438 0.144301 0.027083 0.051471
1 0.242448 0.298254 0.015104 0.017463
1 0.238281 0.395221 0.020312 0.023897
1 0.271354 0.393382 0.013542 0.027574
1 0.289844 0.386949 0.006771 0.020221
1 0.277604 0.358915 0.0125 0.035846
1 0.26849 0.316176 0.024479 0.034926
1 0.291406 0.326746 0.017188 0.024816
1 0.372917 0.186581 0.0125 0.049632
1 0.391406 0.169118 0.027604 0.055147
1 0.422135 0.287684 0.005729 0.036765
1 0.45625 0.108456 0.013542 0.033088
1 0.465885 0.047335 0.008854 0.02114
1 0.461979 0.030331 0.014583 0.016544
1 0.435938 0.01011 0.013542 0.020221
1 0.499219 0.040441 0.021354 0.027574
1 0.489062 0.055147 0.015625 0.018382
1 0.490365 0.090533 0.013021 0.013787
1 0.503125 0.087776 0.013542 0.019301
1 0.515885 0.077206 0.019271 0.022059
1 0.51276 0.110754 0.010938 0.019301
1 0.523177 0.136489 0.017188 0.024816
1 0.53125 0.240349 0.019792 0.019301
1 0.545052 0.322151 0.014062 0.022978
1 0.588542 0.30193 0.0125 0.02114
1 0.629948 0.180147 0.018229 0.036765
1 0.924479 0.005515 0.013542 0.011029
1 0.911979 0.015625 0.01875 0.016544
1 0.934635 0.059283 0.018229 0.032169
1 0.95026 0.386489 0.006771 0.022978
1 0.954427 0.415901 0.014062 0.045037
1 0.901562 0.296415 0.014583 0.015625
1 0.888802 0.346507 0.033854 0.047794
1 0.86875 0.318015 0.007292 0.020221
1 0.857031 0.361213 0.014062 0.020221
1 0.851042 0.348346 0.010417 0.014706
1 0.838542 0.32307 0.019792 0.032169
1 0.779948 0.255515 0.016146 0.020221
1 0.686719 0.329504 0.013021 0.02114
1 0.640365 0.462776 0.011979 0.026654
1 0.641406 0.505055 0.011979 0.026654
1 0.647396 0.634191 0.032292 0.044118
1 0.677083 0.610754 0.04375 0.054228
1 0.688802 0.634191 0.029688 0.03125
1 0.694792 0.529871 0.020833 0.046875
1 0.660417 0.506434 0.013542 0.027574
1 0.678646 0.479779 0.0125 0.033088
1 0.713542 0.5 0.045833 0.053309
1 0.734896 0.403033 0.035417 0.068934
1 0.745573 0.326746 0.014062 0.01011
1 0.680208 0.306066 0.015625 0.016544
1 0.778385 0.317096 0.010938 0.029412
1 0.774479 0.371783 0.05625 0.113051
1 0.790625 0.386489 0.019792 0.045037
1 0.81224 0.392923 0.013021 0.02114
1 0.807812 0.402574 0.0125 0.014706
1 0.775 0.442096 0.019792 0.027574
1 0.78151 0.500919 0.033854 0.055147
1 0.801042 0.530331 0.016667 0.034926
1 0.804167 0.45818 0.022917 0.037684
1 0.821094 0.475643 0.013021 0.02114
1 0.832812 0.427849 0.032292 0.063419
1 0.888281 0.455423 0.013021 0.022978
1 0.89974 0.595129 0.046354 0.079963
1 0.845052 0.547794 0.021354 0.047794
1 0.863281 0.570312 0.016146 0.024816
1 0.842708 0.585018 0.027083 0.057904
1 0.828906 0.613051 0.029688 0.091912
1 0.865365 0.617188 0.018229 0.043199
1 0.965625 0.650735 0.007292 0.020221
1 0.909896 0.636029 0.01875 0.023897
1 0.904427 0.647059 0.015104 0.020221
1 0.867708 0.663603 0.020833 0.045956
1 0.99375 0.759191 0.0125 0.027574
1 0.98151 0.838235 0.032812 0.049632
1 0.843229 0.72886 0.016667 0.033088
1 0.810677 0.865349 0.026562 0.037684
1 0.813542 0.724724 0.0125 0.032169
1 0.829948 0.685202 0.021354 0.02114
1 0.805469 0.692096 0.016146 0.0625
1 0.779948 0.691636 0.034896 0.05239
1 0.788281 0.735754 0.014062 0.034007
1 0.730469 0.664522 0.023438 0.051471
1 0.738802 0.693015 0.011979 0.023897
1 0.741146 0.71829 0.03125 0.024816
1 0.739844 0.765625 0.038021 0.055147
1 0.708073 0.69761 0.031771 0.102941
1 0.706771 0.784467 0.023958 0.05239
1 0.700521 0.745404 0.009375 0.027574
1 0.672396 0.683364 0.0625 0.068934
1 0.609635 0.857996 0.024479 0.056066
1 0.645573 0.992188 0.008854 0.013787
1 0.590625 0.859375 0.021875 0.055147
1 0.564844 0.880055 0.059896 0.068934
1 0.582031 0.94761 0.024479 0.047794
1 0.567708 0.917739 0.01875 0.02114
1 0.55625 0.877757 0.010417 0.016544
1 0.564583 0.828585 0.023958 0.039522
1 0.557812 0.84375 0.015625 0.016544
1 0.551302 0.807904 0.017188 0.033088
1 0.536979 0.855699 0.015625 0.014706
1 0.504948 0.840533 0.007812 0.019301
1 0.492448 0.862132 0.015104 0.023897
1 0.556771 0.992647 0.021875 0.014706
1 0.51224 0.987132 0.023438 0.023897
1 0.508073 0.96921 0.013021 0.019301
1 0.492448 0.978401 0.017188 0.024816
1 0.439062 0.900276 0.026042 0.043199
1 0.339062 0.783088 0.007292 0.034926
1 0.328906 0.779871 0.013021 0.017463
0 0.467188 0.331801 0.151042 0.167279
0 0.35 0.068015 0.13125 0.075368
0 0.788021 0.944393 0.065625 0.109375
0 0.568229 0.565257 0.08125 0.325368
1 0.552344 0.376379 0.015104 0.032169
1 0.273438 0.283088 0.01875 0.018382
1 0.327865 0.340533 0.015104 0.02114
1 0.048177 0.390165 0.021354 0.035846
1 0.096094 0.342371 0.011979 0.017463
1 0.117188 0.257353 0.019792 0.029412
1 0.089323 0.278493 0.010938 0.027574
1 0.090104 0.194393 0.016667 0.02114
1 0.125521 0.181985 0.017708 0.016544
1 0.175521 0.085938 0.009375 0.017463
1 0.247917 0.176011 0.013542 0.017463
1 0.3125 0.321691 0.011458 0.018382
1 0.71849 0.949908 0.009896 0.017463
1 0.73125 0.873621 0.014583 0.017463
