1 0.366406 0.990349 0.054688 0.019301
1 0.128385 0.443474 0.014062 0.02114
1 0.925521 0.471048 0.039583 0.087316
1 0.501823 0.435202 0.025521 0.05239
1 0.922656 0.415441 0.009896 0.016544
1 0.290104 0.423254 0.013542 0.043199
1 0.973958 0.420037 0.048958 0.051471
1 0.457812 0.415441 0.03125 0.051471
1 0.625521 0.410846 0.020833 0.044118
1 0.684115 0.413603 0.038021 0.053309
1 0.123438 0.394301 0.032292 0.040441
1 0.873177 0.403952 0.032812 0.065257
1 0.897656 0.394761 0.050521 0.048713
1 0.166406 0.379136 0.013021 0.024816
1 0.405729 0.408548 0.027083 0.089154
1 0.953125 0.381434 0.010417 0.040441
1 0.067448 0.392923 0.029688 0.063419
1 0.491667 0.398897 0.057292 0.077206
1 0.967448 0.384191 0.018229 0.051471
1 0.763542 0.389246 0.040625 0.065257
1 0.008073 0.400735 0.016146 0.090074
1 0.542708 0.403493 0.060417 0.097426
1 0.428646 0.386489 0.029167 0.065257
1 0.214323 0.399816 0.048438 0.097426
1 0.786719 0.383272 0.021354 0.073529
1 0.084115 0.368566 0.018229 0.045956
1 0.10625 0.374081 0.030208 0.064338
1 0.683333 0.356158 0.021875 0.030331
1 0.846615 0.352022 0.042188 0.09375
1 0.898438 0.351562 0.080208 0.094669
1 0.457031 0.335478 0.042188 0.064338
