0 0.232552 0.352941 0.120312 0.198529
0 0.817188 0.45818 0.078125 0.182904
0 0.43099 0.438879 0.138021 0.113051
1 0.010677 0.903952 0.013021 0.019301
1 0.022917 0.888327 0.013542 0.022978
1 0.016146 0.304688 0.017708 0.078125
1 0.00599 0.219669 0.007812 0.056985
1 0.078125 0.427849 0.017708 0.01011
1 0.053385 0.447151 0.011979 0.01011
1 0.117448 0.738971 0.016146 0.03125
1 0.130208 0.711397 0.010417 0.023897
1 0.24974 0.196691 0.013021 0.029412
1 0.307812 0.226103 0.014583 0.022059
1 0.341406 0.185202 0.013021 0.037684
1 0.345833 0.348805 0.013542 0.013787
1 0.372917 0.331801 0.01875 0.034926
1 0.347917 0.295496 0.014583 0.017463
1 0.399479 0.379596 0.029167 0.018382
1 0.530208 0.359375 0.023958 0.0625
1 0.56276 0.26057 0.016146 0.011949
1 0.429948 0.01057 0.009896 0.017463
1 0.536198 0.022518 0.030729 0.039522
1 0.563542 0.066176 0.013542 0.018382
1 0.586198 0.076746 0.018229 0.008272
1 0.573958 0.113971 0.013542 0.03125
1 0.686458 0.067096 0.011458 0.027574
1 0.76901 0.028493 0.021354 0.012868
1 0.89401 0.03171 0.009896 0.032169
1 0.773958 0.08318 0.007292 0.045037
1 0.889323 0.110754 0.016146 0.032169
1 0.913542 0.174632 0.021875 0.064338
1 0.715365 0.171875 0.011979 0.025735
1 0.729948 0.244026 0.017188 0.078125
1 0.788542 0.286305 0.017708 0.057904
1 0.829167 0.28079 0.030208 0.039522
1 0.760938 0.356618 0.022917 0.016544
1 0.870573 0.266544 0.016146 0.011029
1 0.967708 0.433824 0.016667 0.053309
1 0.921094 0.486673 0.017188 0.045037
1 0.90651 0.634191 0.015104 0.066176
1 0.698438 0.485754 0.008333 0.030331
1 0.671615 0.456801 0.013021 0.029412
1 0.618229 0.618107 0.026042 0.043199
1 0.553906 0.683824 0.029688 0.025735
1 0.346615 0.556526 0.028646 0.07261
1 0.320052 0.835938 0.011979 0.022978
1 0.396875 0.988511 0.013542 0.022978
1 0.419792 0.850184 0.05 0.034926
1 0.469271 0.881434 0.016667 0.040441
1 0.525781 0.752757 0.029688 0.014706
1 0.707812 0.829044 0.016667 0.007353
1 0.773438 0.758272 0.032292 0.088235
1 0.736458 0.926011 0.032292 0.01011
1 0.873958 0.865809 0.008333 0.038603
