1 0.055469 0.923713 0.008854 0.016544
1 0.650521 0.922335 0.020833 0.030331
1 0.496094 0.914062 0.031771 0.043199
1 0.035156 0.911305 0.027604 0.045037
1 0.21901 0.893842 0.036979 0.017463
0 0.213021 0.834099 0.065625 0.107537
0 0.059375 0.880055 0.11875 0.23989
0 0.663802 0.821232 0.072396 0.125919
0 0.383854 0.814798 0.089583 0.113051
1 0.240104 0.765625 0.023958 0.03125
1 0.329167 0.751838 0.021875 0.033088
0 0.940104 0.76011 0.058333 0.069853
1 0.990104 0.667739 0.019792 0.05239
1 0.579688 0.320312 0.013542 0.032169
1 0.56276 0.298713 0.029688 0.038603
1 0.127865 0.273897 0.025521 0.058824
1 0.593229 0.214154 0.013542 0.023897
0 0.700781 0.229779 0.124479 0.09375
0 0.467188 0.217371 0.059375 0.089154
0 0.828646 0.174632 0.0625 0.080882
0 0.565104 0.186121 0.082292 0.151654
0 0.190104 0.1875 0.096875 0.172794
1 0.291667 0.098805 0.013542 0.024816
1 0.081771 0.054688 0.0375 0.057904
1 0.290885 0.015625 0.017188 0.023897
1 0.242708 0.011949 0.008333 0.023897
