1 0.176823 0.005974 0.024479 0.011949
1 0.284896 0.661305 0.022917 0.013787
0 0.363542 0.338235 0.022917 0.075368
1 0.363021 0.224265 0.021875 0.044118
1 0.435156 0.244945 0.025521 0.032169
1 0.350521 0.028033 0.00625 0.028493
1 0.319792 0.032629 0.04375 0.035846
1 0.275521 0.068474 0.034375 0.081801
1 0.347917 0.559283 0.015625 0.017463
1 0.455729 0.630055 0.028125 0.028493
1 0.459896 0.90671 0.016667 0.013787
1 0.554427 0.827206 0.019271 0.018382
1 0.503906 0.40625 0.011979 0.044118
1 0.566406 0.180607 0.031771 0.078125
1 0.599219 0.188879 0.017188 0.015625
1 0.711198 0.059743 0.038021 0.034926
1 0.738281 0.090074 0.019271 0.022059
1 0.877083 0.125 0.029167 0.038603
1 0.658854 0.195772 0.008333 0.03125
1 0.673177 0.15671 0.013021 0.05239
1 0.645052 0.503676 0.034896 0.066176
1 0.699219 0.567096 0.049479 0.069853
1 0.683854 0.774357 0.0375 0.094669
1 0.69974 0.68704 0.025521 0.037684
1 0.784115 0.733456 0.059896 0.102941
1 0.83724 0.984835 0.040104 0.030331
1 0.95651 0.704044 0.016146 0.014706
1 0.947656 0.663143 0.018229 0.01011
1 0.849219 0.474724 0.040104 0.030331
1 0.830729 0.412684 0.01875 0.033088
1 0.685677 0.332721 0.031771 0.058824
1 0.75651 0.233915 0.018229 0.024816
1 0.911198 0.335478 0.020312 0.007353
0 0.457292 0.264246 0.120833 0.528493
0 0.552344 0.633272 0.245312 0.288603
