1 0.50651 0.990809 0.008854 0.018382
1 0.742188 0.899816 0.008333 0.020221
1 0.096094 0.831342 0.008854 0.019301
1 0.408594 0.717371 0.008854 0.017463
1 0.889323 0.691176 0.005729 0.022059
1 0.798438 0.663143 0.011458 0.017463
1 0.896354 0.530331 0.009375 0.014706
1 0.777604 0.520221 0.010417 0.018382
1 0.836198 0.486213 0.007812 0.018382
1 0.408594 0.474724 0.013021 0.022978
1 0.773958 0.465533 0.013542 0.035846
1 0.354167 0.44761 0.00625 0.020221
1 0.619792 0.434743 0.007292 0.016544
1 0.403125 0.422794 0.007292 0.018382
1 0.642708 0.418658 0.0125 0.02114
1 0.661719 0.414982 0.007812 0.017463
1 0.388802 0.410846 0.008854 0.023897
1 0.661458 0.396599 0.008333 0.02114
1 0.734896 0.393382 0.008333 0.020221
1 0.445833 0.327665 0.008333 0.017463
1 0.240365 0.300092 0.009896 0.019301
1 0.890625 0.243566 0.007292 0.018382
