0 0.160938 0.51011 0.092708 0.086397
0 0.516927 0.551011 0.078646 0.089154
0 0.253385 0.921875 0.028646 0.088235
0 0.822135 0.544118 0.060938 0.058824
0 0.155208 0.255055 0.075 0.13511
0 0.939583 0.040901 0.052083 0.081801
1 0.104167 0.97886 0.026042 0.038603
1 0.021615 0.634191 0.013021 0.051471
1 0.035938 0.523897 0.007292 0.029412
1 0.26276 0.975643 0.020312 0.022978
1 0.150781 0.160386 0.014062 0.026654
1 0.434115 0.159007 0.013021 0.038603
1 0.449219 0.148438 0.008854 0.022978
1 0.491667 0.186121 0.011458 0.017463
1 0.591406 0.164522 0.019271 0.016544
1 0.455208 0.069853 0.005208 0.023897
1 0.521615 0.028493 0.027604 0.022059
1 0.490625 0.07261 0.022917 0.027574
1 0.88099 0.285386 0.008854 0.035846
1 0.983854 0.373162 0.007292 0.016544
1 0.972917 0.41682 0.01875 0.013787
0 0.99375 0.532169 0.0125 0.018382
1 0.4375 0.362132 0.016667 0.03125
1 0.472656 0.346048 0.024479 0.01011
1 0.551562 0.047794 0.008333 0.020221
1 0.460677 0.378676 0.010938 0.033088
1 0.455208 0.412684 0.014583 0.055147
1 0.479688 0.390625 0.020833 0.03125
1 0.490885 0.431526 0.013021 0.04136
1 0.538542 0.454963 0.011458 0.049632
1 0.554427 0.397518 0.010938 0.032169
1 0.563281 0.467831 0.013021 0.033088
1 0.696875 0.454504 0.011458 0.02114
1 0.685938 0.503676 0.007292 0.025735
1 0.569792 0.581342 0.020833 0.024816
1 0.50625 0.649816 0.017708 0.036765
1 0.423177 0.743107 0.007812 0.050551
1 0.394531 0.753676 0.030729 0.022059
1 0.452865 0.975184 0.019271 0.016544
1 0.603906 0.698989 0.008854 0.026654
