1 0.035677 0.974265 0.048438 0.051471
1 0.00625 0.973346 0.0125 0.053309
1 0.96224 0.681985 0.040104 0.025735
1 0.91875 0.646599 0.026042 0.039522
1 0.826823 0.627757 0.026562 0.038603
1 0.848698 0.613971 0.022396 0.049632
1 0.678125 0.559283 0.020833 0.026654
1 0.582031 0.508732 0.028646 0.054228
1 0.532812 0.476562 0.0375 0.046875
1 0.508854 0.460478 0.015625 0.042279
1 0.472135 0.448989 0.022396 0.05239
1 0.56901 0.443474 0.032812 0.063419
1 0.383854 0.420496 0.017708 0.046875
1 0.407552 0.417739 0.034896 0.043199
1 0.314323 0.422794 0.032812 0.082721
1 0.239323 0.383272 0.042188 0.038603
1 0.360677 0.383272 0.031771 0.051471
1 0.307031 0.369026 0.041146 0.056066
1 0.245312 0.338695 0.025 0.048713
1 0.259115 0.31296 0.015104 0.030331
1 0.226302 0.315717 0.022396 0.045037
1 0.10599 0.289522 0.020312 0.060662
1 0.052083 0.287224 0.038542 0.068934
1 0.032031 0.253676 0.024479 0.042279
1 0.11901 0.247243 0.026562 0.066176
1 0.851042 0.012868 0.03125 0.025735
1 0.796875 0.009651 0.026042 0.019301
