1 0.138281 0.600643 0.020312 0.019301
1 0.094531 0.588235 0.008854 0.025735
1 0.475521 0.566636 0.019792 0.008272
1 0.723958 0.545037 0.0125 0.014706
0 0.611198 0.464614 0.007812 0.015625
0 0.40599 0.444853 0.007812 0.023897
0 0.825 0.445312 0.0125 0.032169
1 0.447917 0.430607 0.010417 0.02114
1 0.072396 0.411305 0.005208 0.030331
1 0.044271 0.379596 0.008333 0.020221
1 0.60625 0.369026 0.017708 0.006434
1 0.258073 0.357996 0.016146 0.026654
1 0.508333 0.349724 0.007292 0.022978
1 0.478646 0.352941 0.020833 0.029412
1 0.28125 0.34375 0.014583 0.040441
1 0.500781 0.331342 0.008854 0.019301
1 0.00625 0.332261 0.009375 0.02114
1 0.211719 0.319853 0.020312 0.036765
1 0.490625 0.26057 0.014583 0.026654
1 0.944531 0.212776 0.008854 0.02114
1 0.283073 0.077665 0.011979 0.022978
1 0.046094 0.060202 0.030729 0.050551
