1 0.202604 0.487592 0.038542 0.050551
1 0.278125 0.513787 0.05625 0.106618
1 0.140104 0.486213 0.042708 0.053309
1 0.370312 0.490349 0.051042 0.078125
1 0.754167 0.488511 0.034375 0.092831
1 0.454948 0.488511 0.043229 0.098346
1 0.6875 0.484835 0.080208 0.098346
1 0.79401 0.465074 0.032812 0.066176
1 0.90599 0.463235 0.019271 0.069853
1 0.875 0.471048 0.038542 0.087316
1 0.475781 0.47886 0.051562 0.106618
1 0.417188 0.4375 0.061458 0.042279
1 0.951562 0.451746 0.054167 0.087316
1 0.53099 0.446691 0.051562 0.079044
1 0.73099 0.445772 0.030729 0.088235
1 0.894792 0.419577 0.01875 0.046875
1 0.617969 0.432445 0.032812 0.087316
1 0.578125 0.456801 0.091667 0.139706
1 0.854948 0.417739 0.050521 0.081801
