1 0.15625 0.882353 0.026042 0.038603
1 0.13776 0.827206 0.015104 0.025735
1 0.006771 0.738511 0.0125 0.011949
0 0.127344 0.724265 0.009896 0.016544
0 0.150521 0.709559 0.019792 0.012868
1 0.194271 0.698989 0.028125 0.035846
0 0.135938 0.713235 0.0125 0.066176
1 0.465625 0.672794 0.013542 0.025735
1 0.155469 0.619026 0.030729 0.04136
0 0.309375 0.58364 0.032292 0.040441
0 0.458854 0.494945 0.027083 0.034007
1 0.75599 0.400735 0.017188 0.012868
1 0.597135 0.420956 0.048438 0.064338
1 0.794271 0.357996 0.011458 0.022978
1 0.784115 0.33318 0.007812 0.015625
1 0.869792 0.319393 0.016667 0.043199
0 0.773438 0.294118 0.017708 0.033088
1 0.151562 0.271599 0.042708 0.063419
0 0.914062 0.199908 0.025 0.032169
1 0.801302 0.206801 0.023438 0.053309
1 0.62474 0.177849 0.009896 0.019301
1 0.397656 0.138787 0.005729 0.022059
1 0.728385 0.101562 0.026562 0.030331
1 0.167708 0.098346 0.075 0.091912
0 0.053385 0.060662 0.019271 0.042279
1 0.257031 0.029871 0.039062 0.054228
