1 0.322135 0.139706 0.014062 0.080882
1 0.297135 0.491268 0.008854 0.017463
1 0.376562 0.408088 0.014583 0.018382
1 0.447656 0.685662 0.035938 0.040441
1 0.538802 0.64568 0.007812 0.02114
1 0.52526 0.514246 0.010938 0.015625
1 0.58099 0.137408 0.007812 0.026654
1 0.596615 0.089154 0.028646 0.036765
1 0.774479 0.267004 0.007292 0.046875
1 0.961198 0.657629 0.007812 0.024816
1 0.907031 0.726103 0.061979 0.09375
1 0.952344 0.725184 0.019271 0.042279
1 0.936719 0.780331 0.009896 0.016544
1 0.88776 0.840074 0.221354 0.319853
0 0.459115 0.484375 0.076562 0.158088
0 0.575 0.471048 0.044792 0.162684
0 0.183073 0.469669 0.060938 0.082721
0 0.821875 0.51057 0.029167 0.068934
1 0.384635 0.196232 0.116146 0.232537
