1 0.710417 0.688879 0.078125 0.175551
1 0.711719 0.797794 0.049479 0.068015
1 0.804167 0.789062 0.038542 0.094669
1 0.35651 0.866728 0.027604 0.025735
1 0.402865 0.945772 0.026562 0.018382
1 0.45599 0.721048 0.038021 0.045037
1 0.327865 0.514246 0.024479 0.059743
1 0.222135 0.613051 0.038021 0.110294
1 0.366406 0.279412 0.024479 0.036765
1 0.509635 0.198529 0.069271 0.056985
1 0.564583 0.053768 0.139583 0.107537
1 0.595312 0.119026 0.008333 0.017463
1 0.728646 0.084099 0.026042 0.01011
1 0.719271 0.112592 0.025 0.02114
1 0.940625 0.112132 0.11875 0.224265
1 0.993229 0.439338 0.009375 0.042279
1 0.780469 0.321691 0.026562 0.045956
1 0.943229 0.673713 0.113542 0.303309
1 0.989844 0.556526 0.020312 0.056066
1 0.9875 0.894761 0.025 0.050551
1 0.891667 0.820772 0.020833 0.027574
1 0.835677 0.727482 0.015104 0.034007
1 0.685417 0.931526 0.034375 0.037684
1 0.61901 0.671875 0.014062 0.025735
1 0.593229 0.69761 0.008333 0.036765
1 0.565625 0.784467 0.022917 0.022978
0 0.495573 0.448989 0.139062 0.29136
1 0.832552 0.203585 0.130729 0.236213
1 0.897135 0.471967 0.131771 0.184743
1 0.753646 0.925092 0.11875 0.147978
1 0.911198 0.862592 0.027604 0.05239
1 0.017448 0.564798 0.034896 0.050551
1 0.077604 0.553768 0.014583 0.019301
1 0.163802 0.453585 0.009896 0.024816
1 0.1625 0.431066 0.017708 0.025735
1 0.319792 0.445772 0.015625 0.025735
1 0.63125 0.45818 0.015625 0.008272
1 0.652865 0.470588 0.022396 0.023897
