1 0.444792 0.640165 0.103125 0.22886
1 0.480208 0.721507 0.055208 0.086397
1 0.314583 0.072151 0.171875 0.144301
1 0.317188 0.181066 0.220833 0.354779
1 0.142188 0.086397 0.017708 0.047794
1 0.120052 0.068015 0.026562 0.033088
1 0.132552 0.490349 0.014062 0.022978
1 0.18724 0.569393 0.007812 0.026654
1 0.095833 0.638787 0.03125 0.038603
1 0.327604 0.765625 0.025 0.014706
1 0.25 0.971967 0.015625 0.050551
1 0.608333 0.585478 0.1 0.170956
1 0.572656 0.605699 0.021354 0.042279
1 0.684896 0.652114 0.076042 0.140625
1 0.588802 0.178768 0.017188 0.054228
1 0.532552 0.428768 0.013021 0.02114
1 0.929688 0.556526 0.019792 0.030331
1 0.842708 0.915441 0.014583 0.040441
1 0.959115 0.921415 0.013021 0.02114
1 0.970312 0.948529 0.00625 0.053309
1 0.991406 0.751379 0.017188 0.028493
1 0.99349 0.795496 0.011979 0.017463
1 0.992708 0.838235 0.0125 0.022059
1 0.678125 0.831342 0.264583 0.337316
1 0.14401 0.92693 0.042188 0.14614
1 0.084115 0.742647 0.153646 0.246324
1 0.317188 0.930607 0.160417 0.136949
0 0.3375 0.492188 0.028125 0.221507
1 0.463021 0.794118 0.110417 0.152574
0 0.776823 0.39568 0.100521 0.236213
0 0.579167 0.436121 0.044792 0.190257
1 0.175521 0.887868 0.10625 0.222426
1 0.009115 0.325827 0.018229 0.192096
1 0.445573 0.902574 0.005729 0.036765
