1 0.630729 0.674173 0.033333 0.067096
1 0.457812 0.473346 0.015625 0.023897
1 0.264323 0.274357 0.013021 0.02114
1 0.108333 0.077206 0.022917 0.029412
1 0.177604 0.719669 0.014583 0.023897
1 0.269531 0.399816 0.014062 0.020221
1 0.390885 0.783548 0.013021 0.02114
1 0.375 0.818474 0.014583 0.035846
1 0.76224 0.450368 0.022396 0.038603
1 0.713021 0.980239 0.021875 0.039522
1 0.398698 0.367647 0.029688 0.055147
0 0.963021 0.942096 0.063542 0.113971
0 0.475521 0.561121 0.046875 0.063419
1 0.396875 0.337776 0.016667 0.022978
