1 0.011979 0.225643 0.023958 0.122243
0 0.023698 0.352941 0.047396 0.053309
1 0.010156 0.492647 0.020312 0.148897
1 0.116927 0.537224 0.085938 0.127757
1 0.186458 0.51011 0.038542 0.086397
1 0.223438 0.352482 0.089583 0.17739
1 0.245052 0.483456 0.028646 0.03125
1 0.389583 0.521599 0.129167 0.100184
1 0.828385 0.384191 0.015104 0.022059
1 0.820833 0.517463 0.009375 0.03125
1 0.784375 0.728401 0.0125 0.054228
1 0.884896 0.861213 0.014583 0.011029
1 0.842708 0.495864 0.025 0.102022
1 0.892969 0.471967 0.033854 0.090993
1 0.907812 0.528033 0.030208 0.04136
0 0.658854 0.509191 0.103125 0.126838
0 0.841927 0.568474 0.080729 0.13511
0 0.378646 0.43704 0.072917 0.190257
0 0.222135 0.386029 0.069271 0.174632
