1 0.164323 0.991268 0.011979 0.017463
0 0.854427 0.988511 0.007812 0.022978
1 0.651302 0.900735 0.013021 0.012868
0 0.016146 0.899357 0.008333 0.050551
0 0.197135 0.727482 0.018229 0.035846
1 0.871354 0.690717 0.016667 0.02114
0 0.379167 0.580882 0.013542 0.022059
1 0.365885 0.515625 0.007812 0.025735
0 0.510938 0.469669 0.007292 0.049632
1 0.8375 0.245404 0.007292 0.016544
1 0.072656 0.247243 0.007812 0.029412
0 0.833594 0.188879 0.005729 0.045037
0 0.151042 0.163603 0.017708 0.020221
1 0.459896 0.132812 0.01875 0.015625
0 0.996354 0.086397 0.007292 0.025735
1 0.452865 0.082721 0.008854 0.018382
1 0.39401 0.058824 0.035938 0.020221
