1 0.204948 0.128676 0.023438 0.040441
1 0.252604 0.373621 0.019792 0.043199
1 0.271094 0.34375 0.014062 0.027574
1 0.400521 0.599265 0.015625 0.023897
1 0.430208 0.415901 0.014583 0.030331
1 0.526042 0.249081 0.014583 0.029412
1 0.54375 0.264706 0.019792 0.022059
1 0.602083 0.449449 0.026042 0.033088
1 0.622917 0.494485 0.017708 0.029412
1 0.614062 0.518842 0.011458 0.024816
1 0.602865 0.545496 0.024479 0.045037
1 0.633594 0.533548 0.019271 0.043199
1 0.624479 0.564338 0.011458 0.029412
1 0.632552 0.692096 0.023438 0.040441
1 0.640885 0.807445 0.014062 0.028493
1 0.647396 0.831801 0.013542 0.025735
1 0.658073 0.804228 0.016146 0.044118
1 0.652083 0.875919 0.023958 0.042279
1 0.675521 0.828585 0.0125 0.02114
1 0.690885 0.875919 0.053646 0.088235
1 0.69401 0.769761 0.013021 0.02114
1 0.711458 0.821691 0.021875 0.090074
1 0.72474 0.789982 0.015104 0.039522
1 0.732292 0.818015 0.015625 0.058824
0 0.196615 0.080423 0.050521 0.160846
0 0.48724 0.472886 0.191146 0.100184
1 0.738542 0.860294 0.015625 0.038603
1 0.400521 0.227022 0.019792 0.03125
1 0.43099 0.309743 0.013021 0.023897
1 0.484635 0.357996 0.020312 0.034007
1 0.522656 0.276654 0.016146 0.025735
1 0.503125 0.408088 0.010417 0.014706
1 0.714844 0.949908 0.009896 0.022978
1 0.730729 0.946232 0.016667 0.019301
1 0.73776 0.90625 0.010938 0.016544
