1 0.254948 0.98989 0.013021 0.012868
1 0.025 0.987592 0.026042 0.01011
1 0.822135 0.986673 0.031771 0.026654
1 0.182031 0.980239 0.020312 0.013787
1 0.138281 0.979779 0.011979 0.012868
1 0.69974 0.967371 0.024479 0.01011
1 0.010677 0.963695 0.021354 0.02114
1 0.394271 0.945772 0.007292 0.016544
1 0.067708 0.946691 0.038542 0.020221
1 0.739844 0.931985 0.006771 0.018382
1 0.132552 0.920956 0.020312 0.009191
1 0.280729 0.929228 0.03125 0.027574
1 0.008333 0.921875 0.016667 0.022059
1 0.15 0.915901 0.016667 0.022978
1 0.793229 0.921415 0.00625 0.039522
1 0.535156 0.90671 0.011979 0.015625
1 0.169271 0.880055 0.008333 0.019301
1 0.203906 0.886489 0.059896 0.059743
1 0.650521 0.844669 0.008333 0.016544
1 0.627865 0.83318 0.011979 0.011949
1 0.946875 0.834559 0.014583 0.020221
1 0.204688 0.834099 0.029167 0.02114
1 0.149219 0.821232 0.048438 0.028493
1 0.943229 0.81296 0.01875 0.013787
1 0.259896 0.783548 0.014583 0.013787
1 0.583854 0.793658 0.007292 0.035846
1 0.083854 0.778952 0.032292 0.019301
1 0.659115 0.769761 0.014062 0.02114
1 0.473438 0.76011 0.020833 0.012868
1 0.177344 0.756893 0.030729 0.032169
1 0.077344 0.753217 0.029688 0.048713
1 0.913021 0.738511 0.009375 0.02114
1 0.078125 0.727482 0.011458 0.019301
1 0.818229 0.734835 0.026042 0.048713
1 0.957031 0.726103 0.030729 0.044118
1 0.833854 0.709099 0.007292 0.043199
1 0.048958 0.681066 0.009375 0.018382
1 0.514844 0.707721 0.050521 0.080882
1 0.596875 0.668658 0.016667 0.008272
1 0.799479 0.695312 0.013542 0.089154
1 0.567448 0.661765 0.039062 0.042279
1 0.967969 0.637868 0.016146 0.029412
1 0.63125 0.639706 0.03125 0.038603
1 0.94401 0.636949 0.032812 0.053309
1 0.494792 0.625 0.045833 0.03125
1 0.80026 0.603401 0.024479 0.013787
1 0.505469 0.59421 0.014062 0.017463
1 0.630469 0.602941 0.038021 0.040441
1 0.870573 0.597886 0.013021 0.034007
1 0.44375 0.595129 0.01875 0.037684
1 0.888021 0.572151 0.04375 0.028493
1 0.839323 0.607077 0.057812 0.098346
1 0.808594 0.568474 0.020312 0.032169
0 0.682031 0.564338 0.022396 0.038603
1 0.776042 0.550551 0.041667 0.023897
1 0.86901 0.540441 0.011979 0.014706
1 0.902344 0.538143 0.009896 0.037684
1 0.521615 0.529412 0.005729 0.047794
1 0.847135 0.53171 0.008854 0.056066
1 0.753906 0.525276 0.009896 0.048713
1 0.760156 0.505974 0.016146 0.011949
1 0.138542 0.493107 0.023958 0.024816
1 0.95 0.500919 0.035417 0.049632
1 0.46875 0.526654 0.077083 0.101103
1 0.109115 0.504596 0.023438 0.066176
1 0.411979 0.483456 0.036458 0.049632
1 0.380208 0.466912 0.00625 0.020221
0 0.557552 0.475184 0.024479 0.0625
1 0.740885 0.471048 0.029688 0.056066
1 0.83099 0.48989 0.057812 0.112132
1 0.045833 0.432445 0.007292 0.017463
1 0.843229 0.420956 0.013542 0.023897
1 0.553906 0.412684 0.013021 0.022059
1 0.891146 0.414522 0.008333 0.03125
1 0.00599 0.398438 0.011979 0.026654
1 0.683073 0.391085 0.011979 0.013787
1 0.721615 0.394301 0.011979 0.051471
1 0.351823 0.379596 0.015104 0.022059
1 0.409896 0.370404 0.007292 0.027574
0 0.390885 0.370864 0.017188 0.059743
1 0.650781 0.340993 0.016146 0.020221
1 0.717708 0.320772 0.010417 0.012868
1 0.904167 0.326287 0.008333 0.023897
1 0.519531 0.320312 0.010938 0.011949
1 0.355469 0.304228 0.011979 0.020221
1 0.185677 0.33318 0.042188 0.079963
1 0.626823 0.307445 0.006771 0.032169
0 0.289062 0.30193 0.013542 0.046875
1 0.499479 0.272059 0.016667 0.023897
1 0.029427 0.267463 0.007812 0.027574
1 0.659635 0.272059 0.008854 0.038603
1 0.746354 0.26057 0.0125 0.015625
1 0.981771 0.251838 0.021875 0.018382
1 0.884896 0.23989 0.047917 0.0625
1 0.784896 0.227022 0.015625 0.040441
1 0.482812 0.212776 0.011458 0.011949
1 0.933333 0.213695 0.013542 0.019301
1 0.466406 0.267463 0.061979 0.128676
1 0.657031 0.192555 0.008854 0.019301
1 0.973958 0.211857 0.027083 0.065257
1 0.834375 0.182904 0.01875 0.025735
1 0.896094 0.179228 0.008854 0.025735
1 0.809115 0.165441 0.013021 0.025735
1 0.269531 0.167739 0.010938 0.043199
1 0.844792 0.159007 0.015625 0.029412
1 0.763542 0.142004 0.011458 0.015625
1 0.535677 0.160386 0.025521 0.05239
1 0.377604 0.157169 0.028125 0.056985
1 0.486979 0.169118 0.045833 0.082721
1 0.821615 0.139246 0.029688 0.043199
1 0.904948 0.116268 0.045312 0.024816
1 0.039062 0.111213 0.008333 0.020221
1 0.849219 0.119945 0.005729 0.037684
1 0.980729 0.117647 0.0125 0.038603
1 0.611719 0.102022 0.030729 0.011029
1 0.576562 0.089614 0.0125 0.015625
1 0.376562 0.091912 0.017708 0.027574
1 0.550521 0.095588 0.027083 0.036765
1 0.229167 0.085018 0.008333 0.017463
1 0.291146 0.10386 0.04375 0.0625
1 0.807812 0.096507 0.011458 0.047794
1 0.027604 0.080423 0.014583 0.02114
1 0.858854 0.086397 0.005208 0.038603
1 0.917969 0.080423 0.035938 0.045037
1 0.197917 0.07307 0.008333 0.030331
1 0.220573 0.058364 0.014062 0.022978
1 0.299479 0.058824 0.034375 0.029412
1 0.828125 0.059283 0.01875 0.034007
1 0.135156 0.076746 0.040104 0.081801
1 0.577344 0.049632 0.034896 0.03125
1 0.461198 0.061581 0.048438 0.056985
1 0.321615 0.055147 0.031771 0.044118
1 0.190885 0.049632 0.007812 0.034926
1 0.248177 0.053309 0.030729 0.044118
1 0.966667 0.035386 0.00625 0.022978
1 0.444271 0.042739 0.016667 0.046875
1 0.951562 0.022059 0.016667 0.014706
1 0.554688 0.022518 0.00625 0.02114
1 0.069792 0.016544 0.017708 0.009191
1 0.151823 0.019301 0.007812 0.018382
1 0.382292 0.02068 0.025 0.026654
1 0.348958 0.013327 0.029167 0.017463
1 0.147656 0.008732 0.009896 0.015625
1 0.274219 0.018382 0.049479 0.036765
1 0.198438 0.012408 0.027083 0.024816
1 0.09375 0.019301 0.034375 0.038603
