1 0.701823 0.975643 0.022396 0.028493
0 0.859635 0.971048 0.018229 0.032169
1 0.86875 0.95864 0.0125 0.014706
1 0.864323 0.94807 0.016146 0.01011
1 0.953906 0.814338 0.020312 0.011029
1 0.654688 0.814798 0.022917 0.013787
1 0.420052 0.815257 0.009896 0.03125
1 0.696354 0.81204 0.0125 0.030331
1 0.835417 0.795496 0.010417 0.015625
1 0.289844 0.774357 0.015104 0.019301
1 0.495312 0.770221 0.014583 0.027574
0 0.984896 0.795956 0.030208 0.086397
1 0.23776 0.744945 0.014062 0.022978
1 0.358854 0.705882 0.007292 0.020221
1 0.269531 0.699449 0.018229 0.014706
1 0.377083 0.668199 0.009375 0.016544
0 0.828906 0.690257 0.030729 0.075368
1 0.809635 0.65579 0.019271 0.037684
0 0.652083 0.612592 0.038542 0.070772
1 0.609635 0.588695 0.016146 0.026654
1 0.495052 0.553309 0.010938 0.020221
1 0.731771 0.527574 0.016667 0.016544
0 0.486719 0.51057 0.039062 0.079963
0 0.328385 0.444393 0.023438 0.054228
0 0.157552 0.314798 0.029688 0.043199
1 0.636979 0.242188 0.022917 0.02114
0 0.020573 0.268842 0.041146 0.090993
1 0.664323 0.150276 0.010938 0.011949
1 0.267448 0.118566 0.010938 0.014706
1 0.601042 0.06204 0.017708 0.02114
1 0.934115 0.015625 0.015104 0.03125
