1 0.185677 0.485294 0.041146 0.045956
1 0.035677 0.692096 0.018229 0.033088
1 0.615365 0.102482 0.024479 0.043199
1 0.591146 0.909007 0.027083 0.042279
1 0.658594 0.970129 0.021354 0.035846
1 0.014844 0.304228 0.025521 0.036765
1 0.013542 0.37454 0.016667 0.026654
1 0.031771 0.391544 0.015625 0.020221
1 0.009896 0.476103 0.019792 0.044118
1 0.008333 0.53125 0.016667 0.051471
1 0.158854 0.412224 0.0125 0.028493
1 0.173958 0.289982 0.0125 0.019301
1 0.179688 0.224265 0.019792 0.036765
1 0.223438 0.119026 0.030208 0.039522
1 0.191146 0.131434 0.022917 0.033088
1 0.191146 0.087316 0.013542 0.040441
1 0.17526 0.097426 0.021354 0.055147
1 0.148958 0.067555 0.033333 0.037684
1 0.207552 0.081342 0.019271 0.022978
1 0.179167 0.037684 0.01875 0.03125
1 0.148958 0.018842 0.014583 0.037684
1 0.177344 0.011949 0.040104 0.023897
1 0.213281 0.009651 0.021354 0.019301
1 0.347917 0.266544 0.017708 0.023897
1 0.365625 0.277114 0.015625 0.030331
1 0.366146 0.250919 0.016667 0.025735
1 0.403125 0.252298 0.022917 0.043199
1 0.408854 0.28125 0.011458 0.016544
1 0.508333 0.045037 0.013542 0.025735
1 0.746875 0.096507 0.015625 0.023897
1 0.614323 0.34375 0.017188 0.053309
1 0.645573 0.459559 0.018229 0.023897
1 0.653646 0.431526 0.025 0.048713
1 0.65 0.534007 0.009375 0.025735
1 0.81224 0.520221 0.013021 0.023897
1 0.305208 0.946691 0.017708 0.029412
1 0.038542 0.767463 0.025 0.055147
1 0.047656 0.81296 0.025521 0.039522
1 0.024219 0.796415 0.009896 0.013787
1 0.015365 0.811581 0.030729 0.106618
1 0.024479 0.858915 0.020833 0.034007
1 0.009375 0.875919 0.010417 0.014706
1 0.011979 0.940257 0.016667 0.033088
1 0.030208 0.943015 0.014583 0.033088
1 0.05026 0.93704 0.016146 0.015625
1 0.214062 0.941636 0.119792 0.116728
0 0.492188 0.529871 0.130208 0.039522
0 0.499219 0.300092 0.132812 0.138787
0 0.486979 0.921875 0.070833 0.154412
1 0.776823 0.256434 0.020312 0.042279
1 0.783073 0.227941 0.010938 0.025735
1 0.797135 0.23943 0.011979 0.022978
