0 0.054427 0.389706 0.066146 0.0625
0 0.483333 0.473805 0.071875 0.056066
0 0.676042 0.545496 0.0375 0.046875
0 0.848177 0.582721 0.032812 0.029412
0 0.258594 0.438879 0.024479 0.153493
1 0.318229 0.454044 0.011458 0.025735
1 0.400781 0.487132 0.018229 0.036765
1 0.521094 0.183824 0.005729 0.029412
1 0.59375 0.094669 0.010417 0.025735
1 0.636198 0.095588 0.017188 0.042279
1 0.627083 0.138327 0.0125 0.02114
1 0.929688 0.723346 0.022917 0.025735
1 0.492708 0.909467 0.015625 0.070772
1 0.454427 0.930607 0.008854 0.02114
