1 0.029948 0.184743 0.029688 0.027574
0 0.025 0.373162 0.05 0.034926
1 0.123958 0.684283 0.020833 0.026654
1 0.24375 0.831342 0.022917 0.019301
1 0.289062 0.823529 0.013542 0.018382
1 0.280729 0.904412 0.026042 0.042279
1 0.472656 0.704044 0.009896 0.095588
1 0.549219 0.319853 0.011979 0.014706
1 0.736198 0.338695 0.015104 0.037684
1 0.628906 0.664062 0.064062 0.017463
1 0.685417 0.773897 0.028125 0.034926
1 0.781771 0.758732 0.060417 0.043199
1 0.757292 0.686121 0.039583 0.048713
1 0.74401 0.599265 0.020312 0.073529
1 0.771094 0.846967 0.017188 0.057904
1 0.951302 0.724265 0.041146 0.016544
1 0.977083 0.551471 0.033333 0.034926
1 0.950521 0.450827 0.038542 0.057904
1 0.917969 0.51011 0.030729 0.044118
0 0.003385 0.423254 0.006771 0.035846
1 0.371354 0.527574 0.017708 0.020221
1 0.39401 0.498621 0.009896 0.013787
1 0.468229 0.430607 0.021875 0.011949
1 0.961979 0.077665 0.036458 0.017463
0 0.638281 0.590074 0.183854 0.259191
0 0.458854 0.479779 0.160417 0.180147
1 0.553646 0.344669 0.125 0.159926
0 0.172917 0.477022 0.144792 0.123162
1 0.045833 0.52114 0.047917 0.068015
1 0.116406 0.557904 0.033854 0.060662
1 0.034375 0.342371 0.052083 0.022978
1 0.716146 0.607996 0.032292 0.034007
1 0.928646 0.897518 0.035417 0.024816
1 0.68724 0.573529 0.029688 0.007353
0 0.859896 0.488051 0.036458 0.110294
