0 0.19349 0.557904 0.056771 0.091912
0 0.372135 0.5625 0.086979 0.102941
0 0.540365 0.534007 0.055729 0.104779
0 0.746094 0.513327 0.073438 0.116728
0 0.928385 0.54136 0.049479 0.148897
0 0.016146 0.543199 0.032292 0.056985
0 0.078906 0.742647 0.011979 0.055147
1 0.433854 0.784926 0.036458 0.066176
1 0.62526 0.965074 0.059896 0.069853
1 0.753385 0.931066 0.036979 0.137868
1 0.767969 0.672335 0.024479 0.028493
1 0.850521 0.699449 0.101042 0.033088
1 0.91276 0.08318 0.111979 0.147978
1 0.47474 0.07307 0.056771 0.138787
1 0.328646 0.034467 0.030208 0.068934
1 0.165365 0.107077 0.100521 0.214154
1 0.03151 0.048254 0.063021 0.096507
1 0.673438 0.227022 0.319792 0.452206
1 0.479427 0.578125 0.017188 0.033088
