1 0.715365 0.988971 0.029688 0.022059
1 0.871615 0.982996 0.027604 0.034007
1 0.970052 0.97932 0.059896 0.04136
1 0.017708 0.492188 0.035417 0.061581
1 0.04375 0.472426 0.028125 0.033088
1 0.108594 0.470588 0.047396 0.095588
1 0.143229 0.473805 0.038542 0.10386
1 0.257812 0.449449 0.026042 0.073529
1 0.215104 0.447151 0.052083 0.092831
1 0.416667 0.436121 0.036458 0.079963
1 0.182552 0.455882 0.052604 0.125
1 0.364844 0.433364 0.040104 0.085478
1 0.289323 0.42693 0.044271 0.090993
1 0.438802 0.417279 0.041146 0.080882
1 0.661719 0.386949 0.013021 0.03125
1 0.601042 0.400735 0.046875 0.095588
1 0.572917 0.402574 0.035417 0.099265
1 0.461458 0.371324 0.034375 0.047794
1 0.685938 0.371324 0.019792 0.049632
1 0.945052 0.365809 0.046354 0.0625
1 0.741406 0.370404 0.040104 0.073529
1 0.5375 0.380515 0.061458 0.104779
1 0.491667 0.384651 0.070833 0.118566
1 0.70651 0.36489 0.036979 0.080882
1 0.88099 0.355239 0.048438 0.065257
1 0.632292 0.370404 0.044792 0.115809
1 0.921354 0.351103 0.023958 0.077206
1 0.971094 0.31204 0.057812 0.131434
