0 0.123177 0.480699 0.039062 0.086397
0 0.581771 0.06296 0.015625 0.030331
0 0.820833 0.256434 0.035417 0.069853
0 0.878385 0.68796 0.028646 0.056066
0 0.952604 0.225184 0.065625 0.075368
1 0.005208 0.568474 0.005208 0.030331
1 0.011458 0.597886 0.008333 0.022978
1 0.083333 0.261489 0.008333 0.032169
1 0.103125 0.279871 0.011458 0.017463
1 0.167448 0.198989 0.009896 0.026654
1 0.15 0.225643 0.007292 0.022978
1 0.232812 0.197151 0.010417 0.026654
1 0.367448 0.129136 0.009896 0.030331
1 0.391927 0.473346 0.007812 0.034926
1 0.447135 0.515625 0.015104 0.018382
1 0.561198 0.613051 0.002604 0.044118
1 0.682292 0.522518 0.019792 0.011949
1 0.723958 0.371783 0.014583 0.024816
1 0.747656 0.164982 0.014062 0.024816
1 0.788542 0.368107 0.010417 0.011949
1 0.95651 0.560202 0.024479 0.024816
0 0.975781 0.983456 0.046354 0.033088
1 0.889323 0.748621 0.005729 0.037684
1 0.857552 0.738971 0.004688 0.034926
0 0.761198 0.785386 0.027604 0.024816
1 0.721094 0.778952 0.010938 0.013787
1 0.197917 0.928309 0.015625 0.009191
1 0.15651 0.975184 0.014062 0.009191
0 0.127865 0.051011 0.070312 0.102022
0 0.810938 0.761949 0.041667 0.180147
0 0.498177 0.420496 0.035938 0.098346
0 0.278646 0.249081 0.088542 0.084559
0 0.59349 0.538603 0.027604 0.176471
