1 0.15651 0.084099 0.023438 0.017463
1 0.115885 0.076287 0.026562 0.011029
1 0.107552 0.102941 0.028646 0.056985
1 0.126042 0.176471 0.030208 0.025735
1 0.102865 0.246783 0.011979 0.04136
1 0.063802 0.275276 0.011979 0.05239
1 0.026042 0.236213 0.030208 0.029412
1 0.020052 0.248162 0.022396 0.014706
1 0.139583 0.40579 0.028125 0.01011
1 0.101042 0.450368 0.022917 0.033088
1 0.08776 0.435202 0.011979 0.032169
1 0.020573 0.535386 0.011979 0.030331
1 0.103646 0.545037 0.015625 0.042279
1 0.111198 0.732996 0.054688 0.068934
1 0.036719 0.967831 0.017188 0.018382
1 0.13776 0.87546 0.047396 0.050551
1 0.185677 0.964614 0.019271 0.05239
1 0.252344 0.990809 0.022396 0.018382
1 0.226823 0.902574 0.013021 0.027574
1 0.26901 0.778952 0.032812 0.078125
1 0.372396 0.904871 0.022917 0.028493
1 0.396354 0.84329 0.027083 0.028493
1 0.273958 0.65671 0.0375 0.063419
1 0.345833 0.607996 0.010417 0.07261
1 0.370573 0.516544 0.019271 0.0625
1 0.396354 0.482996 0.014583 0.02114
1 0.285156 0.388327 0.009896 0.050551
1 0.320833 0.342831 0.019792 0.034926
1 0.352083 0.256893 0.052083 0.035846
1 0.401302 0.267463 0.014062 0.022059
1 0.439583 0.257353 0.014583 0.044118
1 0.397917 0.202665 0.058333 0.056066
1 0.401042 0.160386 0.0125 0.024816
1 0.384635 0.170037 0.019271 0.007353
1 0.455208 0.056526 0.005208 0.032169
1 0.517708 0.323529 0.0375 0.016544
1 0.558854 0.194393 0.033333 0.050551
1 0.561719 0.242188 0.021354 0.026654
1 0.585938 0.22886 0.021875 0.060662
1 0.60599 0.18796 0.028646 0.074449
1 0.541667 0.068934 0.035417 0.03125
1 0.59375 0.028033 0.040625 0.048713
1 0.639062 0.112592 0.009375 0.046875
1 0.670833 0.054688 0.034375 0.013787
1 0.80599 0.138327 0.042188 0.017463
1 0.946094 0.225643 0.034896 0.045037
1 0.877604 0.508732 0.01875 0.017463
1 0.938542 0.886489 0.017708 0.01011
1 0.840885 0.663603 0.016146 0.036765
1 0.758333 0.57307 0.030208 0.050551
1 0.625781 0.586397 0.023438 0.040441
1 0.605469 0.676011 0.016146 0.028493
1 0.548958 0.456801 0.048958 0.106618
1 0.510938 0.442555 0.029167 0.085478
1 0.453125 0.478401 0.054167 0.107537
0 0.017188 0.845588 0.034375 0.125
0 0.146615 0.41636 0.114062 0.200368
1 0.92526 0.926011 0.019271 0.048713
0 0.283594 0.221967 0.047396 0.136949
1 0.425781 0.098346 0.026562 0.03125
1 0.56276 0.522059 0.008854 0.018382
