0 0.434635 0.8125 0.084896 0.121324
0 0.582292 0.81296 0.084375 0.181066
0 0.065625 0.828585 0.079167 0.221507
0 0.235156 0.819393 0.115104 0.250919
0 0.925781 0.772518 0.100521 0.157169
0 0.765885 0.8125 0.128646 0.251838
1 0.896354 0.617188 0.007292 0.030331
1 0.308854 0.352482 0.0125 0.017463
0 0.539323 0.232996 0.039062 0.107537
0 0.049479 0.227482 0.083333 0.109375
1 0.267188 0.169577 0.007292 0.022978
1 0.938281 0.21829 0.056771 0.125919
0 0.366927 0.221967 0.063021 0.147978
0 0.861979 0.193015 0.061458 0.104779
0 0.204948 0.233915 0.141146 0.22886
