0 0.481771 0.503676 0.069792 0.145221
0 0.398698 0.509651 0.130729 0.249081
1 0.627344 0.346967 0.177604 0.320772
0 0.316927 0.277114 0.110938 0.232537
1 0.865365 0.122243 0.007812 0.034926
1 0.095312 0.110754 0.190625 0.221507
1 0.894792 0.967831 0.1125 0.064338
1 0.54974 0.170956 0.013021 0.016544
1 0.053125 0.502757 0.015625 0.012868
1 0.052865 0.538143 0.028646 0.046875
1 0.122135 0.428309 0.106771 0.136029
1 0.101302 0.342831 0.025521 0.016544
1 0.11224 0.857077 0.063021 0.028493
1 0.144531 0.92693 0.049479 0.133272
1 0.328646 0.983456 0.032292 0.033088
1 0.476823 0.085478 0.074479 0.150735
1 0.866406 0.543199 0.267188 0.545956
