1 0.007552 0.189798 0.011979 0.013787
1 0.009896 0.346507 0.00625 0.023897
1 0.038021 0.283088 0.011458 0.016544
1 0.29974 0.130055 0.014062 0.026654
1 0.233594 0.261489 0.006771 0.026654
1 0.222396 0.227022 0.007292 0.023897
1 0.209635 0.247702 0.021354 0.034007
1 0.195833 0.375919 0.01875 0.014706
1 0.219792 0.491728 0.008333 0.016544
1 0.297396 0.367188 0.007292 0.019301
1 0.679427 0.0625 0.006771 0.020221
1 0.915625 0.087776 0.008333 0.024816
1 0.827865 0.08364 0.005729 0.025735
1 0.80625 0.24954 0.022917 0.037684
1 0.927865 0.26011 0.016146 0.018382
1 0.984635 0.392923 0.013021 0.017463
0 0.991406 0.717371 0.017188 0.05239
1 0.99375 0.891544 0.007292 0.023897
1 0.944531 0.925551 0.017188 0.014706
1 0.948438 0.964614 0.009375 0.02114
1 0.519271 0.9375 0.013542 0.022059
1 0.428125 0.81296 0.011458 0.011949
1 0.37474 0.984835 0.005729 0.022978
1 0.017969 0.980239 0.035938 0.039522
0 0.44349 0.032169 0.054688 0.064338
0 0.48099 0.539982 0.071354 0.059743
1 0.022396 0.755974 0.044792 0.100184
0 0.956771 0.194393 0.045833 0.037684
1 0.05599 0.362132 0.009896 0.018382
