1 0.050521 0.222426 0.020833 0.020221
0 0.013802 0.492188 0.027604 0.048713
1 0.064844 0.501379 0.014062 0.035846
1 0.11224 0.478401 0.024479 0.013787
0 0.145052 0.266544 0.025521 0.040441
1 0.347135 0.084559 0.030729 0.040441
0 0.278646 0.213235 0.028125 0.034926
1 0.303125 0.735754 0.014583 0.028493
1 0.565625 0.738051 0.005208 0.033088
1 0.819792 0.673254 0.015625 0.026654
1 0.650781 0.267004 0.039062 0.034007
1 0.828125 0.195312 0.027083 0.045037
0 0.621615 0.366268 0.041146 0.056066
0 0.441927 0.851103 0.041146 0.038603
1 0.196354 0.380055 0.005208 0.026654
1 0.669792 0.286305 0.0375 0.039522
