0 0.585417 0.984375 0.063542 0.03125
0 0.151823 0.967371 0.058854 0.065257
0 0.013542 0.959559 0.027083 0.080882
0 0.336198 0.954963 0.103646 0.090074
0 0.891927 0.939798 0.131771 0.120404
0 0.532292 0.936121 0.041667 0.127757
0 0.744271 0.927849 0.129167 0.144301
0 0.920573 0.863511 0.035938 0.056066
0 0.392969 0.495404 0.025521 0.09375
0 0.050781 0.505515 0.101562 0.204044
0 0.356771 0.439798 0.098958 0.159007
0 0.995573 0.35386 0.008854 0.03125
0 0.549219 0.425551 0.128646 0.216912
0 0.713802 0.387868 0.097396 0.189338
