0 0.484896 0.931066 0.036458 0.060662
0 0.734115 0.804228 0.046354 0.102941
0 0.516927 0.548713 0.085938 0.240809
0 0.658073 0.947151 0.186979 0.10386
0 0.397917 0.409926 0.102083 0.251838
1 0.170052 0.035386 0.009896 0.034007
1 0.195833 0.079963 0.016667 0.025735
1 0.074219 0.244945 0.005729 0.04136
1 0.020833 0.422335 0.014583 0.015625
1 0.022396 0.950368 0.022917 0.018382
1 0.148177 0.448989 0.015104 0.019301
1 0.099219 0.326746 0.008854 0.028493
1 0.115625 0.79136 0.013542 0.051471
1 0.233333 0.571691 0.007292 0.047794
1 0.316146 0.527574 0.017708 0.012868
1 0.222917 0.34375 0.0125 0.022059
1 0.258073 0.25 0.009896 0.018382
1 0.227604 0.131434 0.022917 0.018382
1 0.347396 0.126379 0.014583 0.030331
1 0.408333 0.433364 0.011458 0.028493
1 0.422656 0.444393 0.004688 0.034007
1 0.376562 0.808824 0.007292 0.025735
1 0.351302 0.944853 0.010938 0.014706
1 0.42526 0.971048 0.009896 0.02114
1 0.594792 0.602022 0.015625 0.023897
1 0.616927 0.392004 0.008854 0.022978
1 0.91224 0.853401 0.015104 0.057904
