1 0.011198 0.125919 0.017188 0.034926
1 0.033594 0.178768 0.030729 0.011949
1 0.070573 0.413603 0.005729 0.023897
1 0.065885 0.236213 0.008854 0.022059
1 0.14349 0.091912 0.014062 0.016544
1 0.151302 0.055147 0.005729 0.023897
1 0.175781 0.202206 0.018229 0.016544
1 0.182031 0.244945 0.010938 0.015625
1 0.167969 0.278952 0.017188 0.022978
1 0.242188 0.508732 0.016667 0.011949
1 0.202083 0.262868 0.008333 0.025735
1 0.233333 0.241728 0.015625 0.027574
1 0.209115 0.035846 0.006771 0.023897
1 0.25 0.051011 0.00625 0.028493
1 0.358594 0.02114 0.030729 0.022059
1 0.354688 0.112132 0.008333 0.068015
1 0.3375 0.198989 0.016667 0.013787
1 0.308594 0.268382 0.016146 0.038603
1 0.361979 0.234375 0.00625 0.034926
1 0.326562 0.32261 0.008333 0.034926
1 0.407552 0.381434 0.007812 0.016544
1 0.429688 0.212776 0.007292 0.024816
1 0.44401 0.069853 0.005729 0.027574
1 0.463021 0.098805 0.023958 0.015625
1 0.457292 0.151195 0.023958 0.048713
1 0.485417 0.155331 0.015625 0.025735
1 0.44401 0.265625 0.010938 0.033088
1 0.472396 0.412684 0.030208 0.018382
1 0.476823 0.355239 0.017188 0.017463
1 0.49375 0.439338 0.009375 0.020221
1 0.520833 0.394301 0.008333 0.027574
1 0.572917 0.457721 0.019792 0.022059
1 0.58099 0.387868 0.006771 0.027574
1 0.55599 0.267923 0.011979 0.022978
1 0.601562 0.380055 0.00625 0.022978
1 0.6 0.43704 0.016667 0.022978
1 0.602865 0.204044 0.024479 0.051471
1 0.61875 0.259651 0.032292 0.017463
1 0.645833 0.221507 0.013542 0.025735
1 0.682031 0.173713 0.014062 0.025735
1 0.726042 0.097426 0.011458 0.012868
1 0.743229 0.389246 0.009375 0.028493
1 0.823698 0.203125 0.007812 0.033088
1 0.742969 0.519301 0.005729 0.034926
1 0.771875 0.484835 0.017708 0.02114
1 0.796875 0.405331 0.015625 0.023897
1 0.845052 0.425551 0.011979 0.018382
1 0.81875 0.528952 0.026042 0.02114
1 0.966406 0.351562 0.014062 0.013787
1 0.933073 0.527574 0.019271 0.040441
1 0.954167 0.507353 0.019792 0.012868
1 0.990365 0.456342 0.006771 0.019301
1 0.948698 0.536765 0.013021 0.011029
1 0.91224 0.705423 0.010938 0.017463
1 0.979948 0.688879 0.006771 0.028493
1 0.94375 0.742647 0.01875 0.029412
1 0.896615 0.792279 0.016146 0.016544
1 0.670833 0.959559 0.016667 0.011029
1 0.11224 0.974265 0.007812 0.018382
0 0.398177 0.199449 0.029688 0.231618
0 0.141146 0.142004 0.15 0.129596
0 0.688802 0.272978 0.081771 0.273897
0 0.948438 0.40579 0.098958 0.07261
