1 0.629948 0.457721 0.102604 0.163603
1 0.239844 0.304688 0.014062 0.026654
1 0.101302 0.575368 0.023438 0.027574
1 0.176823 0.709099 0.010938 0.026654
1 0.389844 0.626838 0.009896 0.047794
1 0.407812 0.691636 0.021875 0.034007
1 0.594271 0.342831 0.10625 0.108456
1 0.665625 0.332261 0.061458 0.090993
1 0.776042 0.327665 0.023958 0.032169
1 0.536458 0.85432 0.097917 0.20864
1 0.497396 0.880055 0.063542 0.124081
0 0.45599 0.753217 0.051562 0.113051
0 0.50026 0.424173 0.021354 0.034007
0 0.524479 0.295037 0.014583 0.027574
