0 0.139323 0.015625 0.016146 0.03125
1 0.191667 0.334099 0.008333 0.05239
1 0.217969 0.306985 0.017188 0.040441
1 0.486979 0.194853 0.020833 0.014706
1 0.278646 0.61443 0.005208 0.028493
1 0.436458 0.589154 0.0125 0.025735
0 0.56901 0.736673 0.013021 0.013787
1 0.582812 0.424632 0.035417 0.023897
1 0.678385 0.198989 0.017188 0.056066
1 0.821094 0.132812 0.015104 0.056066
1 0.878906 0.170496 0.017188 0.037684
1 0.722396 0.315257 0.005208 0.033088
1 0.867708 0.346507 0.019792 0.029412
1 0.969271 0.334559 0.017708 0.058824
1 0.510677 0.219669 0.015104 0.023897
1 0.004948 0.118107 0.009896 0.07261
1 0.136979 0.443474 0.015625 0.024816
1 0.535156 0.881893 0.021354 0.034007
1 0.098958 0.944393 0.010417 0.043199
1 0.056771 0.803309 0.013542 0.029412
1 0.009375 0.671415 0.017708 0.022978
1 0.017969 0.793658 0.035938 0.144301
1 0.888802 0.55193 0.211979 0.357537
1 0.414323 0.695312 0.114062 0.232537
0 0.50651 0.473346 0.085938 0.110294
1 0.380469 0.158548 0.059896 0.125919
1 0.19401 0.393842 0.052604 0.068934
1 0.390104 0.841912 0.04375 0.079044
1 0.29974 0.100184 0.044271 0.071691
1 0.034896 0.320312 0.069792 0.129596
0 0.179948 0.627757 0.034896 0.044118
1 0.717708 0.538603 0.148958 0.264706
1 0.852865 0.84421 0.294271 0.311581
1 0.945312 0.357077 0.017708 0.026654
1 0.247396 0.261489 0.03125 0.059743
0 0.83724 0.205882 0.038021 0.176471
1 0.361458 0.559743 0.009375 0.029412
1 0.732031 0.661765 0.247396 0.358456
