1 0.815885 0.174173 0.064062 0.195772
1 0.803646 0.09421 0.025 0.078125
1 0.153125 0.05193 0.15625 0.10386
1 0.369271 0.015625 0.069792 0.03125
1 0.157292 0.434743 0.045833 0.042279
1 0.189062 0.922794 0.032292 0.071691
1 0.190885 0.988511 0.010938 0.022978
1 0.241406 0.973346 0.056771 0.053309
1 0.978646 0.303768 0.042708 0.081801
1 0.7875 0.320772 0.011458 0.016544
1 0.766406 0.212776 0.033854 0.048713
1 0.689844 0.01057 0.013021 0.02114
1 0.078646 0.14614 0.157292 0.28125
1 0.571094 0.415901 0.102604 0.094669
