1 0.046875 0.453125 0.09375 0.332721
0 0.113281 0.439798 0.063021 0.10386
1 0.167708 0.653493 0.040625 0.029412
1 0.114062 0.824449 0.061458 0.130515
1 0.691667 0.754136 0.019792 0.035846
1 0.905469 0.865809 0.023438 0.053309
0 0.861979 0.049632 0.048958 0.066176
1 0.479688 0.485754 0.022917 0.048713
1 0.044792 0.720588 0.052083 0.159926
1 0.200521 0.525276 0.017708 0.026654
1 0.25625 0.429228 0.020833 0.036765
1 0.288281 0.726562 0.136979 0.366728
1 0.217708 0.895221 0.08125 0.180147
1 0.567969 0.540441 0.045312 0.051471
1 0.619531 0.538143 0.066146 0.116728
1 0.395052 0.951287 0.020312 0.056985
1 0.372396 0.644301 0.032292 0.051471
1 0.983854 0.809743 0.032292 0.082721
1 0.953646 0.991268 0.021875 0.017463
0 0.563542 0.959099 0.060417 0.081801
1 0.814323 0.839614 0.090104 0.295037
1 0.436198 0.514246 0.102604 0.111213
1 0.242708 0.673254 0.108333 0.170037
1 0.860677 0.375919 0.099479 0.233456
