0 0.55 0.153952 0.19375 0.307904
0 0.536719 0.58364 0.153646 0.242647
1 0.083594 0.446691 0.004688 0.025735
1 0.110677 0.769301 0.014062 0.033088
1 0.149479 0.433824 0.011458 0.018382
1 0.290885 0.329963 0.014062 0.025735
1 0.457552 0.326287 0.007812 0.018382
1 0.53125 0.547794 0.017708 0.020221
1 0.440365 0.949449 0.010938 0.038603
1 0.734635 0.210478 0.014062 0.027574
1 0.846094 0.118107 0.010938 0.015625
1 0.86849 0.16682 0.015104 0.01011
1 0.800521 0.737592 0.016667 0.017463
1 0.639583 0.914522 0.0125 0.044118
