1 0.976302 0.962776 0.047396 0.074449
1 0.504167 0.903493 0.128125 0.172794
0 0.101823 0.81204 0.058854 0.11489
0 0.239583 0.766544 0.029167 0.073529
0 0.263021 0.683824 0.05625 0.099265
1 0.750781 0.692096 0.089062 0.152574
1 0.541146 0.558824 0.010417 0.036765
0 0.469531 0.533088 0.046354 0.134191
0 0.496354 0.470588 0.059375 0.134191
0 0.503906 0.36489 0.011979 0.03125
0 0.584115 0.365809 0.028646 0.034926
1 0.151823 0.391544 0.097396 0.110294
1 0.051302 0.426471 0.076562 0.200368
1 0.022396 0.273897 0.044792 0.110294
0 0.711979 0.203125 0.075 0.09375
1 0.02526 0.170496 0.044271 0.034007
1 0.919531 0.158088 0.009896 0.025735
1 0.447135 0.050551 0.018229 0.053309
