1 0.548958 0.494945 0.021875 0.05239
1 0.032031 0.508732 0.064062 0.079963
1 0.095573 0.499081 0.046354 0.064338
1 0.175781 0.50046 0.045312 0.078125
1 0.13099 0.491268 0.057812 0.070772
1 0.301823 0.470129 0.053646 0.063419
1 0.559375 0.451287 0.032292 0.03125
1 0.671615 0.464614 0.049479 0.070772
1 0.53125 0.456801 0.039583 0.073529
1 0.1625 0.446232 0.035417 0.056066
1 0.242448 0.457261 0.050521 0.089154
1 0.751562 0.42739 0.017708 0.034926
1 0.721094 0.450827 0.046354 0.081801
1 0.420833 0.463695 0.061458 0.109375
1 0.470312 0.469669 0.098958 0.139706
1 0.270052 0.444853 0.029688 0.090074
1 0.930729 0.423713 0.033333 0.073529
1 0.401823 0.431066 0.030729 0.090074
1 0.960677 0.435202 0.029688 0.100184
1 0.903125 0.426471 0.020833 0.095588
1 0.815885 0.429688 0.117188 0.109375
1 0.664323 0.412224 0.040104 0.079963
1 0.508073 0.420037 0.045312 0.099265
1 0.65651 0.386489 0.026562 0.050551
1 0.879167 0.403033 0.039583 0.100184
