0 0.199219 0.985294 0.029688 0.029412
0 0.683594 0.984835 0.017188 0.030331
1 0.096094 0.903033 0.013021 0.01011
1 0.921354 0.799632 0.0125 0.012868
0 0.594531 0.726103 0.027604 0.047794
1 0.965365 0.686581 0.010938 0.027574
0 0.104688 0.699449 0.027083 0.053309
1 0.086979 0.65579 0.005208 0.026654
1 0.042708 0.607077 0.03125 0.054228
0 0.95 0.487592 0.014583 0.04136
0 0.463542 0.448529 0.035417 0.049632
0 0.013542 0.420037 0.027083 0.042279
0 0.84401 0.248162 0.019271 0.036765
1 0.771615 0.221507 0.008854 0.014706
1 0.779688 0.20818 0.009375 0.013787
1 0.065104 0.213695 0.023958 0.061581
0 0.363542 0.158548 0.028125 0.045037
0 0.275521 0.098805 0.0125 0.034007
