1 0.836979 0.986673 0.015625 0.026654
1 0.846094 0.910846 0.033854 0.027574
1 0.592188 0.888327 0.009375 0.02114
1 0.245052 0.884651 0.009896 0.019301
1 0.897396 0.86489 0.010417 0.016544
1 0.773438 0.867188 0.013542 0.022978
1 0.19401 0.861673 0.020312 0.04136
1 0.008073 0.830423 0.010938 0.02114
1 0.159115 0.831342 0.011979 0.028493
1 0.093229 0.825368 0.016667 0.022059
1 0.665885 0.805607 0.015104 0.04136
1 0.622917 0.800092 0.026042 0.039522
1 0.677083 0.749081 0.03125 0.027574
1 0.003385 0.746783 0.006771 0.026654
1 0.55625 0.75046 0.009375 0.035846
1 0.70599 0.738971 0.020312 0.022059
0 0.279167 0.754596 0.014583 0.053309
1 0.148958 0.737592 0.011458 0.045037
1 0.135677 0.717371 0.008854 0.030331
1 0.664323 0.6875 0.027604 0.020221
0 0.932552 0.686581 0.034896 0.042279
1 0.3125 0.65625 0.01875 0.034926
1 0.329948 0.645221 0.010938 0.014706
1 0.91224 0.654871 0.013021 0.037684
1 0.610417 0.629596 0.013542 0.012868
1 0.025781 0.608456 0.016146 0.023897
1 0.938542 0.619945 0.008333 0.057904
1 0.417448 0.571691 0.009896 0.016544
1 0.956771 0.565257 0.016667 0.029412
1 0.969271 0.549173 0.011458 0.015625
1 0.77474 0.542279 0.025521 0.023897
1 0.389844 0.506434 0.016146 0.020221
1 0.765885 0.512408 0.036979 0.034007
1 0.842188 0.522518 0.034375 0.056066
1 0.438802 0.471048 0.008854 0.017463
1 0.908073 0.466912 0.010938 0.034926
1 0.444531 0.43796 0.009896 0.017463
1 0.020573 0.420956 0.014062 0.014706
1 0.984115 0.40579 0.025521 0.017463
1 0.372656 0.400735 0.033854 0.020221
0 0.460938 0.420037 0.01875 0.069853
1 0.151562 0.369485 0.011458 0.027574
1 0.15651 0.352022 0.010938 0.014706
1 0.758073 0.348805 0.014062 0.024816
1 0.88099 0.350643 0.022396 0.043199
1 0.022917 0.346048 0.01875 0.045037
1 0.064062 0.305147 0.010417 0.018382
1 0.004427 0.292739 0.008854 0.022978
1 0.557292 0.261949 0.014583 0.020221
1 0.938542 0.241268 0.008333 0.017463
1 0.559375 0.240349 0.008333 0.04136
1 0.654427 0.220129 0.022396 0.022978
1 0.992448 0.211857 0.015104 0.015625
1 0.979688 0.19761 0.016667 0.018382
1 0.278385 0.200827 0.015104 0.034007
0 0.113281 0.137868 0.016146 0.018382
1 0.404427 0.12454 0.011979 0.024816
1 0.05651 0.120404 0.024479 0.029412
1 0.51276 0.121324 0.025521 0.033088
1 0.413542 0.111673 0.005208 0.026654
1 0.382031 0.105239 0.007812 0.015625
1 0.639844 0.085018 0.019271 0.05239
0 0.575521 0.059283 0.021875 0.032169
1 0.995833 0.048254 0.008333 0.022978
1 0.8375 0.043658 0.028125 0.02114
1 0.121875 0.043199 0.01875 0.023897
0 0.702083 0.043199 0.030208 0.058824
1 0.098958 0.020221 0.027083 0.018382
1 0.076562 0.013787 0.008333 0.020221
1 0.285677 0.01011 0.010938 0.020221
1 0.008854 0.013327 0.008333 0.026654
