1 0.890625 0.991728 0.020833 0.016544
1 0.198438 0.571232 0.025 0.046875
1 0.277344 0.511489 0.027604 0.100184
1 0.036198 0.509191 0.065104 0.097426
1 0.467188 0.472426 0.026042 0.033088
1 0.011458 0.494485 0.022917 0.104779
1 0.178906 0.48943 0.056771 0.094669
1 0.425781 0.465533 0.059896 0.050551
1 0.302344 0.470129 0.045312 0.08364
1 0.51901 0.447151 0.041146 0.056066
1 0.252083 0.466912 0.05625 0.112132
1 0.553906 0.430147 0.029688 0.044118
1 0.356771 0.45818 0.06875 0.122243
1 0.589844 0.435202 0.053646 0.102022
1 0.736979 0.420037 0.032292 0.075368
1 0.648698 0.434283 0.053646 0.105699
1 0.448958 0.415901 0.0375 0.074449
1 0.920833 0.397978 0.048958 0.0625
1 0.79375 0.392923 0.036458 0.054228
1 0.866146 0.378217 0.03125 0.050551
1 0.683854 0.395221 0.03125 0.097426
1 0.663542 0.373162 0.0375 0.073529
1 0.984896 0.380974 0.030208 0.109375
1 0.948698 0.376838 0.054688 0.101103
