0 0.465625 0.453585 0.060417 0.173713
0 0.58125 0.727022 0.053125 0.178309
0 0.33724 0.22932 0.044271 0.045037
0 0.330729 0.108456 0.008333 0.023897
1 0.991146 0.560202 0.0125 0.057904
1 0.961458 0.737132 0.014583 0.03125
1 0.644531 0.889246 0.023438 0.043199
1 0.598438 0.829504 0.008333 0.04136
1 0.626042 0.935202 0.0125 0.05239
1 0.602604 0.965533 0.016667 0.032169
1 0.461458 0.862592 0.025 0.032169
1 0.451562 0.741268 0.011458 0.011949
1 0.427604 0.754596 0.019792 0.034926
1 0.415365 0.686121 0.016146 0.015625
1 0.346354 0.711857 0.022917 0.022978
1 0.447656 0.638787 0.009896 0.018382
