1 0.984375 0.931526 0.03125 0.08364
1 0.85599 0.914062 0.031771 0.063419
1 0.932292 0.926471 0.09375 0.101103
1 0.882031 0.908088 0.033854 0.073529
1 0.79974 0.892923 0.038021 0.065257
1 0.751562 0.893382 0.045833 0.101103
1 0.676823 0.865809 0.044271 0.066176
1 0.653906 0.804688 0.035938 0.07261
1 0.480469 0.795037 0.026562 0.069853
1 0.60651 0.786765 0.031771 0.064338
1 0.533854 0.772059 0.036458 0.060662
1 0.411719 0.784007 0.039062 0.086397
1 0.494531 0.748162 0.023438 0.053309
1 0.378906 0.744026 0.035938 0.057904
1 0.338281 0.727941 0.032812 0.064338
1 0.295052 0.731158 0.032812 0.078125
1 0.250781 0.689798 0.011979 0.030331
1 0.263281 0.69761 0.019271 0.049632
1 0.234115 0.661765 0.041146 0.068015
1 0.161458 0.634651 0.039583 0.057904
1 0.135938 0.620864 0.033333 0.05239
1 0.071354 0.619026 0.036458 0.07261
1 0.028385 0.60432 0.025521 0.057904
1 0.109635 0.601103 0.031771 0.068015
1 0.940625 0.348346 0.023958 0.038603
1 0.88776 0.332721 0.023438 0.044118
1 0.83099 0.289522 0.038021 0.038603
1 0.797917 0.292279 0.029167 0.055147
1 0.851562 0.278493 0.014583 0.034926
1 0.896615 0.28125 0.025521 0.0625
1 0.728125 0.276654 0.057292 0.071691
1 0.530729 0.23943 0.033333 0.048713
1 0.777344 0.247243 0.034896 0.075368
1 0.565104 0.246324 0.030208 0.073529
1 0.6375 0.244945 0.026042 0.07261
1 0.665104 0.238511 0.03125 0.061581
1 0.513021 0.200827 0.032292 0.056066
1 0.583854 0.211397 0.041667 0.079044
1 0.3875 0.179228 0.016667 0.029412
1 0.420052 0.198529 0.046354 0.073529
1 0.303125 0.170496 0.020833 0.034007
1 0.322135 0.175092 0.016146 0.048713
1 0.473958 0.18796 0.05 0.092831
1 0.24974 0.136489 0.015104 0.022978
1 0.218229 0.132353 0.010417 0.020221
1 0.366667 0.142004 0.014583 0.065257
1 0.17474 0.102941 0.032812 0.053309
1 0.135156 0.096048 0.038021 0.063419
1 0.108854 0.075827 0.032292 0.045037
1 0.032031 0.061121 0.006771 0.02114
1 0.06875 0.061581 0.011458 0.025735
1 0.008854 0.061121 0.017708 0.057904
