1 0.653385 0.732537 0.052604 0.060662
1 0.06875 0.335938 0.021875 0.030331
1 0.1375 0.816636 0.015625 0.026654
1 0.127083 0.954504 0.028125 0.019301
1 0.085938 0.957721 0.046875 0.042279
1 0.461458 0.056985 0.014583 0.038603
1 0.578906 0.21921 0.023438 0.022978
1 0.658594 0.982077 0.035938 0.026654
1 0.75599 0.90671 0.018229 0.032169
1 0.898438 0.877298 0.021875 0.034007
0 0.772135 0.501379 0.066146 0.127757
1 0.204167 0.399357 0.060417 0.129596
1 0.133594 0.471967 0.063021 0.107537
0 0.967188 0.525735 0.059375 0.099265
0 0.576823 0.505974 0.036979 0.094669
1 0.445052 0.523438 0.064062 0.127757
1 0.152344 0.131893 0.021354 0.046875
1 0.68724 0.492647 0.009896 0.023897
