0 0.104688 0.251838 0.035417 0.099265
0 0.2875 0.133732 0.030208 0.022978
1 0.407031 0.063879 0.093229 0.127757
0 0.382031 0.362592 0.041146 0.124081
0 0.416667 0.90671 0.022917 0.081801
0 0.614844 0.168199 0.055729 0.104779
0 0.571875 0.172335 0.020833 0.039522
0 0.502083 0.157629 0.039583 0.087316
0 0.655469 0.159467 0.010938 0.045037
1 0.252344 0.915441 0.032812 0.045956
0 0.975781 0.899357 0.032812 0.067096
0 0.567969 0.579044 0.014062 0.03125
0 0.02526 0.113051 0.050521 0.128676
0 0.223438 0.304688 0.042708 0.054228
0 0.449479 0.462316 0.013542 0.044118
