1 0.274479 0.852941 0.016667 0.038603
1 0.152344 0.86443 0.029688 0.034007
1 0.176823 0.721967 0.017188 0.026654
1 0.275781 0.564798 0.018229 0.022978
1 0.29974 0.636489 0.016146 0.04136
1 0.316146 0.576287 0.013542 0.027574
1 0.378125 0.616268 0.016667 0.024816
1 0.450781 0.375919 0.005729 0.027574
1 0.3 0.049173 0.013542 0.026654
1 0.552344 0.722426 0.015104 0.020221
1 0.409635 0.240809 0.019271 0.007353
1 0.159375 0.249081 0.015625 0.025735
1 0.204948 0.446691 0.011979 0.044118
1 0.125521 0.48989 0.021875 0.038603
1 0.040885 0.688879 0.017188 0.026654
1 0.254688 0.737132 0.010417 0.016544
1 0.482812 0.608915 0.014583 0.013787
1 0.521354 0.776195 0.010417 0.019301
1 0.491146 0.639246 0.0125 0.019301
0 0.569271 0.980239 0.059375 0.039522
1 0.673958 0.952665 0.0125 0.019301
1 0.89974 0.215074 0.088021 0.211397
1 0.980729 0.189338 0.0375 0.068015
1 0.945573 0.265165 0.075521 0.116728
0 0.513021 0.83318 0.123958 0.155331
0 0.459635 0.477941 0.180729 0.126838
0 0.415625 0.07261 0.045833 0.112132
