0 0.533333 0.508272 0.0375 0.112132
1 0.029688 0.386489 0.029167 0.061581
1 0.058073 0.938879 0.010938 0.015625
1 0.164323 0.768842 0.010938 0.013787
1 0.207552 0.422335 0.031771 0.008272
1 0.507292 0.991268 0.011458 0.017463
1 0.517448 0.976562 0.025521 0.017463
1 0.533854 0.944853 0.014583 0.058824
1 0.355729 0.525276 0.025 0.008272
1 0.252865 0.429228 0.008854 0.020221
1 0.286979 0.294577 0.011458 0.039522
1 0.516927 0.409007 0.005729 0.023897
0 0.64375 0.01057 0.041667 0.02114
1 0.897656 0.025735 0.007812 0.03125
