1 0.038021 0.049632 0.009375 0.040441
1 0.028385 0.111673 0.021354 0.017463
1 0.095312 0.022518 0.005208 0.024816
1 0.044531 0.307904 0.005729 0.03125
1 0.100781 0.381893 0.009896 0.026654
1 0.11276 0.35432 0.013021 0.013787
1 0.147917 0.136949 0.014583 0.009191
1 0.181771 0.461857 0.016667 0.015625
1 0.209896 0.279412 0.007292 0.018382
1 0.215104 0.153952 0.010417 0.013787
1 0.235417 0.141085 0.0125 0.017463
1 0.256771 0.113511 0.008333 0.019301
1 0.255469 0.415901 0.010938 0.022978
1 0.278906 0.455882 0.016146 0.020221
1 0.345052 0.435202 0.014062 0.013787
1 0.368229 0.292279 0.014583 0.027574
1 0.608594 0.052849 0.004688 0.028493
1 0.596354 0.404871 0.0125 0.026654
1 0.653646 0.409926 0.009375 0.014706
1 0.741146 0.315717 0.016667 0.01011
1 0.830208 0.214154 0.014583 0.009191
0 0.983854 0.247243 0.032292 0.051471
1 0.875 0.515165 0.009375 0.017463
1 0.867708 0.600643 0.0125 0.011949
1 0.9875 0.559743 0.014583 0.016544
1 0.991667 0.732077 0.013542 0.017463
1 0.992448 0.987132 0.013021 0.014706
1 0.830208 0.987132 0.015625 0.025735
0 0.676042 0.988511 0.021875 0.022978
1 0.620052 0.744945 0.011979 0.015625
1 0.595312 0.903952 0.019792 0.019301
1 0.569792 0.698989 0.016667 0.015625
1 0.221615 0.73943 0.006771 0.034007
1 0.095312 0.826287 0.011458 0.040441
0 0.519792 0.568934 0.051042 0.047794
0 0.492708 0.496324 0.035417 0.060662
