0 0.48724 0.994945 0.029688 0.01011
0 0.252344 0.994026 0.022396 0.011949
0 0.638281 0.986213 0.033854 0.027574
0 0.40625 0.983456 0.040625 0.033088
0 0.742188 0.978401 0.044792 0.043199
0 0.89974 0.976103 0.066146 0.047794
0 0.683594 0.965993 0.032812 0.068015
0 0.984635 0.962776 0.030729 0.074449
0 0.567708 0.962316 0.107292 0.075368
0 0.847135 0.949449 0.035938 0.101103
0 0.673698 0.445772 0.092188 0.115809
0 0.407031 0.417739 0.113021 0.199449
0 0.251563 0.435202 0.15 0.269301
0 0.523177 0.402574 0.110938 0.235294
0 0.05 0.01057 0.046875 0.02114
