1 0.917188 0.954044 0.014583 0.029412
1 0.497917 0.928768 0.016667 0.039522
1 0.008333 0.909007 0.016667 0.009191
1 0.513542 0.883272 0.015625 0.03125
1 0.354688 0.838695 0.007292 0.019301
1 0.271615 0.838235 0.009896 0.020221
1 0.475781 0.831342 0.013021 0.02114
1 0.089583 0.827206 0.052083 0.012868
1 0.348438 0.821232 0.0125 0.017463
1 0.045052 0.788143 0.023438 0.024816
1 0.432292 0.78171 0.020833 0.04136
1 0.135938 0.769761 0.027083 0.030331
1 0.427344 0.771599 0.023438 0.035846
1 0.163542 0.742188 0.017708 0.028493
1 0.902083 0.722426 0.013542 0.014706
1 0.915104 0.70864 0.011458 0.042279
1 0.432552 0.696691 0.015104 0.027574
1 0.177604 0.691636 0.01875 0.019301
1 0.3125 0.677849 0.016667 0.024816
1 0.309115 0.660386 0.013021 0.015625
1 0.024479 0.658548 0.014583 0.013787
1 0.69349 0.65579 0.013021 0.024816
1 0.571354 0.659007 0.0125 0.036765
1 0.041406 0.643842 0.007812 0.02114
1 0.129167 0.630515 0.009375 0.016544
1 0.017448 0.674173 0.034896 0.10386
1 0.648177 0.617647 0.028646 0.009191
1 0.678385 0.658088 0.017188 0.097426
1 0.141146 0.613971 0.007292 0.018382
1 0.41875 0.609375 0.016667 0.033088
1 0.047396 0.620864 0.028125 0.07261
1 0.379688 0.597426 0.026042 0.033088
1 0.313802 0.590993 0.049479 0.049632
1 0.427083 0.467371 0.009375 0.013787
1 0.098177 0.475643 0.017188 0.034007
1 0.814583 0.455423 0.014583 0.034007
1 0.346354 0.442555 0.009375 0.013787
1 0.448958 0.445312 0.017708 0.034007
1 0.947656 0.440717 0.023438 0.035846
1 0.071875 0.442555 0.026042 0.04136
1 0.116667 0.408548 0.008333 0.015625
1 0.572656 0.404412 0.023438 0.027574
1 0.334375 0.397978 0.015625 0.03125
1 0.834115 0.418658 0.022396 0.079963
1 0.059375 0.404412 0.029167 0.058824
1 0.95625 0.371324 0.027083 0.023897
1 0.07526 0.366728 0.010938 0.018382
1 0.447656 0.36443 0.019271 0.028493
1 0.781771 0.357996 0.033333 0.050551
1 0.254688 0.32261 0.017708 0.023897
1 0.924479 0.311121 0.020833 0.022978
1 0.419271 0.296875 0.014583 0.018382
1 0.317448 0.30193 0.010938 0.032169
1 0.043229 0.294577 0.021875 0.02114
1 0.528646 0.277574 0.015625 0.03125
1 0.989323 0.272518 0.013021 0.024816
1 0.061719 0.271599 0.018229 0.024816
1 0.678646 0.269301 0.022917 0.029412
1 0.010938 0.265165 0.01875 0.022978
1 0.129948 0.261029 0.017188 0.03125
1 0.294271 0.257812 0.015625 0.024816
1 0.741667 0.268382 0.021875 0.049632
1 0.014844 0.246324 0.009896 0.020221
1 0.277083 0.273897 0.063542 0.086397
1 0.40599 0.235294 0.010938 0.018382
1 0.025781 0.237132 0.005729 0.022059
1 0.72526 0.232077 0.020312 0.024816
1 0.99375 0.235754 0.010417 0.045037
1 0.883333 0.201287 0.015625 0.016544
1 0.520312 0.204963 0.021875 0.023897
1 0.149479 0.206801 0.025 0.033088
1 0.982031 0.202206 0.014062 0.029412
1 0.375521 0.189338 0.014583 0.012868
1 0.258333 0.184283 0.022917 0.015625
1 0.860156 0.215993 0.034896 0.080882
1 0.834375 0.178768 0.01875 0.028493
1 0.323958 0.174632 0.020833 0.03125
1 0.263281 0.153952 0.015104 0.037684
1 0.315365 0.134191 0.010938 0.025735
1 0.813802 0.127298 0.010938 0.017463
1 0.457552 0.127757 0.018229 0.029412
1 0.965104 0.124081 0.052083 0.036765
1 0.828646 0.095129 0.020833 0.017463
1 0.434115 0.106158 0.026562 0.039522
1 0.932812 0.108456 0.026042 0.053309
1 0.995573 0.088695 0.007812 0.019301
1 0.307031 0.106158 0.011979 0.063419
1 0.30625 0.069853 0.033333 0.012868
1 0.207552 0.059743 0.032812 0.040441
1 0.463021 0.046415 0.010417 0.015625
1 0.994531 0.063879 0.010938 0.05239
1 0.434896 0.028952 0.016667 0.019301
1 0.063021 0.038603 0.008333 0.058824
1 0.582552 0.015165 0.016146 0.030331
1 0.157552 0.007812 0.011979 0.015625
