1 0.127344 0.011949 0.009896 0.016544
1 0.159115 0.019301 0.013021 0.020221
1 0.1375 0.034007 0.014583 0.034926
1 0.147656 0.213695 0.019271 0.01011
1 0.307031 0.179228 0.014062 0.036765
1 0.153906 0.290441 0.020312 0.0625
1 0.347917 0.324449 0.008333 0.044118
1 0.315104 0.534467 0.009375 0.039522
1 0.208594 0.521599 0.013021 0.024816
1 0.147396 0.568015 0.025 0.012868
1 0.125781 0.629136 0.016146 0.030331
1 0.058854 0.927849 0.03125 0.019301
1 0.078906 0.915901 0.020312 0.028493
1 0.116406 0.923254 0.038021 0.057904
1 0.215625 0.731158 0.039583 0.04136
1 0.389844 0.657169 0.015104 0.016544
1 0.390365 0.890165 0.035938 0.056066
1 0.522396 0.756893 0.015625 0.043199
1 0.464583 0.363511 0.014583 0.037684
1 0.5125 0.290441 0.010417 0.080882
1 0.573438 0.388327 0.013542 0.024816
1 0.598177 0.41682 0.008854 0.034007
1 0.528646 0.905331 0.016667 0.012868
1 0.566927 0.897518 0.017188 0.028493
1 0.58125 0.83318 0.015625 0.015625
1 0.615104 0.778033 0.007292 0.017463
1 0.85 0.579044 0.017708 0.033088
1 0.854688 0.226103 0.010417 0.023897
1 0.991146 0.347426 0.017708 0.03125
0 0.423438 0.884191 0.091667 0.229779
1 0.008594 0.978401 0.017188 0.043199
0 0.515104 0.529871 0.078125 0.252757
0 0.528125 0.102022 0.114583 0.196691
1 0.11276 0.060662 0.007812 0.018382
1 0.190365 0.058824 0.010938 0.020221
1 0.06224 0.421875 0.013021 0.025735
1 0.167448 0.59329 0.009896 0.02114
1 0.315885 0.871783 0.015104 0.024816
1 0.415365 0.667279 0.008854 0.014706
1 0.450781 0.642923 0.010938 0.015625
1 0.438542 0.630515 0.0125 0.016544
1 0.395052 0.508272 0.015104 0.023897
1 0.634896 0.80239 0.017708 0.009191
