1 0.03125 0.267463 0.014583 0.044118
1 0.171094 0.194853 0.018229 0.009191
1 0.18099 0.275735 0.029688 0.034926
1 0.216146 0.133732 0.015625 0.045037
1 0.180208 0.112592 0.011458 0.032169
1 0.235417 0.094669 0.007292 0.034926
1 0.236198 0.126379 0.014062 0.048713
1 0.298698 0.151654 0.017188 0.023897
1 0.361719 0.109375 0.013021 0.018382
1 0.394271 0.040901 0.015625 0.013787
1 0.397917 0.159467 0.014583 0.035846
1 0.336458 0.295037 0.017708 0.038603
1 0.288542 0.453585 0.0125 0.019301
1 0.361719 0.465533 0.013021 0.050551
1 0.36224 0.523897 0.008854 0.029412
1 0.400521 0.425092 0.022917 0.045037
1 0.441927 0.403033 0.022396 0.017463
1 0.402604 0.272518 0.025 0.019301
1 0.611719 0.25 0.031771 0.051471
1 0.696615 0.34421 0.010938 0.026654
1 0.692708 0.436121 0.020833 0.02114
1 0.884635 0.276195 0.010938 0.015625
1 0.779948 0.507812 0.009896 0.015625
1 0.855729 0.566176 0.029167 0.025735
1 0.816927 0.623162 0.015104 0.036765
1 0.752865 0.619026 0.004688 0.028493
1 0.698698 0.880515 0.010938 0.056985
1 0.620052 0.764706 0.014062 0.036765
1 0.476042 0.859835 0.010417 0.046875
0 0.092448 0.253217 0.092188 0.252757
0 0.957552 0.560662 0.081771 0.196691
0 0.391927 0.347886 0.185938 0.100184
0 0.597917 0.464154 0.130208 0.237132
