0 0.00625 0.129596 0.0125 0.033088
1 0.023958 0.117647 0.007292 0.023897
1 0.057552 0.336397 0.014062 0.009191
1 0.109896 0.433824 0.026042 0.036765
1 0.096094 0.52114 0.013021 0.023897
1 0.126042 0.369485 0.0125 0.036765
1 0.059896 0.351103 0.007292 0.018382
1 0.110156 0.298713 0.019271 0.012868
1 0.145052 0.274816 0.004688 0.042279
1 0.163021 0.282169 0.010417 0.03125
1 0.18151 0.216912 0.010938 0.029412
1 0.157031 0.159007 0.015104 0.029412
1 0.08099 0.045037 0.007812 0.042279
1 0.085677 0.006434 0.016146 0.011029
1 0.098698 0.032629 0.008854 0.043199
1 0.246875 0.045956 0.014583 0.03125
1 0.251042 0.40671 0.011458 0.019301
1 0.328646 0.255055 0.017708 0.063419
1 0.279427 0.111213 0.008854 0.036765
1 0.350781 0.19761 0.006771 0.018382
1 0.434115 0.256893 0.025521 0.035846
1 0.390885 0.160386 0.009896 0.013787
1 0.402083 0.110294 0.016667 0.018382
1 0.367448 0.040901 0.015104 0.02114
1 0.430469 0.368566 0.010938 0.016544
1 0.414062 0.45818 0.009375 0.032169
1 0.4 0.539982 0.017708 0.022978
1 0.535677 0.411765 0.022396 0.033088
1 0.519531 0.29136 0.018229 0.036765
1 0.536198 0.086397 0.019271 0.011029
1 0.591927 0.380974 0.071354 0.173713
1 0.582292 0.485754 0.015625 0.01011
1 0.626823 0.287224 0.022396 0.017463
1 0.661979 0.275276 0.020833 0.017463
1 0.647135 0.21921 0.009896 0.017463
1 0.64375 0.186581 0.011458 0.012868
1 0.678906 0.107077 0.005729 0.04136
1 0.698698 0.158088 0.016146 0.040441
1 0.722135 0.238971 0.021354 0.014706
1 0.672396 0.492188 0.013542 0.030331
0 0.903906 0.282169 0.038021 0.023897
1 0.898958 0.221048 0.020833 0.015625
1 0.865885 0.304688 0.014062 0.024816
1 0.932552 0.314338 0.018229 0.060662
1 0.948698 0.466912 0.013021 0.03125
1 0.967448 0.460018 0.016146 0.01011
1 0.70026 0.787684 0.010938 0.012868
1 0.576823 0.939338 0.008854 0.045956
1 0.533333 0.897518 0.021875 0.006434
1 0.502344 0.813879 0.022396 0.059743
1 0.284635 0.747243 0.010938 0.022059
1 0.172135 0.704504 0.019271 0.015625
1 0.145573 0.733456 0.009896 0.03125
0 0.698958 0.261949 0.057292 0.270221
0 0.414062 0.177849 0.128125 0.140625
0 0.90599 0.348805 0.164062 0.16636
