1 0.159896 0.951287 0.052083 0.091912
1 0.014323 0.898438 0.028646 0.065257
1 0.724219 0.888787 0.009896 0.049632
0 0.666667 0.914062 0.080208 0.153493
1 0.704948 0.859835 0.035938 0.065257
0 0.261979 0.901195 0.071875 0.149816
1 0.170312 0.848805 0.030208 0.061581
0 0.821615 0.839154 0.078646 0.143382
1 0.196094 0.794577 0.014062 0.054228
1 0.947396 0.795956 0.032292 0.082721
0 0.870312 0.840993 0.064583 0.1875
1 0.252344 0.78125 0.020312 0.077206
0 0.471875 0.831801 0.075 0.198529
0 0.289062 0.798254 0.09375 0.14614
0 0.685156 0.770221 0.065104 0.136029
0 0.499479 0.72886 0.072917 0.113971
1 0.34974 0.654412 0.019271 0.047794
1 0.290885 0.625919 0.013021 0.020221
1 0.507031 0.626379 0.078646 0.129596
0 0.470833 0.606158 0.05625 0.11489
0 0.106771 0.576287 0.066667 0.134191
0 0.44974 0.512868 0.013021 0.03125
0 0.683333 0.528033 0.09375 0.122243
1 0.582552 0.633272 0.223438 0.363971
0 0.936979 0.487132 0.048958 0.082721
1 0.36849 0.479779 0.065104 0.095588
0 0.146615 0.46829 0.074479 0.113051
1 0.065365 0.436121 0.040104 0.068934
1 0.71276 0.407629 0.030729 0.035846
1 0.007812 0.388327 0.015625 0.056066
1 0.123438 0.386029 0.034375 0.064338
1 0.466406 0.425551 0.140104 0.196691
0 0.545052 0.324449 0.022396 0.058824
1 0.557031 0.371783 0.088021 0.181066
1 0.283333 0.292739 0.014583 0.04136
1 0.368229 0.37546 0.13125 0.247243
0 0.021094 0.228401 0.031771 0.05239
0 0.516146 0.237592 0.10625 0.138787
1 0.171094 0.27068 0.153646 0.247243
1 0.207031 0.172794 0.042188 0.051471
1 0.805469 0.298254 0.217188 0.326287
1 0.009115 0.188419 0.018229 0.112132
0 0.153125 0.192096 0.089583 0.123162
0 0.207031 0.144761 0.039062 0.034007
0 0.717969 0.170037 0.071354 0.119485
0 0.73724 0.126379 0.030729 0.050551
1 0.266146 0.197151 0.082292 0.203125
1 0.238021 0.07261 0.051042 0.055147
0 0.73724 0.045496 0.009896 0.02114
1 0.175781 0.097886 0.081771 0.149816
0 0.903646 0.07307 0.079167 0.10386
0 0.955208 0.015165 0.05625 0.030331
1 0.605208 0.032629 0.019792 0.065257
1 0.577083 0.007812 0.021875 0.015625
1 0.523438 0.024816 0.032292 0.049632
1 0.488281 0.004596 0.015104 0.009191
0 0.359115 0.013787 0.032812 0.027574
1 0.166667 0.040901 0.078125 0.081801
1 0.068229 0.065257 0.132292 0.130515
1 0.023698 0.073529 0.047396 0.147059
1 0.105208 0.87454 0.129167 0.250919
1 0.72474 0.875 0.034896 0.25
1 0.184115 0.881434 0.115104 0.237132
0 0.811719 0.981158 0.041146 0.037684
1 0.422135 0.986213 0.026562 0.027574
0 0.100521 0.990349 0.030208 0.019301
