1 0.473438 0.982996 0.008333 0.019301
0 0.722135 0.965993 0.022396 0.036765
0 0.259375 0.971048 0.027083 0.050551
1 0.215365 0.914522 0.010938 0.018382
1 0.082031 0.90579 0.015104 0.013787
1 0.593229 0.901195 0.00625 0.022978
1 0.805469 0.873162 0.010938 0.016544
1 0.122917 0.846967 0.00625 0.02114
1 0.042448 0.847426 0.033854 0.090074
0 0.151042 0.728401 0.01875 0.019301
1 0.339844 0.697151 0.015104 0.015625
0 0.136979 0.703125 0.020833 0.03125
0 0.580208 0.665901 0.025 0.05239
1 0.345052 0.607537 0.007812 0.018382
0 0.489323 0.46921 0.023438 0.043199
0 0.036979 0.450368 0.029167 0.051471
1 0.9875 0.367188 0.025 0.081801
1 0.96901 0.346507 0.028646 0.055147
0 0.89401 0.245864 0.023438 0.032169
1 0.080729 0.206342 0.008333 0.019301
0 0.364583 0.171875 0.028125 0.03125
0 0.769792 0.017004 0.023958 0.034007
