1 0.188281 0.090074 0.054688 0.099265
1 0.33776 0.147059 0.069271 0.134191
1 0.391667 0.095129 0.114583 0.190257
1 0.476823 0.361213 0.077604 0.119485
1 0.51901 0.284007 0.038021 0.075368
1 0.546094 0.227482 0.034896 0.059743
1 0.219271 0.394301 0.079167 0.117647
1 0.140625 0.412224 0.045833 0.05239
1 0.453125 0.564798 0.026042 0.04136
1 0.447656 0.684743 0.046354 0.154412
1 0.493229 0.671875 0.04375 0.088235
1 0.624219 0.730239 0.042188 0.076287
1 0.547917 0.826746 0.078125 0.168199
1 0.495833 0.89568 0.061458 0.085478
1 0.784635 0.669577 0.036979 0.076287
1 0.790365 0.581342 0.047396 0.089154
1 0.81901 0.420037 0.060938 0.082721
1 0.613802 0.302849 0.185938 0.078125
1 0.082812 0.175551 0.016667 0.036765
1 0.059635 0.148438 0.024479 0.034007
1 0.113802 0.091912 0.024479 0.101103
1 0.121354 0.158548 0.065625 0.125919
1 0.235417 0.151195 0.010417 0.02114
1 0.266406 0.153033 0.018229 0.037684
1 0.052083 0.63557 0.016667 0.026654
1 0.12526 0.66682 0.043229 0.065257
0 0.667969 0.029412 0.105729 0.058824
1 0.630208 0.013327 0.01875 0.026654
1 0.705729 0.978401 0.026042 0.043199
1 0.422135 0.971967 0.034896 0.056066
1 0.376823 0.963695 0.039062 0.063419
1 0.155208 0.77114 0.01875 0.044118
1 0.111198 0.784467 0.044271 0.032169
0 0.460156 0.867188 0.154688 0.263787
1 0.082812 0.08364 0.060417 0.163603
