1 0.019271 0.623621 0.038542 0.085478
1 0.444531 0.651654 0.032812 0.055147
1 0.690365 0.205423 0.014062 0.037684
1 0.051302 0.023438 0.019271 0.046875
0 0.129688 0.098346 0.065625 0.080882
1 0.138281 0.072151 0.041146 0.032169
0 0.214062 0.015625 0.03125 0.03125
1 0.194792 0.057445 0.0875 0.094669
1 0.022396 0.386489 0.044792 0.087316
1 0.13151 0.464614 0.056771 0.063419
1 0.161719 0.722426 0.013021 0.075368
1 0.282292 0.747243 0.035417 0.042279
1 0.43099 0.803309 0.028646 0.027574
1 0.61901 0.610754 0.013021 0.017463
1 0.44349 0.370404 0.058854 0.086397
1 0.452344 0.454504 0.021354 0.043199
1 0.534635 0.43796 0.035938 0.022978
1 0.672135 0.704504 0.030729 0.015625
1 0.885677 0.600184 0.027604 0.123162
1 0.795052 0.359375 0.053646 0.09375
1 0.613802 0.234375 0.021354 0.036765
1 0.577865 0.025276 0.026562 0.050551
1 0.908333 0.105239 0.111458 0.034007
1 0.941406 0.170956 0.021354 0.044118
1 0.508333 0.373621 0.128125 0.27114
1 0.105729 0.88557 0.054167 0.081801
1 0.377083 0.573989 0.051042 0.092831
1 0.780469 0.115349 0.057812 0.085478
