1 0.193229 0.550551 0.01875 0.027574
1 0.025 0.571691 0.05 0.086397
1 0.214062 0.539522 0.017708 0.036765
1 0.249219 0.527114 0.036979 0.070772
1 0.293229 0.488971 0.042708 0.075368
1 0.404688 0.493107 0.042708 0.102022
1 0.346354 0.49954 0.091667 0.131434
1 0.516146 0.44807 0.021875 0.035846
1 0.639323 0.428768 0.023438 0.035846
1 0.664062 0.434743 0.026042 0.053309
1 0.845573 0.404871 0.016146 0.022978
1 0.623698 0.418658 0.022396 0.076287
1 0.733073 0.409926 0.038021 0.09375
1 0.968229 0.373162 0.034375 0.040441
1 0.919792 0.354779 0.029167 0.069853
1 0.990365 0.335018 0.019271 0.092831
