1 0.052604 0.488051 0.055208 0.132353
1 0.017448 0.56296 0.034896 0.14614
1 0.305208 0.590993 0.113542 0.238971
1 0.354427 0.667739 0.034896 0.096507
1 0.221354 0.948529 0.077083 0.099265
1 0.788802 0.709099 0.022396 0.039522
1 0.842969 0.677849 0.050521 0.127757
1 0.879167 0.759191 0.030208 0.038603
1 0.921354 0.652574 0.129167 0.03125
1 0.976042 0.471048 0.025 0.109375
1 0.960417 0.169118 0.01875 0.069853
1 0.945833 0.071232 0.071875 0.142463
1 0.977865 0.29136 0.044271 0.178309
1 0.054427 0.390165 0.091146 0.079963
1 0.514844 0.64568 0.059896 0.089154
1 0.577604 0.5 0.095833 0.163603
1 0.66875 0.538143 0.046875 0.087316
1 0.671875 0.936581 0.008333 0.113971
1 0.939323 0.909007 0.041146 0.163603
1 0.809635 0.852482 0.023438 0.008272
1 0.624479 0.707261 0.021875 0.037684
1 0.613802 0.430147 0.010938 0.025735
