1 0.007031 0.915441 0.014062 0.038603
1 0.040625 0.69761 0.08125 0.112132
1 0.582812 0.79182 0.180208 0.324449
1 0.507812 0.53079 0.130208 0.227022
0 0.583073 0.460018 0.040104 0.10386
1 0.919271 0.332721 0.030208 0.033088
1 0.953646 0.301011 0.032292 0.035846
1 0.559896 0.354779 0.101042 0.15625
1 0.979167 0.276654 0.026042 0.014706
1 0.777083 0.376838 0.13125 0.244485
1 0.059896 0.331342 0.119792 0.210478
0 0.825781 0.171415 0.011979 0.030331
1 0.009115 0.153033 0.018229 0.02114
0 0.539323 0.222886 0.083854 0.171875
0 0.803125 0.079963 0.059375 0.104779
1 0.108854 0.113971 0.15 0.224265
0 0.755208 0.045037 0.073958 0.090074
1 0.922396 0.153952 0.155208 0.307904
0 0.951302 0.548713 0.097396 0.189338
1 0.440625 0.926011 0.164583 0.147978
1 0.867969 0.940717 0.105729 0.118566
1 0.147917 0.951287 0.030208 0.097426
1 0.772396 0.954504 0.104167 0.090993
0 0.814062 0.117647 0.04375 0.126838
