0 0.018229 0.037684 0.01875 0.045956
1 0.097656 0.086397 0.008854 0.029412
1 0.240625 0.268382 0.010417 0.042279
1 0.182812 0.16636 0.017708 0.018382
1 0.314844 0.085018 0.017188 0.034007
1 0.385938 0.36489 0.020833 0.027574
1 0.415104 0.365349 0.019792 0.019301
0 0.52474 0.444393 0.021354 0.061581
1 0.494792 0.467371 0.022917 0.01011
1 0.575521 0.348346 0.015625 0.011029
1 0.594792 0.397059 0.028125 0.014706
1 0.473958 0.782169 0.013542 0.040441
1 0.49375 0.810662 0.017708 0.018382
1 0.540365 0.758272 0.010938 0.029412
1 0.552083 0.731158 0.011458 0.030331
1 0.62526 0.754596 0.007812 0.027574
1 0.758073 0.695772 0.005729 0.038603
0 0.971615 0.673713 0.017188 0.029412
0 0.5125 0.553768 0.109375 0.188419
0 0.215104 0.162224 0.085417 0.098346
0 0.691667 0.832721 0.09375 0.082721
0 0.432812 0.422794 0.029167 0.086397
1 0.61901 0.088695 0.006771 0.043199
1 0.950781 0.306526 0.011979 0.015625
1 0.773177 0.409926 0.019271 0.022059
1 0.690625 0.421415 0.016667 0.015625
1 0.395833 0.545956 0.009375 0.020221
1 0.375 0.54182 0.010417 0.022978
1 0.323958 0.852482 0.011458 0.02114
1 0.094531 0.878217 0.016146 0.02114
1 0.107292 0.979779 0.017708 0.011029
