1 0.405729 0.988051 0.020833 0.023897
1 0.848958 0.987592 0.025 0.024816
1 0.452604 0.985754 0.026042 0.028493
1 0.426302 0.982537 0.019271 0.034926
1 0.263281 0.96921 0.007812 0.017463
1 0.339062 0.979779 0.029167 0.040441
1 0.272396 0.957721 0.008333 0.022059
1 0.108333 0.942555 0.028125 0.067096
1 0.069792 0.927849 0.029167 0.039522
1 0.173438 0.931066 0.039583 0.055147
1 0.205208 0.924173 0.03125 0.056066
1 0.025781 0.915441 0.051562 0.09375
1 0.758854 0.520221 0.039583 0.064338
1 0.702344 0.467371 0.006771 0.017463
1 0.698177 0.4375 0.019271 0.03125
1 0.982031 0.456342 0.035938 0.074449
1 0.71849 0.455423 0.021354 0.074449
1 0.642969 0.448989 0.033854 0.078125
1 0.877083 0.434283 0.036458 0.054228
1 0.836719 0.436581 0.028646 0.060662
1 0.74401 0.423254 0.030729 0.048713
1 0.501302 0.428309 0.028646 0.082721
1 0.592188 0.432904 0.034375 0.095588
1 0.806771 0.418199 0.044792 0.071691
1 0.791406 0.382353 0.022396 0.027574
1 0.310938 0.36443 0.0125 0.030331
1 0.470573 0.377757 0.038021 0.068015
1 0.461719 0.354779 0.020312 0.029412
1 0.496615 0.365809 0.031771 0.068015
1 0.198698 0.346048 0.019271 0.034007
1 0.092969 0.340533 0.019271 0.035846
1 0.0125 0.348346 0.025 0.053309
1 0.258594 0.339154 0.023438 0.036765
1 0.28099 0.347426 0.013021 0.055147
1 0.358854 0.363051 0.078125 0.091912
1 0.159896 0.304228 0.021875 0.042279
1 0.090365 0.298713 0.023438 0.053309
1 0.055208 0.301011 0.05 0.063419
1 0.203906 0.302849 0.023438 0.068934
