1 0.243229 0.332721 0.019792 0.080882
1 0.309375 0.471048 0.029167 0.050551
1 0.227083 0.640625 0.028125 0.022059
1 0.083073 0.831342 0.044271 0.037684
1 0.01849 0.471507 0.032812 0.073529
1 0.294531 0.729779 0.033854 0.022059
1 0.371094 0.931066 0.031771 0.025735
1 0.685938 0.623621 0.03125 0.057904
1 0.740885 0.491268 0.020312 0.056066
1 0.620833 0.134191 0.01875 0.055147
1 0.949479 0.342831 0.019792 0.056985
1 0.909635 0.228401 0.045312 0.08364
1 0.817708 0.817555 0.014583 0.07261
1 0.030469 0.26057 0.028646 0.081801
1 0.078646 0.327665 0.027083 0.04136
1 0.142708 0.55193 0.007292 0.034007
1 0.204167 0.540441 0.011458 0.0625
1 0.229427 0.586857 0.028646 0.019301
1 0.209635 0.431526 0.011979 0.030331
1 0.35625 0.397059 0.025 0.012868
1 0.304427 0.950368 0.006771 0.03125
1 0.396615 0.518382 0.009896 0.020221
1 0.432292 0.516085 0.015625 0.02114
1 0.313802 0.296415 0.027604 0.034007
1 0.390104 0.231618 0.008333 0.036765
1 0.571615 0.082721 0.018229 0.012868
1 0.816927 0.030331 0.038021 0.060662
1 0.822396 0.107077 0.045833 0.089154
1 0.823958 0.347886 0.016667 0.011949
1 0.834375 0.357537 0.020833 0.014706
0 0.494531 0.529412 0.114062 0.066176
