0 0.1375 0.073529 0.016667 0.016544
0 0.14349 0.202665 0.019271 0.037684
1 0.029427 0.807445 0.058854 0.144301
1 0.128125 0.721967 0.020833 0.056066
1 0.289323 0.956801 0.023438 0.034926
1 0.410156 0.757812 0.029688 0.024816
0 0.733594 0.975184 0.016146 0.020221
0 0.745312 0.925551 0.010417 0.03125
1 0.573698 0.53125 0.075521 0.161765
1 0.83776 0.872702 0.011979 0.034007
0 0.917708 0.772518 0.020833 0.028493
0 0.926562 0.667279 0.016667 0.025735
1 0.846094 0.517004 0.020312 0.024816
0 0.961719 0.136029 0.014062 0.011029
0 0.511979 0.578585 0.1125 0.079963
0 0.418229 0.505974 0.038542 0.215993
1 0.024219 0.134191 0.048438 0.049632
0 0.024479 0.017004 0.048958 0.034007
