1 0.650781 0.702206 0.024479 0.038603
1 0.503125 0.707721 0.035417 0.053309
1 0.901302 0.642463 0.011979 0.022059
1 0.030469 0.715074 0.060938 0.198529
1 0.276042 0.630515 0.041667 0.086397
1 0.716927 0.569853 0.031771 0.068015
1 0.343229 0.417739 0.094792 0.125919
1 0.032812 0.289982 0.041667 0.079963
1 0.650781 0.337316 0.132812 0.200368
1 0.658854 0.243107 0.010417 0.024816
1 0.407031 0.185662 0.010938 0.025735
1 0.372135 0.202206 0.030729 0.077206
1 0.26901 0.150735 0.046354 0.071691
1 0.82526 0.097886 0.009896 0.019301
1 0.679688 0.089614 0.0125 0.02114
1 0.04401 0.097886 0.068229 0.089154
1 0.476042 0.189338 0.182292 0.290441
