0 0.49349 0.903493 0.154688 0.193015
0 0.64974 0.417279 0.221354 0.231618
1 0.153906 0.955423 0.011979 0.011949
1 0.348698 0.799173 0.006771 0.039522
1 0.485938 0.524357 0.016667 0.01011
1 0.342448 0.46921 0.004688 0.024816
1 0.092969 0.352482 0.019271 0.011949
1 0.092708 0.311581 0.020833 0.014706
1 0.27526 0.340533 0.015104 0.017463
1 0.356771 0.11489 0.011458 0.025735
1 0.592188 0.09421 0.008333 0.02114
1 0.673958 0.110294 0.0125 0.027574
1 0.754688 0.615809 0.013542 0.011029
1 0.802865 0.616268 0.006771 0.035846
1 0.961458 0.94761 0.008333 0.029412
1 0.974219 0.352482 0.019271 0.022978
1 0.803125 0.591912 0.015625 0.014706
1 0.945052 0.299632 0.020312 0.020221
1 0.990625 0.145221 0.00625 0.022059
1 0.93776 0.026654 0.017188 0.009191
