1 0.348177 0.702665 0.041146 0.085478
1 0.46276 0.640625 0.094271 0.178309
1 0.229167 0.449449 0.05625 0.084559
1 0.282031 0.032169 0.041146 0.064338
1 0.525 0.160846 0.083333 0.143382
1 0.663542 0.134651 0.057292 0.061581
1 0.867448 0.359835 0.045312 0.096507
1 0.796615 0.425551 0.028646 0.045956
1 0.908333 0.236213 0.05 0.115809
1 0.844792 0.676011 0.079167 0.124081
1 0.815365 0.795496 0.147396 0.188419
1 0.271094 0.432904 0.060938 0.130515
1 0.591406 0.316176 0.031771 0.038603
1 0.378906 0.95818 0.072396 0.08364
1 0.457552 0.943934 0.050521 0.053309
1 0.508333 0.920037 0.011458 0.040441
1 0.484115 0.986213 0.074479 0.027574
1 0.959375 0.536765 0.08125 0.117647
1 0.960156 0.326287 0.079688 0.073529
0 0.650781 0.276654 0.228646 0.185662
0 0.507552 0.775735 0.078646 0.426471
