1 0.204948 0.204044 0.020312 0.040441
1 0.528646 0.321691 0.019792 0.023897
1 0.666927 0.405331 0.018229 0.022059
1 0.714062 0.393382 0.016667 0.018382
1 0.51901 0.68704 0.013021 0.035846
1 0.583073 0.67739 0.024479 0.027574
1 0.396354 0.59421 0.020833 0.037684
1 0.332031 0.60386 0.040104 0.053309
1 0.333854 0.713695 0.01875 0.030331
1 0.077865 0.673713 0.019271 0.044118
1 0.024219 0.37546 0.025521 0.024816
1 0.021354 0.471048 0.016667 0.022978
1 0.053385 0.452665 0.046354 0.068934
1 0.085677 0.475643 0.014062 0.028493
1 0.105208 0.487592 0.026042 0.037684
1 0.085938 0.410386 0.023958 0.063419
1 0.06875 0.394761 0.0125 0.035846
1 0.053385 0.372702 0.018229 0.015625
1 0.064323 0.338695 0.059896 0.089154
1 0.0375 0.286305 0.022917 0.028493
1 0.122917 0.310202 0.021875 0.032169
1 0.091927 0.33318 0.018229 0.02114
1 0.171354 0.293658 0.014583 0.008272
1 0.123958 0.373621 0.008333 0.019301
1 0.154948 0.360294 0.017188 0.058824
1 0.15625 0.40625 0.017708 0.020221
1 0.168229 0.363051 0.0125 0.051471
1 0.191146 0.363511 0.038542 0.081801
1 0.245052 0.363971 0.089062 0.108456
1 0.241146 0.457261 0.020833 0.030331
1 0.257292 0.478401 0.023958 0.037684
1 0.208594 0.292279 0.021354 0.027574
1 0.206771 0.27068 0.011458 0.011949
1 0.189583 0.249081 0.032292 0.055147
1 0.180729 0.205882 0.0125 0.020221
1 0.321094 0.442096 0.013021 0.029412
1 0.335938 0.435202 0.016667 0.037684
1 0.360938 0.402114 0.0125 0.030331
1 0.366406 0.367188 0.011979 0.017463
1 0.353385 0.331801 0.014062 0.020221
1 0.3375 0.334559 0.013542 0.014706
1 0.403125 0.31204 0.017708 0.022978
1 0.453646 0.340533 0.015625 0.024816
1 0.495312 0.307445 0.014583 0.011949
1 0.489844 0.391085 0.017188 0.02114
1 0.495573 0.340993 0.014062 0.025735
1 0.521354 0.41682 0.022917 0.054228
1 0.55026 0.514246 0.015104 0.022978
1 0.565625 0.38511 0.0125 0.014706
1 0.477865 0.705423 0.023438 0.030331
1 0.382031 0.641544 0.021354 0.029412
1 0.353906 0.625919 0.036979 0.051471
1 0.359635 0.586397 0.013021 0.025735
1 0.370312 0.70864 0.015625 0.012868
1 0.372135 0.725643 0.009896 0.015625
1 0.345833 0.735294 0.014583 0.020221
1 0.314844 0.683364 0.024479 0.046875
1 0.148438 0.587776 0.020833 0.030331
1 0.195312 0.673713 0.015625 0.022059
1 0.133594 0.568934 0.020312 0.023897
1 0.101302 0.618566 0.020312 0.020221
1 0.06875 0.65671 0.011458 0.026654
0 0.23776 0.436581 0.156771 0.121324
0 0.65599 0.418199 0.105729 0.231618
0 0.442448 0.443474 0.081771 0.318934
0 0.128906 0.419577 0.047396 0.136949
1 0.92526 0.744026 0.017188 0.026654
