0 0.816406 0.742647 0.175521 0.349265
0 0.632292 0.368107 0.146875 0.374081
1 0.081771 0.754596 0.009375 0.023897
1 0.199479 0.880055 0.008333 0.019301
1 0.051042 0.540441 0.014583 0.016544
1 0.06276 0.511489 0.015104 0.01011
1 0.088802 0.400276 0.016146 0.008272
1 0.15026 0.454504 0.009896 0.022978
1 0.115625 0.348346 0.01875 0.022059
1 0.046354 0.107077 0.0125 0.026654
1 0.148698 0.12454 0.011979 0.026654
1 0.309375 0.022978 0.009375 0.029412
1 0.299479 0.004596 0.014583 0.009191
1 0.246094 0.182904 0.005729 0.027574
1 0.232552 0.379136 0.013021 0.017463
1 0.319271 0.488971 0.01875 0.011029
1 0.339323 0.41636 0.008854 0.014706
1 0.283854 0.147978 0.009375 0.022059
0 0.385677 0.040901 0.027604 0.081801
1 0.36901 0.153033 0.008854 0.015625
1 0.35625 0.278033 0.010417 0.017463
1 0.400781 0.331801 0.011979 0.014706
1 0.6625 0.028952 0.007292 0.024816
1 0.499479 0.39614 0.008333 0.022059
1 0.514844 0.612132 0.016146 0.016544
1 0.554427 0.773438 0.023438 0.02114
1 0.630469 0.649816 0.011979 0.012868
1 0.63099 0.613971 0.013021 0.009191
1 0.59349 0.542279 0.008854 0.016544
1 0.701562 0.592371 0.009375 0.026654
1 0.789583 0.653033 0.009375 0.02114
1 0.701042 0.422335 0.0125 0.02114
1 0.627865 0.363051 0.006771 0.033088
1 0.651823 0.279871 0.016146 0.019301
1 0.754167 0.186121 0.013542 0.032169
1 0.764323 0.169577 0.008854 0.013787
1 0.73151 0.130055 0.017188 0.01011
1 0.96901 0.055147 0.017188 0.011029
1 0.791146 0.371324 0.013542 0.009191
1 0.866146 0.426471 0.014583 0.022059
1 0.929948 0.549632 0.007812 0.016544
