1 0.814844 0.892923 0.034896 0.07261
1 0.738021 0.860754 0.013542 0.015625
1 0.976823 0.896599 0.046354 0.089154
1 0.707812 0.87454 0.047917 0.085478
1 0.740885 0.839614 0.025521 0.030331
1 0.491146 0.845129 0.022917 0.070772
1 0.793229 0.839614 0.036458 0.068934
1 0.686198 0.829044 0.057812 0.051471
1 0.315365 0.821232 0.030729 0.056066
1 0.395573 0.795956 0.023438 0.056985
1 0.582292 0.789062 0.044792 0.068934
1 0.542448 0.788603 0.036979 0.086397
1 0.195052 0.766085 0.036979 0.048713
1 0.283073 0.787684 0.066146 0.112132
1 0.247396 0.768842 0.026042 0.079963
1 0.108854 0.743566 0.042708 0.055147
1 0.160938 0.757353 0.034375 0.091912
1 0.13151 0.735754 0.039062 0.102022
1 0.009635 0.698529 0.019271 0.040441
1 0.063542 0.703125 0.042708 0.056985
1 0.9125 0.28171 0.030208 0.048713
1 0.96276 0.269761 0.039062 0.07261
1 0.771094 0.276654 0.026562 0.090074
1 0.825521 0.255515 0.026042 0.056985
1 0.984375 0.284467 0.03125 0.122243
1 0.882812 0.246783 0.025 0.050551
1 0.853646 0.244485 0.042708 0.045956
1 0.654948 0.238051 0.029688 0.055147
1 0.610156 0.244026 0.035938 0.068934
1 0.76901 0.215993 0.018229 0.03125
1 0.554167 0.237592 0.033333 0.079963
1 0.585417 0.216912 0.016667 0.040441
1 0.728646 0.21829 0.05 0.046875
1 0.478906 0.203125 0.038021 0.045956
1 0.513281 0.198989 0.021354 0.039522
1 0.228385 0.199449 0.040104 0.060662
1 0.198177 0.185202 0.024479 0.046875
1 0.054688 0.180147 0.035417 0.051471
1 0.379688 0.180607 0.03125 0.059743
1 0.339062 0.185202 0.0375 0.07261
1 0.256771 0.171415 0.034375 0.054228
1 0.284896 0.171415 0.034375 0.056066
1 0.445833 0.189798 0.044792 0.098346
1 0.130729 0.159467 0.044792 0.057904
1 0.074479 0.142004 0.023958 0.05239
1 0.020312 0.147059 0.026042 0.064338
1 0.094271 0.140165 0.03125 0.08364
