0 0.491667 0.492188 0.066667 0.063419
0 0.541927 0.526195 0.049479 0.089154
1 0.004948 0.55193 0.009896 0.02114
1 0.027344 0.29136 0.009896 0.018382
1 0.128646 0.225184 0.016667 0.020221
1 0.11849 0.065717 0.013021 0.022978
1 0.225 0.02114 0.007292 0.018382
1 0.292448 0.063419 0.008854 0.018382
1 0.208333 0.067555 0.013542 0.01011
1 0.623958 0.060662 0.016667 0.012868
1 0.915885 0.064338 0.007812 0.018382
1 0.273438 0.287684 0.009375 0.012868
1 0.25599 0.379596 0.008854 0.023897
1 0.178646 0.486213 0.017708 0.011029
1 0.172917 0.527574 0.021875 0.034926
1 0.172917 0.556066 0.015625 0.011029
1 0.179167 0.678309 0.0125 0.009191
1 0.215104 0.943015 0.010417 0.027574
1 0.385938 0.959099 0.007292 0.019301
1 0.457812 0.909926 0.011458 0.023897
1 0.39375 0.764246 0.028125 0.02114
1 0.416927 0.8125 0.009896 0.027574
1 0.36849 0.65671 0.009896 0.026654
1 0.425521 0.52068 0.015625 0.015625
1 0.58151 0.417279 0.006771 0.027574
1 0.561979 0.435202 0.022917 0.026654
1 0.520312 0.580882 0.014583 0.020221
1 0.761458 0.532169 0.019792 0.012868
1 0.716667 0.977022 0.0125 0.023897
0 0.799219 0.991728 0.017188 0.016544
1 0.795052 0.894761 0.015104 0.017463
1 0.774219 0.83318 0.015104 0.013787
1 0.879688 0.846048 0.010417 0.013787
1 0.875781 0.884191 0.011979 0.025735
1 0.901823 0.922794 0.015104 0.011029
