1 0.198958 0.98943 0.009375 0.017463
1 0.933594 0.971048 0.006771 0.02114
1 0.743229 0.96875 0.008333 0.022059
1 0.201823 0.957721 0.009896 0.027574
1 0.236979 0.949908 0.009375 0.013787
1 0.589583 0.94807 0.009375 0.02114
1 0.722917 0.933824 0.009375 0.022059
1 0.219531 0.893842 0.009896 0.019301
1 0.026302 0.889706 0.010938 0.022059
1 0.523438 0.866268 0.0125 0.022978
1 0.034115 0.852941 0.010938 0.016544
1 0.763021 0.794577 0.009375 0.017463
1 0.982552 0.793199 0.007812 0.020221
1 0.68099 0.765165 0.007812 0.017463
1 0.301562 0.766544 0.013542 0.034926
1 0.3125 0.725643 0.008333 0.017463
1 0.499219 0.689338 0.011979 0.022059
1 0.54974 0.539062 0.010938 0.024816
1 0.434896 0.499081 0.014583 0.018382
1 0.182031 0.467371 0.015104 0.024816
1 0.753646 0.451287 0.009375 0.014706
1 0.517969 0.446691 0.006771 0.020221
1 0.175521 0.361673 0.009375 0.015625
1 0.501823 0.313419 0.010938 0.016544
1 0.569792 0.28079 0.009375 0.015625
1 0.116406 0.279412 0.011979 0.020221
1 0.177083 0.223346 0.014583 0.029412
1 0.117969 0.215993 0.010938 0.022059
1 0.135938 0.193015 0.009375 0.018382
1 0.944531 0.171415 0.009896 0.015625
1 0.594531 0.147059 0.008854 0.016544
1 0.320312 0.102022 0.009375 0.014706
1 0.208594 0.094669 0.008854 0.016544
1 0.470052 0.081342 0.010938 0.015625
