1 0.603385 0.497702 0.031771 0.017463
1 0.614062 0.512408 0.052083 0.02114
1 0.565104 0.482077 0.033333 0.045037
1 0.478385 0.411305 0.027604 0.056066
1 0.361719 0.483456 0.011979 0.0625
1 0.395573 0.606158 0.035938 0.050551
1 0.351302 0.758732 0.040104 0.034007
1 0.4 0.783088 0.026042 0.049632
1 0.629427 0.691176 0.042188 0.086397
1 0.28125 0.369485 0.026042 0.058824
1 0.152344 0.543199 0.030729 0.095588
1 0.073958 0.601562 0.028125 0.01011
1 0.01849 0.588235 0.036979 0.086397
1 0.095833 0.767463 0.047917 0.025735
1 0.025521 0.87546 0.041667 0.063419
1 0.189844 0.112132 0.054688 0.123162
0 0.023177 0.008732 0.026562 0.017463
1 0.035938 0.017463 0.017708 0.012868
1 0.032292 0.053309 0.045833 0.034926
1 0.058594 0.13557 0.027604 0.039522
1 0.088021 0.154871 0.0375 0.074449
1 0.170573 0.015625 0.014062 0.03125
1 0.180469 0.100184 0.010938 0.012868
1 0.188021 0.19761 0.013542 0.022059
0 0.154167 0.227022 0.00625 0.036765
1 0.14974 0.267923 0.009896 0.034007
1 0.139323 0.245404 0.016146 0.014706
1 0.132552 0.18796 0.009896 0.068934
1 0.0625 0.397518 0.027083 0.068934
1 0.029167 0.38557 0.045833 0.02114
1 0.042188 0.482996 0.036458 0.063419
1 0.129688 0.559283 0.009375 0.028493
1 0.116667 0.575368 0.017708 0.012868
1 0.198177 0.42739 0.027604 0.018382
1 0.195312 0.537224 0.013542 0.113051
1 0.232552 0.525735 0.059896 0.079044
1 0.25625 0.488971 0.0375 0.040441
1 0.30625 0.505515 0.025 0.018382
1 0.324479 0.515165 0.008333 0.07261
1 0.322396 0.57307 0.026042 0.035846
1 0.351562 0.564338 0.029167 0.091912
1 0.3875 0.571232 0.019792 0.024816
1 0.416667 0.549632 0.004167 0.038603
1 0.435938 0.570312 0.007292 0.030331
1 0.452083 0.631434 0.009375 0.027574
1 0.479688 0.565717 0.011458 0.02114
1 0.528125 0.640165 0.007292 0.048713
1 0.497656 0.546415 0.018229 0.045037
1 0.341406 0.313879 0.023438 0.015625
1 0.40625 0.266544 0.007292 0.029412
1 0.445312 0.265625 0.044792 0.016544
1 0.48724 0.170496 0.014062 0.028493
1 0.541146 0.115349 0.023958 0.024816
1 0.62474 0.589154 0.007812 0.016544
1 0.930469 0.263787 0.029688 0.040441
1 0.984115 0.153033 0.007812 0.048713
1 0.921094 0.807904 0.038021 0.045956
1 0.98724 0.883272 0.016146 0.014706
1 0.772396 0.850184 0.011458 0.011029
1 0.664583 0.86443 0.01875 0.030331
1 0.671354 0.741268 0.032292 0.056066
1 0.672396 0.689338 0.035417 0.020221
1 0.505469 0.877757 0.016146 0.036765
1 0.50599 0.698989 0.016146 0.01011
1 0.479427 0.692555 0.010938 0.04136
1 0.410156 0.879136 0.021354 0.008272
1 0.302865 0.831342 0.016146 0.030331
1 0.273698 0.900276 0.011979 0.017463
1 0.211458 0.863051 0.027083 0.027574
1 0.096354 0.670496 0.0125 0.034007
1 0.011198 0.78171 0.022396 0.043199
1 0.067448 0.982996 0.028646 0.034007
0 0.210156 0.241268 0.147396 0.20864
0 0.547396 0.590993 0.190625 0.108456
0 0.773958 0.725184 0.164583 0.126838
0 0.432031 0.435662 0.038021 0.204044
1 0.634635 0.372702 0.009896 0.028493
