1 0.079427 0.587316 0.015104 0.029412
1 0.233854 0.636489 0.067708 0.092831
1 0.208073 0.299632 0.040104 0.080882
1 0.280729 0.358456 0.029167 0.069853
1 0.370573 0.488511 0.008854 0.022978
1 0.4625 0.419577 0.0375 0.043199
1 0.503385 0.684743 0.052604 0.047794
1 0.501042 0.823989 0.034375 0.067096
1 0.614844 0.974265 0.024479 0.047794
1 0.767708 0.941636 0.032292 0.04136
1 0.790625 0.954963 0.025 0.029412
0 0.910417 0.917739 0.04375 0.067096
0 0.517708 0.507812 0.05625 0.140625
1 0.063281 0.926471 0.050521 0.101103
1 0.683854 0.499081 0.05 0.084559
1 0.009115 0.780331 0.018229 0.033088
0 0.014062 0.883732 0.028125 0.105699
1 0.047917 0.769301 0.014583 0.023897
1 0.44349 0.879136 0.014062 0.028493
1 0.422917 0.612132 0.014583 0.023897
1 0.914323 0.45864 0.016146 0.016544
1 0.942188 0.379596 0.033333 0.034926
