1 0.528385 0.909926 0.011979 0.020221
1 0.527344 0.806526 0.009896 0.017463
1 0.834375 0.675092 0.044792 0.08364
1 0.68724 0.688879 0.059896 0.118566
1 0.359375 0.592831 0.013542 0.045956
1 0.929167 0.578585 0.017708 0.035846
1 0.43099 0.509191 0.008854 0.016544
1 0.459896 0.550551 0.026042 0.101103
1 0.513021 0.454044 0.038542 0.071691
1 0.95599 0.371783 0.056771 0.120404
1 0.175781 0.320772 0.019271 0.056985
1 0.838802 0.227482 0.010938 0.013787
1 0.007812 0.264706 0.015625 0.09375
1 0.711979 0.168199 0.009375 0.016544
1 0.340885 0.163603 0.016146 0.018382
1 0.9875 0.159007 0.025 0.0625
1 0.863802 0.081342 0.019271 0.030331
1 0.133854 0.026195 0.016667 0.024816
1 0.594531 0.02068 0.014062 0.02114
1 0.85026 0.018382 0.038021 0.036765
