0 0.158594 0.982996 0.024479 0.034007
1 0.386719 0.922794 0.007812 0.022059
0 0.804688 0.945772 0.030208 0.068015
1 0.191667 0.851562 0.009375 0.028493
1 0.843229 0.77114 0.011458 0.022059
0 0.309635 0.755055 0.024479 0.043199
0 0.948177 0.740349 0.024479 0.063419
1 0.279688 0.713235 0.008333 0.018382
1 0.269531 0.587776 0.009896 0.02114
1 0.74974 0.575368 0.016146 0.018382
0 0.481771 0.513327 0.0375 0.043199
1 0.809115 0.408088 0.003646 0.056985
1 0.571875 0.349724 0.010417 0.017463
1 0.257292 0.348805 0.010417 0.022978
1 0.016667 0.345129 0.007292 0.017463
1 0.092969 0.338235 0.007812 0.020221
1 0.370573 0.358915 0.053646 0.094669
1 0.55599 0.266085 0.032812 0.070772
1 0.759115 0.206342 0.009896 0.019301
1 0.161719 0.17739 0.014062 0.029412
0 0.716146 0.153952 0.020833 0.076287
0 0.124219 0.132812 0.023438 0.070772
