1 0.556771 0.471507 0.021875 0.045956
1 0.606771 0.690257 0.021875 0.034926
1 0.197917 0.28079 0.01875 0.028493
1 0.241927 0.292279 0.014062 0.027574
1 0.127344 0.264246 0.023438 0.04136
1 0.132812 0.121783 0.015625 0.037684
1 0.171875 0.028033 0.020833 0.035846
1 0.016406 0.122243 0.011979 0.023897
1 0.146615 0.053309 0.017188 0.020221
1 0.155208 0.071691 0.022917 0.027574
1 0.135417 0.220129 0.010417 0.035846
1 0.148698 0.21875 0.014062 0.023897
1 0.125781 0.35432 0.013021 0.017463
1 0.154948 0.257353 0.021354 0.03125
1 0.176042 0.250919 0.014583 0.027574
1 0.216667 0.304228 0.021875 0.023897
1 0.207812 0.313419 0.010417 0.012868
1 0.370312 0.256893 0.005208 0.024816
1 0.404167 0.311581 0.011458 0.025735
1 0.552865 0.388327 0.013021 0.02114
1 0.431771 0.438879 0.03125 0.04136
1 0.425 0.46875 0.025 0.033088
1 0.444271 0.45818 0.011458 0.026654
1 0.457292 0.464614 0.01875 0.034007
1 0.445052 0.481618 0.018229 0.025735
1 0.442708 0.521599 0.019792 0.032169
1 0.466927 0.528952 0.014062 0.017463
1 0.463021 0.542739 0.009375 0.013787
1 0.529688 0.606158 0.011458 0.022978
1 0.56875 0.642463 0.015625 0.016544
1 0.650781 0.75 0.018229 0.036765
1 0.846094 0.677849 0.015104 0.028493
0 0.811979 0.869026 0.019792 0.011949
1 0.785938 0.871783 0.016667 0.04136
1 0.805208 0.890625 0.019792 0.053309
1 0.825 0.890625 0.021875 0.036765
1 0.820833 0.860754 0.028125 0.026654
1 0.832031 0.847426 0.025521 0.029412
1 0.836979 0.822151 0.013542 0.035846
1 0.85 0.982077 0.019792 0.017463
1 0.878646 0.949449 0.011458 0.023897
1 0.910417 0.984835 0.020833 0.030331
1 0.96224 0.956801 0.065104 0.086397
0 0.910677 0.94761 0.064062 0.104779
0 0.495052 0.514706 0.095312 0.152574
1 0.452604 0.513327 0.016667 0.028493
