1 0.979427 0.547794 0.041146 0.060662
1 0.815365 0.518382 0.019271 0.040441
1 0.982031 0.507353 0.035938 0.045956
1 0.751823 0.492188 0.040104 0.04136
1 0.509115 0.481158 0.028646 0.035846
1 0.910677 0.475184 0.014062 0.033088
1 0.271354 0.477022 0.046875 0.042279
1 0.570312 0.469669 0.021875 0.027574
1 0.8 0.475643 0.030208 0.048713
1 0.61849 0.475643 0.042188 0.05239
1 0.126302 0.463235 0.025521 0.029412
1 0.721354 0.484375 0.042708 0.075368
1 0.832812 0.485754 0.034375 0.078125
1 0.749219 0.459559 0.027604 0.03125
1 0.865625 0.47886 0.04375 0.071691
1 0.178646 0.450368 0.021875 0.022059
1 0.149219 0.457721 0.021354 0.036765
1 0.483594 0.471967 0.031771 0.076287
1 0.439583 0.450368 0.034375 0.047794
1 0.457552 0.434743 0.015104 0.044118
1 0.325521 0.439798 0.042708 0.059743
1 0.397135 0.434743 0.033854 0.056985
1 0.085417 0.435202 0.030208 0.057904
1 0.347917 0.414522 0.019792 0.036765
1 0.292188 0.433824 0.039583 0.075368
1 0.064323 0.418658 0.029688 0.07261
1 0.365104 0.436121 0.046875 0.109375
1 0.161979 0.401195 0.01875 0.039522
1 0.040885 0.403493 0.028646 0.047794
1 0.009115 0.402114 0.018229 0.07261
1 0.786979 0.011489 0.036458 0.022978
