0 0.655469 0.820772 0.155729 0.154412
0 0.513802 0.561121 0.161979 0.122243
0 0.409115 0.355239 0.160938 0.153493
1 0.055729 0.391085 0.0125 0.057904
1 0.038021 0.84421 0.026042 0.030331
1 0.009896 0.939338 0.019792 0.023897
1 0.128906 0.704504 0.011979 0.028493
1 0.275521 0.41682 0.022917 0.015625
1 0.478906 0.521599 0.026562 0.019301
1 0.244531 0.516544 0.017188 0.014706
1 0.263281 0.545956 0.008854 0.040441
1 0.383594 0.942096 0.017188 0.051471
1 0.525521 0.704504 0.01875 0.04136
1 0.625 0.980699 0.010417 0.020221
1 0.716406 0.89614 0.019271 0.020221
1 0.748958 0.612132 0.007292 0.025735
1 0.722917 0.584559 0.013542 0.014706
1 0.649479 0.508272 0.013542 0.029412
