1 0.415625 0.824908 0.016667 0.013787
1 0.270312 0.447151 0.019792 0.022978
1 0.376042 0.456342 0.029167 0.043199
1 0.963542 0.443474 0.0125 0.02114
1 0.813802 0.453585 0.030729 0.045037
1 0.321615 0.445312 0.024479 0.043199
1 0.021354 0.44761 0.042708 0.051471
1 0.645312 0.430147 0.022917 0.03125
1 0.453385 0.428309 0.017188 0.029412
1 0.348698 0.432445 0.028646 0.057904
1 0.574479 0.429228 0.032292 0.055147
1 0.032031 0.415441 0.024479 0.03125
1 0.119792 0.413143 0.030208 0.037684
1 0.221615 0.423254 0.040104 0.057904
1 0.750781 0.414982 0.045312 0.063419
1 0.01276 0.414982 0.025521 0.063419
