1 0.086458 0.720588 0.022917 0.047794
1 0.013021 0.05193 0.013542 0.032169
1 0.299219 0.185662 0.024479 0.055147
1 0.346094 0.11443 0.017188 0.04136
1 0.382292 0.117647 0.020833 0.040441
1 0.374479 0.410846 0.015625 0.027574
1 0.353646 0.513787 0.042708 0.045956
1 0.258594 0.831342 0.013021 0.034007
1 0.468229 0.403493 0.178125 0.158088
1 0.494271 0.108915 0.114583 0.212316
1 0.639062 0.104779 0.029167 0.055147
1 0.657031 0.271599 0.025521 0.067096
1 0.578906 0.275735 0.024479 0.036765
1 0.700781 0.265625 0.030729 0.040441
1 0.69401 0.482537 0.017188 0.034926
1 0.672656 0.549632 0.024479 0.044118
1 0.573958 0.856158 0.017708 0.056066
1 0.497396 0.910846 0.032292 0.040441
1 0.811458 0.745404 0.022917 0.082721
1 0.796615 0.828125 0.019271 0.03125
1 0.857292 0.496783 0.054167 0.079963
1 0.928906 0.380515 0.045312 0.044118
1 0.977344 0.247702 0.020312 0.032169
0 0.582292 0.436581 0.036458 0.045956
1 0.016146 0.988511 0.032292 0.022978
1 0.039583 0.98989 0.009375 0.020221
1 0.119271 0.9375 0.009375 0.023897
1 0.035156 0.259651 0.008854 0.022978
1 0.264323 0.057445 0.016146 0.048713
1 0.310156 0.067555 0.019271 0.026654
1 0.364062 0.306985 0.030208 0.018382
1 0.467188 0.02068 0.044792 0.04136
1 0.379427 0.350184 0.010938 0.036765
1 0.302604 0.335018 0.020833 0.048713
1 0.248177 0.295956 0.004688 0.029412
1 0.365104 0.688879 0.030208 0.037684
1 0.284375 0.799173 0.020833 0.024816
1 0.19974 0.978401 0.032812 0.024816
1 0.244792 0.965074 0.01875 0.029412
1 0.338021 0.821691 0.026042 0.066176
1 0.435938 0.944853 0.019792 0.045956
1 0.625521 0.698989 0.030208 0.026654
1 0.842448 0.913143 0.015104 0.043199
1 0.952865 0.954044 0.059896 0.058824
1 0.992708 0.951746 0.0125 0.035846
1 0.759635 0.594669 0.014062 0.034926
1 0.956771 0.507353 0.023958 0.009191
1 0.869271 0.304228 0.027083 0.091912
1 0.969271 0.289522 0.01875 0.03125
1 0.665885 0.056066 0.020312 0.020221
