0 0.272135 0.899357 0.032812 0.063419
1 0.151562 0.575827 0.008333 0.02114
1 0.018229 0.514706 0.033333 0.086397
1 0.211198 0.503676 0.048438 0.069853
1 0.294531 0.492188 0.050521 0.046875
1 0.355208 0.497702 0.047917 0.07261
1 0.078125 0.48989 0.04375 0.058824
1 0.45599 0.491268 0.047396 0.061581
1 0.16276 0.478401 0.036979 0.050551
1 0.576042 0.491268 0.033333 0.098346
1 0.670312 0.455882 0.022917 0.036765
1 0.267448 0.48989 0.035938 0.115809
1 0.290104 0.453125 0.040625 0.045956
1 0.229948 0.482077 0.054688 0.109375
1 0.408594 0.462316 0.046354 0.073529
1 0.521094 0.463695 0.039062 0.081801
1 0.470833 0.454044 0.048958 0.069853
1 0.430469 0.473346 0.040104 0.110294
1 0.616667 0.443015 0.03125 0.055147
1 0.867188 0.447151 0.022917 0.067096
1 0.898958 0.43704 0.04375 0.056066
0 0.59349 0.446232 0.027604 0.078125
1 0.81276 0.426011 0.017188 0.043199
1 0.35599 0.439798 0.049479 0.07261
1 0.695312 0.431985 0.041667 0.058824
0 0.498177 0.439798 0.039062 0.078125
1 0.567448 0.42693 0.049479 0.057904
1 0.425521 0.414062 0.052083 0.050551
1 0.773438 0.426471 0.036458 0.077206
1 0.486458 0.40625 0.030208 0.044118
1 0.680729 0.398897 0.040625 0.053309
1 0.811979 0.391544 0.040625 0.058824
1 0.930729 0.383732 0.029167 0.050551
0 0.915104 0.3125 0.023958 0.042279
0 0.802344 0.161305 0.009896 0.039522
0 0.586198 0.049173 0.042188 0.098346
