1 0.004167 0.088235 0.008333 0.049632
1 0.159896 0.330882 0.085417 0.191176
1 0.433854 0.04182 0.0125 0.043199
1 0.611458 0.084559 0.008333 0.033088
1 0.835938 0.266085 0.0125 0.043199
1 0.991406 0.428309 0.015104 0.042279
1 0.538802 0.352941 0.024479 0.025735
1 0.458594 0.313879 0.018229 0.035846
1 0.392188 0.428768 0.03125 0.151654
1 0.382812 0.518382 0.019792 0.040441
1 0.259896 0.793658 0.025 0.013787
1 0.291927 0.921415 0.016146 0.024816
1 0.256771 0.948989 0.033333 0.035846
1 0.160156 0.877298 0.020312 0.026654
0 0.95651 0.451746 0.083854 0.078125
0 0.647917 0.561581 0.044792 0.15625
0 0.113802 0.755974 0.075521 0.276654
