1 0.035938 0.826746 0.071875 0.230699
1 0.176042 0.700368 0.111458 0.215074
1 0.66875 0.659007 0.040625 0.038603
1 0.963021 0.699449 0.025 0.044118
1 0.994531 0.679228 0.010938 0.064338
1 0.229688 0.884651 0.1625 0.230699
1 0.573698 0.20818 0.269271 0.41636
0 0.602865 0.644301 0.101562 0.238971
0 0.51276 0.543658 0.148438 0.16636
0 0.267969 0.511029 0.089062 0.141544
0 0.827083 0.576746 0.169792 0.144301
1 0.084375 0.802849 0.046875 0.109375
1 0.917708 0.543658 0.095833 0.298713
1 0.741927 0.811121 0.010938 0.019301
