0 0.746354 0.842371 0.088542 0.125919
0 0.364323 0.852482 0.193229 0.295037
0 0.566667 0.800092 0.185417 0.337316
1 0.217188 0.620404 0.007292 0.022059
1 0.53776 0.177849 0.016146 0.015625
1 0.37526 0.186581 0.010938 0.055147
0 0.96875 0.147518 0.0625 0.13511
0 0.122656 0.231618 0.184896 0.310662
0 0.039323 0.223346 0.078646 0.294118
0 0.645052 0.170496 0.132812 0.214154
1 0.613021 0.065257 0.041667 0.034926
1 0.507031 0.053309 0.016146 0.0625
0 0.478385 0.180147 0.188021 0.360294
0 0.330469 0.176471 0.209896 0.352941
