1 0.133073 0.699449 0.052604 0.075368
1 0.272656 0.783088 0.048438 0.084559
1 0.254688 0.838695 0.036458 0.063419
1 0.174479 0.619026 0.059375 0.08364
1 0.266146 0.503676 0.066667 0.117647
1 0.905208 0.663603 0.034375 0.09375
0 0.595573 0.28079 0.217188 0.524816
1 0.439062 0.344669 0.069792 0.137868
1 0.027083 0.848805 0.054167 0.129596
1 0.180208 0.721048 0.047917 0.057904
1 0.316667 0.403493 0.066667 0.130515
1 0.057812 0.768842 0.028125 0.043199
1 0.530729 0.128217 0.028125 0.050551
1 0.407292 0.265165 0.055208 0.043199
1 0.358854 0.338695 0.057292 0.085478
1 0.117448 0.835938 0.024479 0.076287
1 0.089323 0.86489 0.051562 0.136029
1 0.057292 0.855699 0.015625 0.03125
