1 0.082031 0.820312 0.010938 0.054228
1 0.111458 0.944393 0.0125 0.094669
1 0.151302 0.800092 0.033854 0.013787
1 0.230208 0.753217 0.040625 0.019301
0 0.290885 0.472426 0.031771 0.040441
1 0.472396 0.209099 0.026042 0.089154
1 0.474219 0.540901 0.035938 0.07261
1 0.659635 0.393842 0.005729 0.05239
1 0.26276 0.071691 0.026562 0.036765
1 0.321354 0.076746 0.029167 0.013787
1 0.202604 0.179688 0.041667 0.026654
1 0.04974 0.358915 0.022396 0.061581
1 0.027083 0.417279 0.021875 0.066176
1 0.014844 0.358456 0.029688 0.042279
1 0.132292 0.289062 0.021875 0.022978
1 0.223438 0.339614 0.017708 0.013787
1 0.251302 0.315717 0.031771 0.039522
1 0.289062 0.397518 0.025 0.022978
1 0.374479 0.272518 0.022917 0.048713
1 0.400781 0.076287 0.007812 0.018382
1 0.734896 0.255515 0.019792 0.020221
1 0.763021 0.314798 0.020833 0.013787
1 0.725 0.431526 0.005208 0.028493
1 0.88724 0.216452 0.020312 0.039522
1 0.94974 0.179688 0.014062 0.024816
1 0.949479 0.058824 0.035417 0.009191
1 0.963281 0.263327 0.011979 0.017463
1 0.883854 0.67693 0.019792 0.008272
1 0.926302 0.76057 0.015104 0.008272
1 0.698438 0.975643 0.023958 0.019301
1 0.58099 0.867188 0.022396 0.030331
1 0.304688 0.849265 0.010417 0.056985
1 0.242448 0.768382 0.023438 0.007353
1 0.210156 0.954044 0.006771 0.051471
1 0.004688 0.745864 0.009375 0.024816
0 0.859635 0.232537 0.161979 0.189338
0 0.098438 0.540901 0.166667 0.129596
0 0.739844 0.304688 0.119271 0.118566
0 0.514583 0.391544 0.045833 0.240809
