0 0.040365 0.344669 0.010938 0.014706
1 0.360417 0.918658 0.020833 0.048713
1 0.317448 0.743566 0.006771 0.022059
1 0.369531 0.652574 0.011979 0.055147
1 0.695052 0.907169 0.017188 0.022059
1 0.816406 0.590074 0.041146 0.064338
0 0.922135 0.117188 0.010938 0.022978
1 0.633594 0.151654 0.020312 0.055147
1 0.303646 0.069853 0.032292 0.012868
1 0.119792 0.936581 0.130208 0.126838
0 0.094271 0.19807 0.101042 0.125919
0 0.460417 0.459559 0.051042 0.257353
0 0.857812 0.79182 0.132292 0.090993
0 0.672917 0.652114 0.042708 0.186581
0 0.30599 0.352941 0.146354 0.073529
