1 0.958333 0.967371 0.047917 0.065257
1 0.938542 0.938879 0.071875 0.076287
1 0.896615 0.921875 0.038021 0.060662
1 0.845312 0.897059 0.051042 0.079044
1 0.782812 0.863511 0.013542 0.026654
1 0.740365 0.831801 0.041146 0.060662
1 0.663542 0.820772 0.046875 0.069853
1 0.53724 0.799173 0.035938 0.048713
1 0.569792 0.826287 0.030208 0.106618
1 0.485938 0.784926 0.038542 0.045956
1 0.509635 0.758272 0.040104 0.042279
1 0.578646 0.764706 0.01875 0.064338
1 0.410938 0.744485 0.025 0.033088
1 0.276562 0.742647 0.032292 0.0625
1 0.363802 0.72886 0.041146 0.042279
1 0.450781 0.727482 0.031771 0.054228
1 0.391406 0.712776 0.036979 0.04136
1 0.259115 0.719669 0.034896 0.0625
1 0.313542 0.684743 0.034375 0.0625
1 0.186198 0.678309 0.060938 0.073529
1 0.093229 0.646599 0.038542 0.076287
1 0.033594 0.636029 0.035938 0.058824
1 0.155469 0.639246 0.043229 0.078125
1 0.064323 0.631893 0.031771 0.081801
1 0.00625 0.619485 0.0125 0.056985
1 0.117969 0.630055 0.041146 0.085478
1 0.972656 0.331801 0.031771 0.066176
1 0.945833 0.307904 0.033333 0.053309
1 0.974479 0.288143 0.015625 0.028493
1 0.870312 0.302849 0.036458 0.08364
1 0.828646 0.279412 0.032292 0.055147
1 0.796615 0.24954 0.015104 0.04136
1 0.730469 0.253676 0.029688 0.056985
1 0.673958 0.246324 0.029167 0.058824
1 0.776042 0.243566 0.03125 0.079044
1 0.482812 0.209099 0.014583 0.04136
1 0.657292 0.220129 0.03125 0.074449
1 0.565885 0.186581 0.021354 0.049632
1 0.578646 0.200827 0.026042 0.081801
1 0.372135 0.180607 0.027604 0.05239
1 0.40625 0.17693 0.036458 0.067096
1 0.273438 0.168199 0.025 0.053309
1 0.523177 0.191176 0.040104 0.101103
1 0.45 0.170956 0.033333 0.0625
1 0.357552 0.164522 0.054688 0.086397
1 0.332031 0.142004 0.039062 0.054228
1 0.302865 0.140625 0.024479 0.053309
1 0.15 0.128676 0.030208 0.038603
1 0.113281 0.12454 0.025521 0.037684
1 0.244271 0.12546 0.0375 0.043199
1 0.060156 0.088695 0.022396 0.043199
1 0.029167 0.090993 0.017708 0.049632
1 0.078906 0.086397 0.020312 0.060662
1 0.110156 0.068934 0.017188 0.056985
1 0.011198 0.049173 0.022396 0.068934
