0 0.592448 0.457721 0.058854 0.117647
0 0.616927 0.645221 0.063021 0.123162
1 0.840365 0.589614 0.009896 0.017463
1 0.303125 0.948529 0.0125 0.033088
1 0.253125 0.921415 0.016667 0.008272
1 0.160156 0.888327 0.020312 0.02114
1 0.054948 0.876838 0.006771 0.027574
1 0.192969 0.771599 0.008854 0.013787
1 0.211458 0.734835 0.01875 0.019301
1 0.232292 0.731158 0.0125 0.022978
1 0.367708 0.606618 0.01875 0.027574
1 0.332292 0.574908 0.021875 0.02114
1 0.271875 0.634191 0.053125 0.154412
0 0.63125 0.919118 0.071875 0.159926
0 0.261719 0.050551 0.106771 0.101103
0 0.506771 0.513787 0.128125 0.095588
0 0.371094 0.234375 0.036979 0.165441
1 0.032292 0.369945 0.019792 0.013787
1 0.057812 0.359375 0.016667 0.033088
1 0.08151 0.362592 0.007812 0.019301
1 0.072135 0.387868 0.023438 0.014706
1 0.081771 0.301011 0.0125 0.015625
1 0.057552 0.65579 0.015104 0.011949
1 0.358073 0.106618 0.022396 0.022059
1 0.392708 0.075827 0.015625 0.013787
1 0.510156 0.382812 0.005729 0.024816
1 0.976302 0.098346 0.008854 0.016544
1 0.852604 0.220588 0.009375 0.016544
1 0.896094 0.310202 0.022396 0.034007
1 0.91875 0.551471 0.013542 0.012868
1 0.995833 0.863511 0.007292 0.02114
1 0.506771 0.640625 0.016667 0.011029
