0 0.280208 0.73943 0.1 0.098346
0 0.090104 0.756893 0.069792 0.140625
0 0.991927 0.693934 0.016146 0.038603
0 0.410938 0.737592 0.091667 0.168199
0 0.803125 0.64568 0.151042 0.204963
0 0.511719 0.692555 0.133854 0.328125
0 0.917188 0.63557 0.159375 0.221507
1 0.817188 0.539522 0.020833 0.03125
0 0.689583 0.698529 0.194792 0.351103
0 0.258333 0.230239 0.141667 0.138787
0 0.432031 0.222886 0.070312 0.149816
0 0.957812 0.183364 0.084375 0.124081
0 0.180469 0.217831 0.147396 0.235294
0 0.765104 0.209559 0.104167 0.237132
0 0.516146 0.216912 0.1375 0.270221
0 0.682031 0.180607 0.121354 0.203125
