1 0.991146 0.897518 0.017708 0.039522
1 0.015104 0.85386 0.016667 0.025735
1 0.046094 0.858915 0.008854 0.035846
1 0.930208 0.801471 0.0125 0.022059
1 0.34974 0.816176 0.040104 0.056985
1 0.81276 0.770221 0.005729 0.025735
1 0.303125 0.692096 0.016667 0.027574
1 0.83151 0.715074 0.045312 0.082721
1 0.770833 0.643382 0.090625 0.178309
1 0.5625 0.506893 0.010417 0.013787
0 0.48099 0.487592 0.013021 0.022978
1 0.18125 0.452206 0.015625 0.016544
1 0.061458 0.456342 0.007292 0.026654
1 0.461458 0.425092 0.0125 0.011949
1 0.728906 0.441636 0.099479 0.212316
1 0.264062 0.31204 0.055208 0.067096
1 0.714323 0.261949 0.007812 0.025735
1 0.971354 0.328585 0.057292 0.217831
1 0.528646 0.199449 0.0125 0.016544
1 0.022135 0.132353 0.013021 0.014706
1 0.755469 0.079504 0.005729 0.026654
1 0.910156 0.078125 0.016146 0.025735
1 0.742969 0.073989 0.008854 0.02114
