1 0.346354 0.933824 0.015625 0.025735
0 0.991406 0.886029 0.017188 0.040441
0 0.017188 0.887868 0.028125 0.055147
1 0.005469 0.830423 0.010938 0.030331
1 0.877344 0.763787 0.009896 0.027574
1 0.594531 0.751838 0.010938 0.018382
0 0.81849 0.731158 0.023438 0.028493
0 0.633333 0.609375 0.03125 0.025735
0 0.458073 0.441636 0.025521 0.030331
1 0.71224 0.375919 0.010938 0.029412
0 0.27474 0.311581 0.026562 0.069853
1 0.178125 0.264246 0.013542 0.013787
1 0.121615 0.24954 0.084896 0.078125
0 0.114062 0.168658 0.019792 0.030331
1 0.872917 0.129136 0.011458 0.02114
0 0.830469 0.017004 0.028646 0.034007
