1 0.421354 0.157629 0.048958 0.11489
1 0.569792 0.442096 0.111458 0.172794
1 0.376302 0.095129 0.180729 0.190257
1 0.876823 0.152574 0.148438 0.145221
1 0.825521 0.230699 0.007292 0.056985
1 0.948177 0.214614 0.027604 0.05239
1 0.94349 0.179688 0.028646 0.057904
1 0.354167 0.537224 0.092708 0.261949
1 0.917188 0.854779 0.165625 0.060662
1 0.985938 0.691636 0.028125 0.07261
1 0.961198 0.499081 0.077604 0.139706
1 0.584635 0.551471 0.074479 0.084559
1 0.167188 0.028952 0.0125 0.057904
1 0.295833 0.147518 0.128125 0.20864
1 0.666146 0.09375 0.073958 0.115809
1 0.298438 0.433364 0.109375 0.173713
1 0.132812 0.016544 0.057292 0.033088
