1 0.748438 0.756434 0.010417 0.016544
1 0.765885 0.577665 0.011979 0.022978
1 0.722396 0.495404 0.007292 0.022059
1 0.219792 0.482996 0.011458 0.017463
1 0.216406 0.46875 0.010938 0.016544
1 0.919271 0.459099 0.009375 0.02114
1 0.467708 0.42693 0.016667 0.030331
1 0.848438 0.420037 0.0125 0.025735
1 0.459375 0.373621 0.041667 0.076287
1 0.355208 0.282629 0.008333 0.017463
1 0.632812 0.274357 0.010417 0.02114
1 0.088281 0.272059 0.009896 0.029412
1 0.597656 0.256434 0.017188 0.016544
1 0.863281 0.255515 0.009896 0.018382
1 0.594531 0.221048 0.047396 0.063419
1 0.054688 0.19807 0.013542 0.02114
1 0.707031 0.182904 0.007812 0.016544
1 0.15026 0.157629 0.009896 0.02114
1 0.02526 0.128217 0.008854 0.019301
1 0.911719 0.119026 0.007812 0.02114
1 0.423698 0.098805 0.006771 0.02114
1 0.307552 0.045496 0.009896 0.019301
1 0.776042 0.011949 0.007292 0.016544
