1 0.929167 0.984835 0.01875 0.030331
1 0.555208 0.657629 0.008333 0.026654
1 0.996354 0.504136 0.007292 0.030331
1 0.602604 0.503676 0.019792 0.045956
1 0.130469 0.518842 0.067188 0.107537
1 0.042448 0.504136 0.059896 0.081801
1 0.570312 0.497243 0.045833 0.073529
1 0.189583 0.469669 0.034375 0.064338
1 0.017708 0.497702 0.035417 0.120404
1 0.498438 0.461397 0.030208 0.053309
1 0.116146 0.463235 0.051042 0.0625
1 0.266927 0.465993 0.044271 0.068015
1 0.46849 0.474724 0.041146 0.109375
1 0.529427 0.454044 0.045312 0.071691
1 0.15625 0.464154 0.040625 0.101103
1 0.091667 0.448529 0.0375 0.071691
1 0.328646 0.455882 0.079167 0.099265
1 0.429688 0.460478 0.057292 0.112132
1 0.877865 0.422794 0.032812 0.073529
1 0.801042 0.440717 0.065625 0.109375
1 0.982292 0.424632 0.035417 0.09375
1 0.838021 0.423254 0.061458 0.111213
0 0.588021 0.410846 0.06875 0.158088
1 0.725781 0.009651 0.008854 0.019301
