0 0.276562 0.422794 0.030208 0.055147
0 0.320052 0.500919 0.024479 0.047794
0 0.319271 0.622243 0.027083 0.027574
0 0.299219 0.820772 0.013021 0.051471
0 0.494792 0.539062 0.054167 0.14614
0 0.404167 0.390165 0.065625 0.079963
0 0.291927 0.214154 0.081771 0.045956
0 0.730729 0.828585 0.070833 0.07261
0 0.136979 0.023897 0.034375 0.047794
1 0.231771 0.392463 0.01875 0.009191
1 0.806771 0.183824 0.0125 0.020221
1 0.74375 0.266085 0.005208 0.037684
1 0.728906 0.657169 0.017188 0.014706
1 0.857292 0.544118 0.00625 0.034926
1 0.909375 0.852482 0.01875 0.019301
1 0.86901 0.94807 0.016146 0.008272
