1 0.270052 0.19761 0.053646 0.042279
1 0.838021 0.068015 0.051042 0.036765
1 0.146615 0.075827 0.009896 0.059743
1 0.109375 0.823529 0.030208 0.033088
1 0.29349 0.870404 0.042188 0.178309
1 0.288542 0.696232 0.075 0.081801
1 0.371615 0.238971 0.036979 0.079044
1 0.426302 0.241728 0.075521 0.080882
1 0.583594 0.136489 0.021354 0.046875
1 0.98125 0.269301 0.0375 0.012868
1 0.984115 0.335478 0.031771 0.009191
0 0.604948 0.448529 0.017188 0.095588
0 0.884375 0.313879 0.082292 0.118566
0 0.411719 0.573989 0.030729 0.068934
