1 0.627083 0.98943 0.00625 0.02114
1 0.046875 0.96829 0.009375 0.017463
1 0.410156 0.963235 0.009896 0.022059
1 0.714583 0.940717 0.009375 0.022978
1 0.464583 0.928309 0.009375 0.018382
1 0.854688 0.882353 0.009375 0.014706
1 0.152604 0.878676 0.009375 0.016544
1 0.24349 0.674173 0.007812 0.017463
1 0.127083 0.628676 0.007292 0.018382
1 0.049219 0.601103 0.007812 0.020221
1 0.19375 0.587776 0.008333 0.017463
1 0.969271 0.53125 0.010417 0.022059
1 0.107292 0.524357 0.0125 0.028493
1 0.247396 0.516544 0.009375 0.014706
1 0.133594 0.506893 0.007812 0.015625
1 0.454948 0.477482 0.009896 0.022978
1 0.12474 0.471967 0.009896 0.022978
1 0.776302 0.432904 0.010938 0.012868
1 0.453906 0.432904 0.007812 0.018382
1 0.70599 0.411765 0.006771 0.018382
1 0.444792 0.39614 0.011458 0.020221
1 0.898958 0.378676 0.010417 0.018382
1 0.883073 0.378676 0.007812 0.020221
1 0.786719 0.350184 0.011979 0.027574
1 0.322917 0.34421 0.010417 0.02114
1 0.919531 0.31296 0.013021 0.022978
1 0.504948 0.301011 0.009896 0.015625
1 0.776302 0.28171 0.007812 0.02114
1 0.279948 0.246783 0.013021 0.019301
1 0.696875 0.235294 0.007292 0.018382
1 0.769531 0.199449 0.006771 0.018382
1 0.772656 0.181066 0.006771 0.020221
1 0.014062 0.12546 0.010417 0.02114
1 0.291927 0.091912 0.013021 0.022059
1 0.976302 0.065717 0.013021 0.022978
1 0.105729 0.054688 0.013542 0.026654
1 0.849479 0.027114 0.011458 0.015625
