1 0.088802 0.501379 0.010938 0.028493
1 0.165625 0.03125 0.009375 0.014706
1 0.26901 0.11489 0.013021 0.009191
1 0.36849 0.386029 0.008854 0.016544
1 0.642448 0.53171 0.006771 0.017463
1 0.721875 0.491728 0.014583 0.012868
1 0.653646 0.82307 0.007292 0.030331
1 0.65 0.980239 0.010417 0.017463
1 0.479167 0.753676 0.007292 0.020221
1 0.372396 0.873162 0.00625 0.025735
1 0.063542 0.872702 0.0125 0.011949
0 0.525521 0.443934 0.0375 0.090074
0 0.775 0.886489 0.04375 0.048713
1 0.025521 0.181526 0.011458 0.02114
