1 0.100781 0.955423 0.013021 0.032169
1 0.829948 0.93704 0.059896 0.063419
1 0.133073 0.904412 0.053646 0.09375
1 0.435156 0.876838 0.054688 0.053309
1 0.563802 0.851562 0.028646 0.032169
1 0.407552 0.814338 0.020312 0.044118
1 0.788281 0.826287 0.059896 0.084559
1 0.420312 0.809283 0.039583 0.067096
1 0.591927 0.784926 0.022396 0.036765
1 0.594271 0.825827 0.052083 0.120404
1 0.889844 0.820312 0.101562 0.127757
1 0.579688 0.782169 0.017708 0.055147
1 0.642188 0.778493 0.029167 0.055147
1 0.048438 0.732537 0.026042 0.047794
1 0.572396 0.716452 0.030208 0.026654
1 0.89401 0.761489 0.054688 0.120404
1 0.713542 0.679688 0.03125 0.061581
1 0.942708 0.696232 0.045833 0.100184
1 0.438281 0.668658 0.048438 0.057904
1 0.383333 0.628217 0.038542 0.054228
1 0.171354 0.621783 0.022917 0.04136
1 0.607552 0.598346 0.013021 0.018382
1 0.025781 0.596048 0.019271 0.030331
1 0.861198 0.588695 0.038021 0.07261
1 0.6125 0.569393 0.010417 0.034007
1 0.26901 0.556066 0.018229 0.036765
1 0.064062 0.563419 0.028125 0.064338
1 0.416146 0.579963 0.053125 0.119485
0 0.608594 0.532169 0.006771 0.034926
1 0.86849 0.536765 0.048438 0.09375
0 0.040885 0.564798 0.081771 0.188419
1 0.171354 0.505974 0.03125 0.079963
1 0.580208 0.472426 0.014583 0.03125
1 0.244792 0.46829 0.029167 0.045037
1 0.425781 0.470129 0.033854 0.065257
1 0.073958 0.461397 0.029167 0.056985
1 0.50625 0.461397 0.0375 0.068015
1 0.247656 0.436121 0.020312 0.019301
1 0.8 0.443934 0.047917 0.053309
1 0.65651 0.444853 0.058854 0.104779
0 0.901302 0.508732 0.157812 0.254596
1 0.98099 0.414062 0.030729 0.07261
0 0.310938 0.519761 0.069792 0.311581
1 0.310938 0.392004 0.046875 0.109375
1 0.244531 0.329504 0.017188 0.024816
1 0.914062 0.31296 0.038542 0.035846
1 0.252865 0.306066 0.020312 0.040441
1 0.095052 0.302849 0.024479 0.05239
1 0.484115 0.288143 0.041146 0.032169
1 0.03099 0.285846 0.021354 0.034926
1 0.55026 0.24954 0.016146 0.015625
1 0.934635 0.23989 0.053646 0.020221
1 0.970573 0.206342 0.007812 0.017463
1 0.4875 0.230239 0.020833 0.065257
1 0.514062 0.242647 0.022917 0.104779
1 0.033073 0.195772 0.048438 0.018382
1 0.498958 0.193474 0.015625 0.035846
1 0.960417 0.193934 0.030208 0.073529
0 0.563542 0.373162 0.103125 0.435662
1 0.441146 0.178768 0.038542 0.065257
1 0.908073 0.180147 0.084896 0.104779
1 0.189062 0.168199 0.046875 0.086397
1 0.472917 0.168199 0.048958 0.086397
1 0.423438 0.170956 0.067708 0.097426
1 0.601302 0.136029 0.016146 0.027574
1 0.743229 0.141085 0.038542 0.056066
1 0.051302 0.143842 0.069271 0.065257
1 0.079948 0.109835 0.023438 0.024816
1 0.692188 0.088235 0.034375 0.051471
1 0.032031 0.070772 0.019271 0.025735
1 0.7875 0.070772 0.022917 0.034926
1 0.070833 0.071232 0.057292 0.087316
1 0.146875 0.059283 0.015625 0.07261
1 0.042448 0.02114 0.020312 0.03125
1 0.88099 0.017004 0.022396 0.026654
1 0.978125 0.641544 0.04375 0.088235
1 0.465104 0.97932 0.059375 0.04136
0 0.926823 0.755974 0.010938 0.026654
