1 0.01901 0.952665 0.009896 0.019301
1 0.128125 0.880974 0.044792 0.079963
1 0.988021 0.767463 0.015625 0.014706
0 0.083594 0.759651 0.028646 0.07261
0 0.525781 0.742647 0.017188 0.044118
1 0.251042 0.681526 0.030208 0.045037
0 0.951302 0.618566 0.023438 0.051471
1 0.081771 0.528493 0.047917 0.086397
1 0.352083 0.471048 0.008333 0.019301
0 0.019792 0.456342 0.021875 0.050551
0 0.451562 0.435662 0.036458 0.073529
1 0.376302 0.426011 0.014062 0.089154
0 0.833333 0.304688 0.017708 0.037684
1 0.3375 0.237592 0.0125 0.024816
1 0.320312 0.206801 0.017708 0.009191
1 0.172135 0.165901 0.015104 0.011949
1 0.532552 0.15625 0.004688 0.023897
0 0.361719 0.151654 0.022396 0.040441
1 0.692188 0.122243 0.010417 0.099265
