1 0.749219 0.744026 0.053646 0.067096
1 0.296875 0.589614 0.010417 0.024816
1 0.322396 0.559743 0.025 0.038603
1 0.986198 0.518842 0.027604 0.098346
1 0.795052 0.471507 0.017188 0.018382
1 0.972917 0.409007 0.054167 0.053309
1 0.395833 0.453125 0.153125 0.306985
1 0.445312 0.309743 0.014583 0.034926
1 0.619531 0.366268 0.089062 0.17739
1 0.322656 0.282169 0.010938 0.047794
1 0.463542 0.269301 0.027083 0.038603
1 0.265625 0.14568 0.0125 0.02114
1 0.388802 0.119026 0.017188 0.028493
1 0.707292 0.034926 0.025 0.0625
1 0.352344 0.014246 0.015104 0.028493
1 0.276042 0.014246 0.03125 0.028493
1 0.095052 0.016544 0.018229 0.033088
