1 0.036719 0.119485 0.021354 0.009191
1 0.24974 0.170496 0.020312 0.015625
1 0.363021 0.334559 0.030208 0.025735
0 0.589062 0.586857 0.030208 0.022978
0 0.720573 0.474724 0.041146 0.063419
1 0.755208 0.168658 0.021875 0.019301
1 0.826302 0.310662 0.019271 0.018382
1 0.965885 0.228401 0.010938 0.015625
1 0.89349 0.665901 0.025521 0.019301
1 0.960677 0.774816 0.007812 0.027574
0 0.95026 0.747702 0.064062 0.116728
0 0.248177 0.370864 0.046354 0.11489
0 0.535938 0.522059 0.103125 0.172794
0 0.402083 0.494485 0.053125 0.152574
0 0.047396 0.255055 0.070833 0.057904
0 0.763281 0.638787 0.088021 0.113971
1 0.546094 0.03171 0.013021 0.030331
1 0.614062 0.605239 0.013542 0.017463
