1 0.648958 0.981618 0.067708 0.036765
1 0.004948 0.943934 0.009896 0.023897
1 0.9625 0.92693 0.075 0.068934
1 0.829688 0.946232 0.035417 0.107537
1 0.331771 0.913143 0.047917 0.04136
1 0.622396 0.904871 0.051042 0.094669
1 0.85625 0.871783 0.016667 0.05239
1 0.836719 0.858915 0.016146 0.079963
1 0.219792 0.790901 0.008333 0.015625
1 0.315625 0.821691 0.05 0.090074
1 0.558073 0.756893 0.020312 0.070772
1 0.659375 0.720129 0.01875 0.024816
1 0.716146 0.641085 0.027083 0.032169
1 0.184635 0.575368 0.016146 0.027574
1 0.609375 0.502757 0.016667 0.053309
1 0.291927 0.440717 0.006771 0.02114
1 0.427344 0.452665 0.025521 0.078125
1 0.724479 0.414982 0.010417 0.028493
1 0.292969 0.415901 0.021354 0.030331
1 0.484115 0.422794 0.064062 0.079044
1 0.538802 0.451287 0.088021 0.139706
1 0.372917 0.421875 0.05625 0.125
1 0.930729 0.342831 0.036458 0.033088
1 0.415625 0.310662 0.033333 0.058824
1 0.429688 0.275735 0.011458 0.022059
1 0.575521 0.276195 0.019792 0.024816
1 0.592448 0.273897 0.024479 0.047794
1 0.284375 0.214614 0.013542 0.035846
1 0.411458 0.237132 0.028125 0.09375
1 0.994271 0.17739 0.011458 0.018382
1 0.96849 0.181526 0.017188 0.026654
1 0.993229 0.159007 0.013542 0.027574
1 0.602344 0.155331 0.015104 0.055147
1 0.011458 0.123162 0.008333 0.016544
1 0.882031 0.157169 0.056771 0.09375
1 0.725 0.119026 0.01875 0.02114
1 0.9875 0.113971 0.025 0.016544
1 0.953385 0.164982 0.069271 0.179228
1 0.020052 0.10432 0.035938 0.081801
1 0.019792 0.050092 0.010417 0.024816
1 0.920833 0.048254 0.066667 0.057904
1 0.602604 0.069853 0.055208 0.106618
1 0.982552 0.037684 0.017188 0.075368
1 0.941146 0.043658 0.029167 0.087316
1 0.892708 0.026195 0.040625 0.05239
1 0.828906 0.034007 0.076562 0.068015
1 0.707552 0.011949 0.016146 0.023897
1 0.623698 0.101562 0.073438 0.203125
