1 0.533594 0.165441 0.065104 0.163603
1 0.348177 0.072151 0.031771 0.129596
1 0.067188 0.072151 0.079167 0.144301
1 0.021094 0.853401 0.042188 0.144301
1 0.859375 0.899357 0.1 0.153493
1 0.953646 0.891544 0.091667 0.215074
1 0.007552 0.29136 0.015104 0.042279
1 0.595052 0.483915 0.016146 0.022978
1 0.658333 0.462776 0.022917 0.050551
1 0.638542 0.61443 0.01875 0.048713
1 0.70026 0.870404 0.014062 0.018382
1 0.954167 0.470588 0.090625 0.132353
0 0.205469 0.965074 0.088021 0.068015
0 0.472917 0.522059 0.090625 0.073529
