1 0.232292 0.964154 0.026042 0.056985
0 0.7 0.911765 0.030208 0.058824
1 0.874479 0.879136 0.008333 0.017463
1 0.117708 0.846048 0.007292 0.017463
1 0.892448 0.727941 0.007812 0.018382
1 0.782552 0.742647 0.056771 0.104779
1 0.542448 0.695312 0.009896 0.026654
1 0.257292 0.688879 0.007292 0.019301
0 0.109635 0.707721 0.029688 0.068015
0 0.979167 0.679228 0.011458 0.022059
1 0.911979 0.65579 0.009375 0.017463
1 0.40599 0.641085 0.013021 0.013787
0 0.55625 0.612132 0.034375 0.045956
1 0.138802 0.488971 0.020312 0.023897
0 0.418229 0.34329 0.026042 0.050551
1 0.896615 0.329963 0.028646 0.042279
1 0.972396 0.308364 0.025 0.065257
0 0.406771 0.225184 0.004167 0.040441
0 0.863542 0.154412 0.027083 0.038603
1 0.213281 0.144301 0.007812 0.022059
0 0.304427 0.082721 0.033854 0.047794
0 0.629948 0.087776 0.050521 0.076287
