1 0.283073 0.897978 0.116146 0.189338
1 0.147396 0.841912 0.111458 0.134191
1 0.209635 0.265165 0.036979 0.100184
1 0.073958 0.040441 0.029167 0.080882
1 0.016927 0.604779 0.027604 0.066176
1 0.258594 0.161305 0.009896 0.024816
1 0.431771 0.170496 0.18125 0.340993
1 0.565885 0.017463 0.054688 0.034926
1 0.511198 0.380974 0.104688 0.181066
1 0.571354 0.363971 0.077083 0.272059
1 0.361979 0.526195 0.104167 0.149816
1 0.31276 0.440717 0.068229 0.188419
1 0.239062 0.965533 0.064583 0.068934
1 0.582292 0.935662 0.090625 0.128676
1 0.579688 0.721048 0.01875 0.019301
1 0.672396 0.801011 0.015625 0.04136
1 0.85026 0.709559 0.070312 0.091912
1 0.991667 0.588695 0.016667 0.054228
1 0.898698 0.275735 0.060938 0.095588
1 0.85625 0.258272 0.0125 0.03125
1 0.948438 0.079504 0.047917 0.039522
1 0.473438 0.815257 0.126042 0.25
1 0.832031 0.532169 0.158854 0.272059
