1 0.311979 0.95818 0.055208 0.08364
1 0.996615 0.764706 0.006771 0.020221
1 0.98125 0.732537 0.01875 0.038603
1 0.651302 0.684743 0.082812 0.154412
1 0.633333 0.62454 0.0375 0.063419
1 0.457292 0.567555 0.095833 0.214154
1 0.882031 0.420037 0.020312 0.044118
1 0.375781 0.397059 0.091146 0.174632
1 0.030208 0.347426 0.060417 0.123162
1 0.504687 0.340993 0.076042 0.132353
1 0.11901 0.241268 0.028646 0.032169
1 0.690625 0.216452 0.013542 0.039522
1 0.016667 0.056526 0.009375 0.026654
1 0.99349 0.032629 0.009896 0.024816
1 0.291406 0.009651 0.009896 0.019301
