1 0.360417 0.992647 0.019792 0.014706
1 0.782292 0.969669 0.034375 0.045956
1 0.052083 0.942555 0.011458 0.011949
1 0.433073 0.957721 0.088021 0.084559
1 0.138802 0.889246 0.089062 0.078125
1 0.854688 0.8125 0.015625 0.020221
1 0.896094 0.81204 0.040104 0.07261
1 0.932292 0.803309 0.033333 0.075368
1 0.724479 0.767004 0.027083 0.056066
1 0.284115 0.725184 0.050521 0.011029
1 0.470573 0.67693 0.014062 0.011949
1 0.513021 0.674173 0.014583 0.01011
1 0.057812 0.664982 0.030208 0.030331
1 0.076562 0.63557 0.015625 0.019301
1 0.934115 0.588695 0.009896 0.013787
1 0.991406 0.574449 0.013021 0.011029
1 0.801302 0.529412 0.020312 0.016544
1 0.482812 0.526654 0.029167 0.014706
0 0.8625 0.486213 0.01875 0.033088
1 0.626042 0.463235 0.026042 0.051471
0 0.702083 0.444393 0.027083 0.037684
1 0.465885 0.419118 0.038021 0.029412
1 0.820573 0.40579 0.016146 0.011949
1 0.152865 0.403493 0.020312 0.020221
1 0.371615 0.399816 0.014062 0.023897
0 0.49974 0.408088 0.025521 0.051471
1 0.877344 0.380974 0.025521 0.006434
1 0.642188 0.370404 0.010417 0.014706
0 0.29375 0.374081 0.01875 0.034926
1 0.65651 0.345129 0.008854 0.017463
0 0.310677 0.358456 0.029688 0.045956
0 0.309635 0.344669 0.020312 0.022059
1 0.163802 0.351103 0.032812 0.104779
1 0.602865 0.304228 0.004688 0.029412
1 0.944271 0.322151 0.107292 0.081801
1 0.745573 0.303309 0.028646 0.056985
1 0.767448 0.326746 0.033854 0.109375
1 0.552865 0.286305 0.066146 0.04136
0 0.03125 0.282169 0.023958 0.045956
1 0.715365 0.28171 0.059896 0.050551
1 0.281771 0.248621 0.011458 0.015625
1 0.867188 0.30239 0.076042 0.125
1 0.484375 0.243566 0.011458 0.023897
1 0.057552 0.241728 0.009896 0.033088
1 0.21276 0.21921 0.027604 0.013787
1 0.348177 0.232996 0.005729 0.063419
1 0.041927 0.227941 0.019271 0.066176
1 0.902083 0.191176 0.079167 0.036765
1 0.273958 0.174173 0.021875 0.015625
1 0.303125 0.178309 0.009375 0.051471
1 0.255469 0.151654 0.025521 0.009191
1 0.229427 0.186121 0.073438 0.08364
1 0.577865 0.198989 0.127604 0.131434
1 0.323177 0.134651 0.019271 0.01011
1 0.30599 0.129136 0.009896 0.024816
1 0.03125 0.129136 0.0625 0.050551
1 0.402604 0.176471 0.10625 0.169118
1 0.340885 0.190717 0.065104 0.212316
1 0.011198 0.084559 0.022396 0.016544
1 0.730729 0.153033 0.108333 0.153493
1 0.174219 0.143382 0.076562 0.147059
1 0.592969 0.078585 0.063021 0.057904
1 0.830208 0.073529 0.084375 0.064338
1 0.099219 0.117647 0.079688 0.154412
1 0.278906 0.055147 0.031771 0.049632
1 0.316667 0.023438 0.033333 0.030331
1 0.538542 0.048254 0.09375 0.096507
1 0.224479 0.023438 0.064583 0.046875
1 0.024219 0.01057 0.048438 0.02114
