1 0.868229 0.98943 0.013542 0.019301
1 0.458854 0.950827 0.013542 0.01011
1 0.733073 0.944393 0.007812 0.017463
1 0.439323 0.934743 0.011979 0.011029
1 0.738281 0.912224 0.009896 0.02114
1 0.563542 0.87454 0.0125 0.019301
1 0.389323 0.903493 0.023438 0.086397
0 0.00599 0.803309 0.011979 0.044118
1 0.910938 0.81204 0.038542 0.068934
1 0.898698 0.676471 0.010938 0.014706
0 0.789583 0.607077 0.028125 0.056066
0 0.318229 0.551471 0.027083 0.053309
1 0.45651 0.481618 0.020312 0.029412
1 0.811979 0.435202 0.015625 0.02114
0 0.477083 0.40625 0.044792 0.077206
0 0.613802 0.306066 0.032812 0.045956
1 0.48099 0.295956 0.007812 0.025735
1 0.840104 0.286765 0.009375 0.014706
1 0.991927 0.255974 0.016146 0.028493
0 0.759635 0.182445 0.025521 0.050551
1 0.626042 0.176011 0.021875 0.048713
1 0.313021 0.155331 0.009375 0.012868
1 0.357812 0.17739 0.047917 0.064338
1 0.721875 0.144761 0.01875 0.026654
1 0.979427 0.026195 0.011979 0.015625
1 0.726562 0.03125 0.053125 0.053309
1 0.853646 0.020221 0.067708 0.040441
1 0.355208 0.01057 0.035417 0.02114
