1 0.203906 0.832721 0.043229 0.069853
1 0.343229 0.892004 0.091667 0.204963
1 0.090885 0.091452 0.132812 0.182904
1 0.177865 0.102482 0.075521 0.116728
1 0.385156 0.124081 0.118229 0.115809
1 0.261198 0.353401 0.049479 0.068934
1 0.555469 0.411765 0.022396 0.049632
1 0.707031 0.320312 0.018229 0.024816
1 0.952604 0.035386 0.090625 0.070772
1 0.929688 0.194393 0.140625 0.113051
1 0.942188 0.255515 0.05 0.068015
1 0.055208 0.847886 0.110417 0.140625
1 0.705469 0.873621 0.059896 0.157169
1 0.918229 0.887408 0.015625 0.076287
1 0.899219 0.943934 0.128646 0.112132
0 0.444271 0.51011 0.108333 0.097426
0 0.634115 0.39568 0.063021 0.138787
0 0.790885 0.359835 0.076562 0.098346
0 0.205729 0.596507 0.111458 0.125
1 0.804427 0.952206 0.030729 0.095588
