0 0.463021 0.461857 0.059375 0.105699
1 0.076042 0.28079 0.017708 0.01011
1 0.176823 0.560202 0.027604 0.030331
1 0.352344 0.941636 0.009896 0.026654
1 0.477604 0.966452 0.020833 0.01011
1 0.483854 0.944393 0.0125 0.015625
1 0.475 0.776654 0.007292 0.042279
1 0.430208 0.735294 0.019792 0.012868
1 0.444792 0.576287 0.009375 0.022059
1 0.48724 0.700827 0.015104 0.017463
1 0.522656 0.65671 0.008854 0.017463
1 0.636719 0.616268 0.010938 0.039522
1 0.561458 0.488051 0.014583 0.023897
1 0.684635 0.508272 0.011979 0.025735
1 0.864844 0.486673 0.016146 0.008272
1 0.884115 0.553309 0.013021 0.022059
1 0.896875 0.613971 0.01875 0.022059
1 0.930208 0.573989 0.011458 0.017463
1 0.982812 0.522059 0.009375 0.038603
1 0.358594 0.19761 0.007812 0.029412
1 0.414323 0.164522 0.025521 0.034926
1 0.523438 0.017463 0.011458 0.014706
1 0.570052 0.130515 0.009896 0.033088
1 0.593229 0.199908 0.0125 0.026654
1 0.607292 0.175092 0.007292 0.026654
1 0.639323 0.027574 0.016146 0.020221
1 0.782812 0.101103 0.014583 0.014706
1 0.772917 0.214614 0.015625 0.02114
1 0.85625 0.194393 0.019792 0.01011
1 0.905729 0.009191 0.017708 0.014706
