0 0.029167 0.256893 0.058333 0.204963
0 0.485417 0.329963 0.064583 0.117647
1 0.965365 0.883272 0.067188 0.216912
1 0.516927 0.945772 0.047396 0.108456
0 0.980469 0.513787 0.035938 0.220588
1 0.010156 0.809283 0.015104 0.013787
1 0.163802 0.678309 0.026562 0.055147
1 0.158333 0.795037 0.0125 0.023897
1 0.160156 0.954504 0.015104 0.022978
1 0.17526 0.993566 0.014062 0.012868
1 0.236979 0.678768 0.008333 0.030331
1 0.753125 0.693474 0.017708 0.035846
1 0.766667 0.748162 0.005208 0.03125
1 0.858073 0.818015 0.020312 0.068015
