0 0.084896 0.653952 0.019792 0.026654
0 0.434896 0.556985 0.04375 0.091912
0 0.564062 0.599265 0.033333 0.101103
0 0.758594 0.236673 0.052604 0.078125
0 0.738021 0.445312 0.03125 0.022978
1 0.844531 0.294118 0.101562 0.229779
0 0.960938 0.433364 0.048958 0.087316
0 0.861458 0.665441 0.051042 0.136029
0 0.471615 0.477482 0.053646 0.131434
0 0.703906 0.641544 0.023438 0.0625
0 0.335417 0.413143 0.04375 0.096507
0 0.111719 0.288603 0.076562 0.066176
0 0.929948 0.753217 0.020312 0.046875
0 0.010417 0.762408 0.020833 0.035846
