0 0.89974 0.865349 0.050521 0.087316
0 0.245573 0.824908 0.052604 0.067096
0 0.783854 0.532629 0.053125 0.087316
0 0.809115 0.347886 0.090104 0.089154
0 0.982292 0.251838 0.034375 0.117647
0 0.611458 0.306526 0.2375 0.285846
0 0.690885 0.140165 0.039062 0.057904
0 0.284635 0.107537 0.086979 0.082721
0 0.647396 0.089154 0.039583 0.056985
0 0.455729 0.103401 0.061458 0.089154
0 0.749219 0.039522 0.063021 0.075368
0 0.844271 0.024357 0.038542 0.048713
0 0.08724 0.008272 0.014062 0.016544
0 0.051823 0.026654 0.030729 0.053309
0 0.128385 0.568015 0.011979 0.027574
