1 0.178125 0.17693 0.120833 0.188419
0 0.152083 0.24954 0.05 0.076287
1 0.134635 0.358915 0.174479 0.223346
1 0.195312 0.45818 0.175 0.313419
1 0.046875 0.519301 0.036458 0.040441
0 0.105729 0.636029 0.069792 0.126838
0 0.083594 0.73989 0.026562 0.068015
1 0.13125 0.825827 0.03125 0.081801
0 0.127865 0.90671 0.028646 0.068934
1 0.272917 0.971507 0.046875 0.049632
0 0.52474 0.480699 0.119271 0.172794
1 0.453385 0.161765 0.243229 0.323529
1 0.397135 0.137408 0.020312 0.043199
0 0.340104 0.064798 0.075 0.129596
0 0.586979 0.100643 0.048958 0.092831
0 0.74974 0.380515 0.109896 0.161765
0 0.786458 0.442555 0.089583 0.188419
0 0.933333 0.226562 0.1125 0.168199
1 0.89401 0.604779 0.202604 0.329044
1 0.94349 0.701746 0.029688 0.04136
1 0.720052 0.691636 0.030729 0.04136
1 0.797135 0.896599 0.026562 0.061581
1 0.026823 0.059743 0.053646 0.119485
1 0.110938 0.483915 0.010417 0.015625
1 0.108594 0.508272 0.017188 0.018382
1 0.120312 0.460938 0.053125 0.096507
1 0.557812 0.148897 0.041667 0.047794
0 0.584635 0.016544 0.091146 0.033088
1 0.676823 0.265165 0.010938 0.026654
1 0.978646 0.154412 0.042708 0.075368
1 0.996875 0.071232 0.00625 0.037684
1 0.980729 0.550551 0.038542 0.029412
1 0.995052 0.623162 0.009896 0.042279
1 0.980729 0.686581 0.01875 0.055147
0 0.074479 0.880055 0.015625 0.032169
1 0.034896 0.90625 0.059375 0.0625
1 0.10651 0.901195 0.102604 0.19761
1 0.391667 0.919577 0.215625 0.160846
0 0.940365 0.063879 0.109896 0.127757
0 0.071615 0.956801 0.053646 0.086397
1 0.920312 0.983456 0.065625 0.033088
1 0.655469 0.886029 0.133854 0.226103
1 0.618229 0.536305 0.06875 0.155331
1 0.360417 0.352482 0.048958 0.136949
