1 0.807552 0.814338 0.023438 0.064338
1 0.832812 0.704504 0.014583 0.011949
1 0.960417 0.555607 0.010417 0.015625
1 0.478125 0.522518 0.011458 0.022978
1 0.498698 0.470588 0.020312 0.029412
1 0.817969 0.39568 0.009896 0.019301
1 0.488802 0.391544 0.017188 0.053309
1 0.5 0.369485 0.01875 0.033088
1 0.33125 0.299632 0.015625 0.029412
1 0.722656 0.286305 0.031771 0.070772
1 0.931771 0.223805 0.038542 0.045037
1 0.199219 0.034926 0.031771 0.047794
1 0.335677 0.011029 0.020312 0.022059
1 0.001562 0.022059 0.003125 0.044118
