1 0.606771 0.975184 0.011458 0.049632
1 0.988542 0.777114 0.010417 0.024816
1 0.620052 0.776195 0.050521 0.05239
1 0.627083 0.742647 0.017708 0.014706
1 0.003646 0.630055 0.007292 0.019301
1 0.060938 0.574449 0.029167 0.022059
1 0.097656 0.540901 0.038021 0.037684
1 0.507292 0.485754 0.010417 0.015625
1 0.536719 0.508272 0.030729 0.123162
1 0.21276 0.464154 0.038021 0.077206
1 0.367448 0.423713 0.020312 0.049632
1 0.654948 0.338695 0.014062 0.048713
1 0.496354 0.420956 0.069792 0.226103
1 0.436719 0.257812 0.010938 0.034007
1 0.957031 0.142463 0.024479 0.038603
