0 0.069531 0.033548 0.019271 0.039522
1 0.015885 0.126379 0.011979 0.04136
1 0.063802 0.674173 0.127604 0.30239
0 0.204167 0.731618 0.013542 0.027574
1 0.351823 0.79182 0.088021 0.153493
0 0.353646 0.663603 0.010417 0.018382
0 0.403646 0.581801 0.0125 0.018382
1 0.369531 0.32261 0.007812 0.029412
1 0.727865 0.933824 0.010938 0.0625
1 0.683073 0.34375 0.026562 0.014706
1 0.756771 0.08318 0.016667 0.019301
0 0.486979 0.461857 0.104167 0.144301
0 0.834635 0.767004 0.045312 0.265625
0 0.692708 0.644761 0.160417 0.059743
