1 0.635417 0.975184 0.030208 0.018382
1 0.179948 0.924632 0.014062 0.038603
1 0.690885 0.816636 0.017188 0.01011
1 0.27526 0.803309 0.008854 0.016544
1 0.725521 0.795496 0.016667 0.01011
1 0.536458 0.764246 0.027083 0.024816
1 0.973698 0.724265 0.022396 0.040441
1 0.679427 0.711397 0.026562 0.014706
1 0.592969 0.716912 0.007812 0.045956
1 0.840625 0.710018 0.01875 0.048713
1 0.909115 0.670037 0.010938 0.016544
1 0.74974 0.670956 0.010938 0.020221
1 0.500781 0.622243 0.007812 0.022059
1 0.904948 0.590533 0.019271 0.050551
1 0.895312 0.367647 0.01875 0.027574
0 0.038281 0.411765 0.076562 0.235294
1 0.991667 0.289522 0.016667 0.011029
0 0.677344 0.474265 0.218229 0.389706
0 0.026823 0.25 0.053646 0.086397
0 0.195052 0.376838 0.225521 0.365809
0 0.394792 0.382353 0.182292 0.380515
0 0.011198 0.15625 0.022396 0.055147
1 0.288021 0.110754 0.035417 0.035846
1 0.658073 0.085478 0.007812 0.022059
1 0.63125 0.042739 0.009375 0.022978
1 0.578906 0.048254 0.006771 0.056066
