1 0.935417 0.869945 0.029167 0.07261
1 0.775781 0.855239 0.041146 0.092831
1 0.691667 0.836857 0.021875 0.059743
1 0.839583 0.839614 0.048958 0.092831
1 0.735938 0.819853 0.048958 0.058824
1 0.865365 0.817096 0.050521 0.069853
1 0.589583 0.803768 0.035417 0.054228
1 0.798698 0.802849 0.032812 0.094669
1 0.758594 0.772978 0.050521 0.056985
1 0.601302 0.755055 0.040104 0.057904
1 0.45 0.753676 0.015625 0.056985
1 0.50625 0.746324 0.032292 0.049632
1 0.676302 0.753217 0.033854 0.067096
1 0.151562 0.726103 0.013542 0.058824
1 0.31849 0.717831 0.038021 0.075368
1 0.240365 0.69807 0.045312 0.046875
1 0.19349 0.692096 0.038021 0.051471
1 0.429167 0.702206 0.021875 0.077206
1 0.139062 0.660386 0.0125 0.019301
1 0.128125 0.669577 0.009375 0.039522
1 0.274479 0.679228 0.032292 0.064338
1 0.177604 0.662224 0.026042 0.056066
1 0.041406 0.649357 0.029688 0.057904
1 0.095573 0.645221 0.046354 0.077206
1 0.021354 0.627298 0.032292 0.046875
1 0.971354 0.304688 0.020833 0.030331
1 0.990365 0.309283 0.019271 0.05239
1 0.775781 0.279412 0.031771 0.040441
1 0.93776 0.272518 0.040104 0.056066
1 0.891927 0.264246 0.043229 0.045037
1 0.83125 0.261029 0.032292 0.060662
1 0.977344 0.262408 0.030729 0.068934
1 0.710156 0.248162 0.015104 0.053309
1 0.78099 0.228401 0.022396 0.024816
1 0.726562 0.236673 0.016667 0.050551
1 0.749479 0.250919 0.038542 0.091912
1 0.633854 0.232996 0.027083 0.070772
1 0.66276 0.231158 0.019271 0.068934
1 0.450521 0.19807 0.032292 0.048713
1 0.545052 0.213235 0.030729 0.079044
1 0.503125 0.200368 0.022917 0.064338
1 0.321094 0.183364 0.043229 0.079963
1 0.275781 0.158088 0.032812 0.053309
1 0.13724 0.158548 0.030729 0.063419
1 0.200521 0.149816 0.026042 0.047794
1 0.179167 0.153952 0.021875 0.065257
1 0.352604 0.154871 0.044792 0.08364
1 0.029948 0.123162 0.029688 0.029412
1 0.232031 0.149816 0.039062 0.084559
1 0.103125 0.12546 0.026042 0.070772
1 0.127865 0.107537 0.023438 0.045956
1 0.082552 0.08318 0.021354 0.032169
1 0.064583 0.098805 0.035417 0.068934
