1 0.021615 0.994945 0.043229 0.01011
1 0.967969 0.992647 0.010938 0.014706
1 0.992708 0.991268 0.010417 0.017463
1 0.365625 0.970129 0.091667 0.059743
1 0.073958 0.96829 0.030208 0.063419
1 0.320052 0.904412 0.029688 0.053309
1 0.319531 0.872243 0.016146 0.023897
1 0.853125 0.861213 0.019792 0.066176
1 0.108333 0.839614 0.085417 0.098346
1 0.361458 0.876838 0.185417 0.246324
1 0.20651 0.758272 0.007812 0.022059
1 0.061979 0.800551 0.088542 0.15625
1 0.2375 0.857077 0.120833 0.285846
1 0.741667 0.683824 0.011458 0.011029
1 0.119271 0.667739 0.00625 0.024816
1 0.463802 0.658088 0.005729 0.027574
1 0.908854 0.647978 0.0125 0.027574
1 0.613802 0.702665 0.100521 0.155331
1 0.2625 0.63511 0.011458 0.022059
1 0.785156 0.624081 0.086979 0.198529
1 0.076042 0.513327 0.010417 0.011949
1 0.334375 0.664522 0.15 0.338235
1 0.466667 0.509191 0.021875 0.045956
1 0.01875 0.5 0.0375 0.086397
1 0.428125 0.482996 0.026042 0.054228
1 0.542969 0.519761 0.088021 0.133272
1 0.196875 0.526654 0.083333 0.167279
1 0.896875 0.454963 0.015625 0.056985
1 0.573177 0.428309 0.008854 0.018382
1 0.48724 0.467371 0.080729 0.118566
1 0.5375 0.443934 0.0375 0.099265
1 0.33151 0.414522 0.014062 0.040441
1 0.592708 0.471507 0.06875 0.169118
1 0.286719 0.414062 0.117188 0.129596
1 0.196354 0.332261 0.007292 0.017463
1 0.754688 0.423713 0.110417 0.211397
1 0.621094 0.373162 0.072396 0.148897
1 0.633333 0.300092 0.007292 0.017463
1 0.573177 0.348805 0.051562 0.136949
1 0.064844 0.29182 0.040104 0.054228
1 0.911198 0.305607 0.050521 0.085478
1 0.014062 0.296875 0.028125 0.071691
1 0.671875 0.336857 0.06875 0.153493
1 0.74375 0.23943 0.01875 0.035846
1 0.725 0.236213 0.028125 0.029412
1 0.86901 0.244485 0.035938 0.056985
1 0.908854 0.204963 0.032292 0.064338
1 0.425 0.185662 0.017708 0.036765
1 0.783594 0.222886 0.053646 0.120404
1 0.277344 0.164062 0.020312 0.011949
1 0.354948 0.275276 0.125521 0.243566
1 0.2875 0.12454 0.017708 0.039522
1 0.396354 0.116268 0.034375 0.050551
1 0.177604 0.158548 0.095833 0.144301
1 0.435677 0.078585 0.006771 0.02114
1 0.223177 0.111673 0.045312 0.122243
1 0.759375 0.129136 0.10625 0.175551
1 0.128385 0.061581 0.050521 0.079044
1 0.961458 0.023897 0.025 0.047794
1 0.871875 0.059283 0.1625 0.118566
1 0.598698 0.148897 0.172396 0.297794
1 0.583854 0.02114 0.046875 0.042279
1 0.553646 0.007353 0.009375 0.014706
1 0.49375 0.005974 0.0125 0.011949
1 0.407552 0.014246 0.010938 0.028493
1 0.403646 0.039982 0.044792 0.079963
1 0.358333 0.029871 0.026042 0.059743
1 0.096354 0.109375 0.192708 0.21875
1 0.030469 0.01011 0.013021 0.020221
