1 0.036198 0.632353 0.022396 0.009191
1 0.018229 0.763327 0.01875 0.035846
1 0.135417 0.892004 0.015625 0.034007
1 0.157292 0.92693 0.01875 0.02114
1 0.21875 0.860754 0.007292 0.046875
1 0.336979 0.978401 0.01875 0.034007
1 0.310156 0.828585 0.020312 0.028493
1 0.186198 0.772978 0.017188 0.020221
1 0.234375 0.733456 0.013542 0.012868
1 0.411198 0.678768 0.031771 0.017463
0 0.407552 0.585938 0.066146 0.144301
0 0.780729 0.650735 0.047917 0.03125
1 0.804948 0.634191 0.015104 0.03125
1 0.71875 0.278493 0.032292 0.027574
0 0.741927 0.232537 0.047396 0.090074
1 0.765365 0.193474 0.004688 0.037684
0 0.844271 0.90625 0.076042 0.185662
0 0.215625 0.160846 0.046875 0.207721
0 0.539583 0.522518 0.147917 0.057904
0 0.360417 0.301471 0.076042 0.042279
1 0.038021 0.981618 0.009375 0.020221
1 0.048958 0.987592 0.007292 0.017463
