1 0.143229 0.981158 0.014583 0.019301
1 0.89401 0.951746 0.018229 0.028493
1 0.324219 0.900276 0.014062 0.013787
1 0.236198 0.941636 0.095312 0.116728
1 0.194531 0.80239 0.016146 0.022059
1 0.378385 0.796415 0.013021 0.011949
1 0.036979 0.893842 0.073958 0.212316
1 0.990104 0.757353 0.008333 0.014706
1 0.185677 0.669118 0.018229 0.012868
1 0.983854 0.569393 0.009375 0.024816
1 0.235938 0.600643 0.078125 0.109375
1 0.191667 0.551011 0.057292 0.105699
1 0.048958 0.484375 0.010417 0.016544
1 0.508854 0.411305 0.0125 0.034007
1 0.030469 0.431526 0.051562 0.078125
1 0.175521 0.353401 0.036458 0.089154
1 0.371094 0.317096 0.006771 0.022059
1 0.085938 0.304228 0.021875 0.012868
1 0.008594 0.210018 0.017188 0.081801
1 0.90026 0.173713 0.032812 0.055147
1 0.815625 0.13557 0.013542 0.035846
1 0.797135 0.080423 0.010938 0.011949
1 0.866406 0.05239 0.009896 0.012868
1 0.154427 0.057904 0.023438 0.051471
1 0.109635 0.021599 0.018229 0.024816
