1 0.779427 0.943474 0.028646 0.057904
1 0.591667 0.444853 0.289583 0.419118
1 0.495833 0.604779 0.177083 0.259191
1 0.716927 0.903952 0.036979 0.037684
1 0.276042 0.42693 0.251042 0.368566
1 0.008854 0.007353 0.017708 0.014706
1 0.002083 0.340074 0.004167 0.040441
1 0.147396 0.012408 0.014583 0.024816
1 0.498177 0.134651 0.021354 0.037684
1 0.966146 0.949908 0.057292 0.024816
1 0.855469 0.754596 0.011979 0.038603
1 0.861719 0.680147 0.071354 0.080882
1 0.754167 0.921415 0.015625 0.011949
1 0.282552 0.749081 0.015104 0.047794
1 0.604167 0.677849 0.038542 0.057904
1 0.132031 0.481158 0.036979 0.022978
1 0.148698 0.540441 0.035938 0.112132
1 0.189583 0.482996 0.078125 0.131434
1 0.210677 0.590993 0.077604 0.112132
1 0.088021 0.511029 0.017708 0.012868
1 0.066927 0.526654 0.011979 0.011029
