1 0.042708 0.53171 0.019792 0.013787
1 0.067708 0.324908 0.016667 0.04136
1 0.14375 0.020221 0.009375 0.040441
1 0.173177 0.097886 0.013021 0.019301
1 0.179167 0.242647 0.019792 0.034926
1 0.186458 0.307904 0.016667 0.03125
1 0.197396 0.57261 0.007292 0.023897
1 0.221875 0.60432 0.011458 0.017463
1 0.2125 0.274357 0.009375 0.017463
1 0.385417 0.161305 0.014583 0.026654
1 0.401562 0.118107 0.015625 0.026654
1 0.420312 0.071691 0.019792 0.009191
1 0.383854 0.242647 0.007292 0.016544
1 0.389583 0.303768 0.011458 0.013787
1 0.4 0.319393 0.021875 0.039522
1 0.392188 0.361213 0.020833 0.012868
1 0.402344 0.390165 0.005729 0.046875
1 0.457552 0.321232 0.011979 0.022978
1 0.423958 0.311121 0.015625 0.013787
1 0.422917 0.288143 0.005208 0.026654
1 0.45 0.190717 0.011458 0.046875
1 0.477865 0.178309 0.020312 0.009191
1 0.508073 0.161765 0.008854 0.022059
1 0.564844 0.089614 0.008854 0.02114
1 0.474479 0.446232 0.014583 0.01011
1 0.464062 0.553309 0.008333 0.029412
1 0.495312 0.607537 0.010417 0.025735
1 0.578906 0.207261 0.006771 0.024816
1 0.573438 0.277574 0.0125 0.03125
1 0.552604 0.336857 0.00625 0.02114
1 0.58776 0.365809 0.011979 0.025735
1 0.691406 0.553309 0.020312 0.014706
1 0.499479 0.726562 0.014583 0.013787
1 0.325 0.953585 0.016667 0.01011
1 0.241406 0.990349 0.011979 0.01011
0 0.493229 0.353401 0.105208 0.061581
0 0.554948 0.74954 0.120312 0.120404
