1 0.208594 0.910846 0.095312 0.0625
1 0.350521 0.132353 0.067708 0.068015
1 0.426562 0.142923 0.096875 0.168199
1 0.711979 0.664982 0.086458 0.113051
1 0.849479 0.52068 0.054167 0.140625
1 0.939583 0.590993 0.082292 0.106618
1 0.841927 0.757812 0.130729 0.16636
0 0.03125 0.967371 0.0625 0.034007
1 0.078385 0.925551 0.009896 0.053309
1 0.148698 0.503676 0.007812 0.027574
1 0.247135 0.447151 0.022396 0.050551
1 0.678125 0.259191 0.008333 0.069853
1 0.736979 0.335478 0.088542 0.172794
1 0.708854 0.404412 0.017708 0.053309
1 0.78151 0.409467 0.036979 0.07261
1 0.747656 0.536765 0.063021 0.158088
1 0.709375 0.530331 0.05 0.082721
1 0.913802 0.43796 0.050521 0.124081
1 0.89974 0.226562 0.024479 0.070772
0 0.3875 0.653033 0.084375 0.227022
0 0.795052 0.298713 0.123438 0.084559
0 0.55599 0.495864 0.034896 0.204963
0 0.80026 0.880974 0.038021 0.131434
0 0.963281 0.186581 0.072396 0.049632
0 0.60599 0.440257 0.151562 0.099265
1 0.647396 0.636949 0.009375 0.025735
1 0.936979 0.486213 0.016667 0.009191
