1 0.361719 0.977022 0.018229 0.022059
1 0.319271 0.928768 0.0625 0.142463
1 0.81901 0.853401 0.011979 0.034007
1 0.58724 0.824449 0.011979 0.040441
1 0.8625 0.798254 0.051042 0.133272
1 0.579948 0.649357 0.036979 0.054228
1 0.144792 0.601562 0.0375 0.017463
1 0.111979 0.597886 0.023958 0.045037
1 0.942448 0.607996 0.035938 0.090993
1 0.390104 0.542739 0.027083 0.035846
1 0.497917 0.482996 0.101042 0.098346
1 0.176042 0.418658 0.010417 0.019301
1 0.10599 0.398897 0.027604 0.036765
1 0.489844 0.375 0.044271 0.075368
1 0.061458 0.338695 0.0125 0.043199
1 0.472917 0.284467 0.014583 0.030331
1 0.927344 0.272059 0.022396 0.025735
1 0.004167 0.077665 0.008333 0.026654
1 0.878646 0.058364 0.011458 0.026654
1 0.004688 0.043658 0.009375 0.02114
1 0.308594 0.048713 0.046354 0.073529
