1 0.810677 0.963235 0.015104 0.011029
1 0.681771 0.956801 0.019792 0.020221
1 0.674219 0.944853 0.016146 0.009191
1 0.042448 0.933824 0.020312 0.029412
1 0.632031 0.921415 0.150521 0.14614
1 0.791146 0.862132 0.130208 0.200368
0 0.945312 0.761489 0.019792 0.039522
1 0.671094 0.671875 0.009896 0.049632
0 0.808854 0.661765 0.032292 0.03125
0 0.685417 0.59421 0.029167 0.054228
0 0.886719 0.488971 0.016146 0.040441
1 0.485938 0.476103 0.047917 0.084559
1 0.564323 0.492188 0.064062 0.120404
1 0.065104 0.432904 0.032292 0.068015
1 0.915885 0.33364 0.085938 0.125
1 0.807812 0.226103 0.019792 0.029412
1 0.31875 0.113511 0.017708 0.05239
1 0.750521 0.087776 0.023958 0.028493
1 0.777865 0.080423 0.014062 0.024816
1 0.813542 0.084099 0.029167 0.034007
1 0.294792 0.102482 0.048958 0.118566
1 0.263542 0.035846 0.0375 0.066176
