0 0.803125 0.926471 0.027083 0.033088
0 0.366146 0.90579 0.007292 0.022978
0 0.626823 0.871783 0.008854 0.026654
1 0.576823 0.857996 0.011979 0.022978
0 0.314062 0.769301 0.007292 0.023897
0 0.41224 0.73943 0.009896 0.015625
0 0.322396 0.715533 0.009375 0.02114
0 0.244792 0.661765 0.005208 0.025735
0 0.022656 0.587776 0.011979 0.017463
0 0.453646 0.491268 0.030208 0.02114
0 0.191927 0.490809 0.005729 0.025735
0 0.184896 0.414982 0.010417 0.019301
0 0.196094 0.414062 0.007812 0.02114
1 0.009375 0.324449 0.0125 0.027574
0 0.488281 0.287224 0.018229 0.028493
1 0.18776 0.250919 0.015104 0.034926
1 0.341667 0.215533 0.008333 0.02114
0 0.271615 0.154871 0.008854 0.02114
0 0.407812 0.107537 0.010417 0.012868
