1 0.022917 0.137868 0.026042 0.058824
1 0.013021 0.173254 0.026042 0.046875
1 0.035938 0.186581 0.015625 0.022059
1 0.633333 0.32307 0.113542 0.232537
1 0.550781 0.334099 0.047396 0.08364
1 0.878125 0.117647 0.01875 0.014706
1 0.959635 0.201287 0.028646 0.073529
1 0.922135 0.615349 0.017188 0.026654
1 0.033854 0.800551 0.067708 0.141544
0 0.267448 0.310202 0.117188 0.14614
0 0.877604 0.71921 0.058333 0.247243
0 0.480729 0.432445 0.127083 0.063419
0 0.676302 0.539062 0.093229 0.136949
0 0.052865 0.125919 0.089062 0.189338
