1 0.892708 0.709099 0.214583 0.581801
0 0.5375 0.304228 0.060417 0.389706
0 0.635156 0.682904 0.228646 0.301471
1 0.076562 0.915441 0.014583 0.027574
1 0.135156 0.849724 0.010938 0.011949
1 0.064323 0.790901 0.014062 0.013787
1 0.10026 0.751838 0.008854 0.03125
1 0.20026 0.80239 0.017188 0.029412
1 0.120312 0.68796 0.010417 0.015625
1 0.121094 0.717831 0.005729 0.025735
1 0.166406 0.607996 0.013021 0.022978
1 0.20651 0.634651 0.010938 0.026654
1 0.411198 0.676471 0.004688 0.025735
1 0.302344 0.544577 0.011979 0.028493
1 0.26875 0.514706 0.010417 0.020221
1 0.246354 0.539522 0.014583 0.020221
1 0.23099 0.551471 0.007812 0.016544
1 0.22474 0.471048 0.014062 0.01011
1 0.172917 0.474724 0.010417 0.013787
1 0.078125 0.284467 0.016667 0.01011
1 0.029948 0.216452 0.006771 0.028493
1 0.046615 0.196232 0.011979 0.02114
1 0.073958 0.223346 0.0125 0.012868
1 0.182292 0.283548 0.00625 0.019301
1 0.261719 0.186121 0.015104 0.013787
1 0.379167 0.115809 0.007292 0.023897
1 0.335677 0.122702 0.009896 0.015625
1 0.328385 0.15579 0.006771 0.028493
1 0.370312 0.245404 0.005208 0.025735
1 0.45 0.397059 0.014583 0.009191
1 0.432031 0.357537 0.004688 0.029412
1 0.426562 0.39568 0.007292 0.019301
1 0.443229 0.183824 0.01875 0.018382
1 0.479427 0.11489 0.016146 0.009191
1 0.566146 0.431985 0.010417 0.023897
1 0.584896 0.389706 0.019792 0.023897
1 0.53099 0.688879 0.013021 0.019301
1 0.611979 0.978401 0.010417 0.013787
1 0.73125 0.745404 0.010417 0.014706
1 0.595052 0.445312 0.020312 0.015625
1 0.646094 0.442555 0.014062 0.015625
1 0.708333 0.497243 0.009375 0.016544
1 0.696354 0.466912 0.016667 0.020221
1 0.765625 0.46921 0.010417 0.013787
1 0.678385 0.400735 0.008854 0.020221
1 0.76901 0.338695 0.006771 0.022978
1 0.742188 0.075368 0.015625 0.014706
1 0.833594 0.10386 0.011979 0.011029
1 0.873177 0.10386 0.016146 0.012868
1 0.971615 0.022978 0.014062 0.023897
1 0.946615 0.186121 0.016146 0.026654
1 0.989062 0.23989 0.011458 0.014706
1 0.980469 0.311581 0.010938 0.014706
1 0.979167 0.350643 0.011458 0.019301
1 0.873438 0.394761 0.007292 0.024816
1 0.811979 0.25 0.0125 0.022059
1 0.797917 0.327665 0.014583 0.017463
1 0.789062 0.375 0.007292 0.018382
1 0.842188 0.493107 0.004167 0.043199
1 0.789062 0.574449 0.011458 0.036765
1 0.75651 0.784467 0.007812 0.030331
1 0.90651 0.509651 0.010938 0.02114
1 0.866146 0.752298 0.0125 0.011949
1 0.824219 0.705882 0.014062 0.009191
