0 0.303906 0.862132 0.082812 0.108456
0 0.103125 0.891085 0.114583 0.17739
0 0.660156 0.816636 0.083854 0.124081
0 0.823698 0.797335 0.071354 0.118566
0 0.491146 0.83318 0.096875 0.193934
0 0.966146 0.787684 0.067708 0.128676
0 0.076562 0.235754 0.011458 0.019301
0 0.397396 0.225643 0.04375 0.068934
0 0.252604 0.213235 0.044792 0.071691
0 0.982031 0.200368 0.035938 0.101103
1 0.807292 0.189338 0.063542 0.080882
0 0.558854 0.204504 0.0625 0.124081
0 0.685677 0.1875 0.058854 0.108456
1 0.246875 0.159467 0.026042 0.056066
0 0.864583 0.189338 0.065625 0.123162
1 0.861458 0.123621 0.029167 0.030331
1 0.342188 0.136489 0.035417 0.076287
