1 0.295573 0.892923 0.017188 0.022978
1 0.772656 0.886029 0.054688 0.101103
1 0.214844 0.847886 0.039062 0.068934
1 0.240625 0.828585 0.015625 0.050551
1 0.502344 0.817096 0.061979 0.038603
1 0.770052 0.811121 0.052604 0.065257
1 0.14375 0.805147 0.0375 0.115809
1 0.036458 0.748621 0.019792 0.054228
1 0.632031 0.724724 0.057812 0.140625
1 0.901823 0.681985 0.046354 0.086397
1 0.151042 0.620864 0.032292 0.046875
1 0.253906 0.563419 0.040104 0.060662
1 0.292448 0.563419 0.059896 0.128676
1 0.20026 0.506434 0.046354 0.088235
1 0.144531 0.455882 0.016146 0.025735
1 0.272396 0.428768 0.059375 0.102022
1 0.9 0.395221 0.06875 0.112132
1 0.382552 0.313879 0.084896 0.043199
1 0.578906 0.321691 0.031771 0.075368
1 0.467969 0.296415 0.045312 0.035846
1 0.09401 0.28125 0.031771 0.038603
1 0.20026 0.25046 0.022396 0.043199
1 0.157292 0.209099 0.032292 0.034007
1 0.108073 0.158088 0.054688 0.038603
0 0.5125 0.245864 0.135417 0.284007
1 0.455469 0.106618 0.040104 0.073529
1 0.586719 0.085938 0.049479 0.067096
1 0.440365 0.053309 0.049479 0.086397
1 0.036198 0.046415 0.040104 0.076287
1 0.735677 0.940257 0.060938 0.119485
1 0.652083 0.972426 0.023958 0.055147
1 0.670573 0.986673 0.019271 0.026654
