1 0.095833 0.976562 0.017708 0.024816
1 0.992188 0.539062 0.015625 0.037684
1 0.714062 0.515165 0.015625 0.015625
1 0.929427 0.532629 0.027604 0.054228
1 0.659635 0.520221 0.022396 0.038603
1 0.803646 0.513787 0.026042 0.029412
1 0.758073 0.522059 0.025521 0.047794
1 0.95651 0.517463 0.028646 0.045956
1 0.405208 0.522518 0.022917 0.056066
1 0.351302 0.513327 0.019271 0.045037
1 0.576562 0.516085 0.019792 0.056066
1 0.508594 0.519301 0.034896 0.0625
1 0.452083 0.511949 0.030208 0.051471
1 0.70026 0.51011 0.021354 0.053309
1 0.906771 0.517463 0.038542 0.071691
1 0.854167 0.505055 0.021875 0.048713
1 0.628906 0.507353 0.018229 0.053309
1 0.644271 0.495404 0.021875 0.042279
1 0.25026 0.486213 0.029688 0.025735
1 0.540104 0.506893 0.035417 0.074449
1 0.058594 0.482996 0.022396 0.04136
1 0.011458 0.46875 0.016667 0.014706
1 0.196875 0.497702 0.044792 0.07261
1 0.119792 0.495864 0.035417 0.07261
1 0.465365 0.479779 0.027604 0.068015
1 0.141667 0.465074 0.016667 0.040441
1 0.535156 0.465993 0.015104 0.044118
1 0.175 0.455423 0.0125 0.022978
1 0.183333 0.460018 0.022917 0.04136
1 0.293229 0.457261 0.036458 0.057904
1 0.082812 0.457261 0.032292 0.065257
1 0.990885 0.015165 0.018229 0.030331
1 0.933073 0.005515 0.013021 0.011029
1 0.913542 0.009651 0.011458 0.019301
1 0.901302 0.008272 0.010938 0.016544
1 0.869531 0.011029 0.021354 0.022059
1 0.733594 0.012408 0.036979 0.024816
1 0.209375 0.004596 0.015625 0.009191
