1 0.358333 0.992647 0.011458 0.014706
1 0.992448 0.982537 0.015104 0.022059
1 0.22526 0.971507 0.011979 0.027574
1 0.273177 0.963235 0.018229 0.036765
1 0.354167 0.956342 0.026042 0.065257
1 0.304167 0.961397 0.05 0.077206
1 0.654167 0.931066 0.014583 0.018382
1 0.423958 0.890625 0.013542 0.016544
1 0.729948 0.92739 0.093229 0.145221
1 0.214583 0.857996 0.014583 0.022978
1 0.705729 0.828585 0.022917 0.039522
1 0.614323 0.899816 0.142188 0.200368
1 0.840885 0.893382 0.153646 0.213235
1 0.858854 0.809743 0.057292 0.066176
1 0.182552 0.778493 0.009896 0.012868
1 0.605208 0.775276 0.007292 0.019301
1 0.659375 0.761949 0.014583 0.014706
1 0.355469 0.710478 0.011979 0.040441
1 0.032292 0.688419 0.011458 0.020221
1 0.194271 0.621324 0.014583 0.036765
1 0.823958 0.576746 0.01875 0.030331
1 0.66849 0.553309 0.010938 0.038603
1 0.540885 0.729779 0.236979 0.395221
1 0.815365 0.526195 0.009896 0.015625
0 0.086458 0.479779 0.008333 0.020221
1 0.052083 0.464614 0.040625 0.050551
1 0.892969 0.55193 0.157812 0.250919
1 0.99375 0.418658 0.0125 0.017463
1 0.931771 0.450827 0.04375 0.096507
1 0.752344 0.392004 0.008854 0.022978
1 0.977604 0.382353 0.044792 0.038603
1 0.614583 0.444853 0.078125 0.176471
1 0.431771 0.461397 0.13125 0.229779
1 0.086719 0.32307 0.011979 0.017463
1 0.511198 0.248162 0.008854 0.018382
1 0.882812 0.308824 0.070833 0.15625
1 0.076302 0.236673 0.040104 0.04136
0 0.026302 0.228401 0.005729 0.034007
1 0.471615 0.210478 0.021354 0.058824
1 0.927865 0.202665 0.034896 0.067096
1 0.16849 0.169577 0.010938 0.024816
0 0.665885 0.159007 0.008854 0.016544
1 0.438021 0.224724 0.086458 0.155331
1 0.498958 0.274357 0.1875 0.282169
1 0.176823 0.132812 0.046354 0.039522
1 0.791406 0.096048 0.024479 0.045037
1 0.110677 0.101562 0.051562 0.100184
1 0.286719 0.13557 0.146354 0.22886
1 0.615625 0.011949 0.008333 0.023897
1 0.438021 0.011949 0.03125 0.023897
1 0.377865 0.053309 0.155729 0.106618
