1 0.104948 0.856158 0.049479 0.019301
1 0.351562 0.744026 0.010417 0.026654
1 0.920573 0.686581 0.011979 0.023897
1 0.868229 0.637868 0.015625 0.016544
1 0.977604 0.63511 0.04375 0.027574
1 0.54401 0.584559 0.014062 0.036765
1 0.173177 0.54182 0.010938 0.032169
1 0.97474 0.535846 0.049479 0.040441
1 0.277865 0.505515 0.013021 0.016544
1 0.718229 0.393382 0.007292 0.022059
1 0.477083 0.341912 0.010417 0.025735
1 0.75599 0.325368 0.009896 0.016544
1 0.458333 0.32307 0.011458 0.026654
1 0.624219 0.09329 0.011979 0.013787
1 0.373958 0.10386 0.0125 0.045956
1 0.093229 0.080423 0.017708 0.02114
1 0.963542 0.046415 0.009375 0.017463
