0 0.726562 0.994485 0.0375 0.011029
0 0.391146 0.991268 0.032292 0.017463
0 0.265104 0.969669 0.039583 0.060662
0 0.479948 0.966912 0.063021 0.066176
0 0.982031 0.962316 0.035938 0.075368
0 0.632552 0.957721 0.057812 0.084559
0 0.932812 0.953585 0.059375 0.092831
0 0.683333 0.773897 0.076042 0.141544
0 0.008854 0.569853 0.017708 0.091912
0 0.534375 0.411765 0.079167 0.1875
0 0.695833 0.399816 0.119792 0.183824
0 0.170833 0.42739 0.153125 0.259191
0 0.345573 0.411765 0.152604 0.251838
0 0.959115 0.409007 0.081771 0.25
0 0.83125 0.40671 0.186458 0.287684
1 0.9125 0.246324 0.030208 0.049632
0 0.930469 0.022059 0.025521 0.044118
0 0.781771 0.005515 0.014583 0.011029
0 0.482292 0.023438 0.025 0.046875
