1 0.071615 0.077206 0.057812 0.154412
1 0.088281 0.206342 0.014062 0.032169
1 0.063802 0.183364 0.017188 0.01011
1 0.039062 0.877298 0.00625 0.032169
1 0.064323 0.96921 0.009896 0.02114
1 0.064583 0.949908 0.019792 0.006434
1 0.129167 0.794118 0.016667 0.014706
1 0.267448 0.731158 0.011979 0.032169
0 0.15599 0.517923 0.043229 0.074449
1 0.110938 0.486213 0.016667 0.011029
1 0.194792 0.367647 0.021875 0.023897
1 0.279167 0.134651 0.013542 0.032169
1 0.348958 0.499081 0.027083 0.011029
1 0.429948 0.660846 0.015104 0.020221
1 0.53776 0.710018 0.006771 0.02114
1 0.623698 0.90579 0.020312 0.034007
1 0.655208 0.857537 0.017708 0.007353
1 0.802083 0.564338 0.015625 0.034926
1 0.728385 0.259191 0.019271 0.029412
1 0.625 0.160386 0.019792 0.032169
1 0.46875 0.215074 0.008333 0.044118
1 0.413802 0.022978 0.004688 0.038603
1 0.697135 0.246783 0.008854 0.015625
0 0.842969 0.936581 0.045312 0.126838
1 0.136979 0.826746 0.014583 0.024816
0 0.97526 0.592831 0.049479 0.108456
0 0.717708 0.836397 0.045833 0.226103
0 0.438021 0.44807 0.045833 0.210478
0 0.891146 0.948989 0.065625 0.102022
0 0.548958 0.590533 0.132292 0.136949
1 0.622656 0.946691 0.007812 0.027574
1 0.391406 0.371783 0.008854 0.024816
