1 0.248698 0.992647 0.035938 0.014706
1 0.094792 0.973346 0.025 0.005515
1 0.727604 0.961397 0.019792 0.020221
1 0.095312 0.953585 0.014583 0.019301
1 0.502865 0.953125 0.015104 0.034926
1 0.946875 0.961857 0.038542 0.076287
1 0.448958 0.931066 0.01875 0.03125
1 0.859635 0.927849 0.013021 0.037684
1 0.70599 0.925092 0.042188 0.057904
1 0.122917 0.894761 0.009375 0.022978
1 0.745312 0.90579 0.048958 0.057904
1 0.20599 0.875919 0.007812 0.016544
1 0.06901 0.882353 0.014062 0.03125
1 0.02474 0.893382 0.049479 0.099265
1 0.260417 0.85432 0.015625 0.035846
1 0.878125 0.863971 0.03125 0.068015
1 0.585677 0.846507 0.018229 0.049632
1 0.721615 0.829504 0.019271 0.022978
1 0.710417 0.825368 0.023958 0.045956
1 0.785938 0.8125 0.0125 0.022059
1 0.027344 0.790441 0.023438 0.012868
1 0.102083 0.796875 0.026042 0.036765
1 0.819792 0.783548 0.011458 0.02114
1 0.186198 0.784467 0.013021 0.024816
1 0.794531 0.733456 0.024479 0.033088
1 0.270312 0.724265 0.021875 0.034926
1 0.957552 0.727482 0.035938 0.070772
1 0.086979 0.704504 0.013542 0.034007
1 0.008333 0.69807 0.016667 0.037684
1 0.856771 0.692096 0.011458 0.034926
1 0.782812 0.688419 0.019792 0.034926
1 0.425781 0.669118 0.013021 0.023897
1 0.761979 0.65579 0.019792 0.037684
1 0.504427 0.644301 0.025521 0.029412
1 0.770312 0.700827 0.036458 0.14614
1 0.257552 0.638787 0.024479 0.023897
1 0.0625 0.630055 0.014583 0.008272
1 0.617188 0.621324 0.025 0.038603
1 0.11901 0.603401 0.016146 0.013787
1 0.053906 0.615809 0.032812 0.044118
1 0.970052 0.588235 0.016146 0.014706
1 0.394531 0.576746 0.014062 0.013787
1 0.148958 0.584099 0.040625 0.059743
1 0.46276 0.571691 0.029688 0.042279
1 0.25625 0.551011 0.015625 0.026654
1 0.522656 0.556526 0.020312 0.046875
1 0.271875 0.547794 0.015625 0.03125
1 0.609375 0.550551 0.01875 0.040441
1 0.083333 0.554688 0.032292 0.050551
1 0.428385 0.542279 0.025521 0.029412
1 0.585938 0.536765 0.021875 0.022059
1 0.497396 0.520221 0.020833 0.038603
1 0.453385 0.50046 0.027604 0.034007
1 0.626823 0.502757 0.016146 0.047794
1 0.389062 0.491268 0.016667 0.037684
1 0.367188 0.486213 0.026042 0.027574
1 0.826823 0.497702 0.023438 0.065257
1 0.408594 0.476103 0.020312 0.045956
1 0.546875 0.460938 0.011458 0.037684
1 0.858854 0.469669 0.020833 0.071691
1 0.901302 0.438419 0.017188 0.022059
1 0.114323 0.434283 0.018229 0.024816
1 0.658073 0.432445 0.019271 0.026654
1 0.36849 0.446232 0.027604 0.057904
1 0.31901 0.419577 0.022396 0.034007
1 0.578906 0.399357 0.018229 0.030331
1 0.721615 0.36489 0.024479 0.029412
1 0.016406 0.35386 0.032812 0.016544
1 0.797656 0.356158 0.011979 0.028493
1 0.64349 0.371324 0.006771 0.058824
1 0.490365 0.362132 0.026562 0.045956
1 0.397656 0.33318 0.014062 0.019301
1 0.342969 0.329504 0.016146 0.032169
1 0.483333 0.325827 0.022917 0.028493
1 0.751302 0.310662 0.003646 0.040441
1 0.126042 0.290441 0.029167 0.027574
1 0.111979 0.328585 0.023958 0.10386
1 0.785156 0.289982 0.016146 0.034007
1 0.258333 0.287224 0.01875 0.032169
1 0.359635 0.29182 0.033854 0.046875
1 0.013281 0.268842 0.015104 0.028493
1 0.805729 0.265625 0.011458 0.03125
1 0.003385 0.270221 0.006771 0.042279
1 0.982812 0.255055 0.023958 0.030331
1 0.734375 0.266085 0.026042 0.07261
1 0.74401 0.220588 0.013021 0.020221
1 0.454688 0.216452 0.028125 0.034007
1 0.49349 0.202665 0.028646 0.026654
1 0.045312 0.19761 0.013542 0.023897
1 0.56901 0.201287 0.022396 0.049632
1 0.247396 0.189798 0.017708 0.030331
1 0.790365 0.214154 0.016146 0.084559
1 0.40651 0.180607 0.011979 0.034007
1 0.513542 0.181985 0.020833 0.038603
1 0.622656 0.161305 0.020312 0.024816
1 0.697396 0.151654 0.019792 0.033088
1 0.90599 0.13557 0.031771 0.026654
1 0.711458 0.132812 0.014583 0.024816
1 0.400521 0.120864 0.008333 0.022978
1 0.472917 0.119945 0.007292 0.02114
1 0.926562 0.113051 0.009375 0.014706
1 0.148177 0.120404 0.018229 0.040441
1 0.005469 0.113971 0.010938 0.027574
1 0.386198 0.120864 0.020312 0.048713
1 0.917708 0.102941 0.009375 0.023897
1 0.201042 0.102941 0.017708 0.034926
1 0.020573 0.096048 0.011979 0.026654
1 0.222396 0.092371 0.010417 0.030331
1 0.378385 0.088695 0.024479 0.028493
1 0.809375 0.076287 0.011458 0.012868
1 0.989323 0.08318 0.021354 0.039522
1 0.786458 0.12454 0.115625 0.125919
1 0.354688 0.081801 0.026042 0.044118
1 0.805208 0.061581 0.0125 0.020221
1 0.183333 0.059743 0.042708 0.03125
1 0.108333 0.056066 0.026042 0.033088
1 0.145312 0.055607 0.014583 0.059743
1 0.032552 0.027114 0.019271 0.032169
1 0.321094 0.019761 0.017188 0.039522
1 0.164323 0.005974 0.015104 0.011949
1 0.153385 0.009651 0.014062 0.019301
