1 0.167188 0.992188 0.015625 0.015625
1 0.402865 0.990809 0.019271 0.018382
1 0.008594 0.981618 0.017188 0.036765
1 0.547656 0.433824 0.041146 0.044118
1 0.7 0.43796 0.026042 0.057904
1 0.439844 0.427849 0.027604 0.048713
1 0.80026 0.431066 0.029688 0.056985
1 0.366667 0.414522 0.023958 0.036765
1 0.494792 0.424632 0.041667 0.058824
1 0.964062 0.424173 0.042708 0.059743
1 0.646354 0.427849 0.030208 0.067096
1 0.402865 0.421415 0.026562 0.057904
1 0.107552 0.410846 0.028646 0.044118
1 0.616667 0.413143 0.016667 0.05239
1 0.005469 0.402574 0.010938 0.03125
1 0.992448 0.408548 0.015104 0.045037
1 0.466406 0.404412 0.019271 0.040441
1 0.864062 0.411305 0.035417 0.054228
1 0.914062 0.407629 0.022917 0.048713
1 0.667708 0.418658 0.03125 0.07261
1 0.03724 0.39568 0.024479 0.026654
1 0.840625 0.422794 0.029167 0.084559
1 0.170312 0.409467 0.030208 0.057904
1 0.775521 0.410846 0.030208 0.0625
1 0.196875 0.399816 0.029167 0.044118
1 0.076823 0.397518 0.033854 0.050551
1 0.720312 0.413603 0.035417 0.086397
1 0.275781 0.411765 0.054688 0.082721
1 0.014844 0.380515 0.015104 0.022059
1 0.558854 0.399816 0.044792 0.0625
1 0.32474 0.38511 0.023438 0.036765
1 0.301823 0.388787 0.019271 0.044118
1 0.946354 0.408548 0.05 0.085478
1 0.442188 0.378676 0.039583 0.045956
1 0.75026 0.39568 0.028646 0.08364
1 0.233594 0.383732 0.027604 0.079963
