1 0.06849 0.622243 0.125521 0.038603
1 0.246094 0.501838 0.043229 0.167279
1 0.279167 0.522059 0.022917 0.132353
1 0.576042 0.491728 0.013542 0.029412
1 0.624219 0.407629 0.111979 0.192096
1 0.659635 0.305147 0.029688 0.152574
1 0.975 0.527114 0.05 0.070772
0 0.8 0.529412 0.105208 0.045956
0 0.109896 0.318934 0.088542 0.178309
0 0.96224 0.601103 0.058854 0.193015
0 0.526042 0.492188 0.045833 0.230699
0 0.390885 0.443015 0.024479 0.150735
1 0.969792 0.44761 0.05625 0.044118
1 0.97474 0.484375 0.045312 0.022059
