1 0.030469 0.986213 0.015104 0.027574
1 0.953906 0.505055 0.007812 0.019301
1 0.977344 0.491728 0.013021 0.055147
1 0.794271 0.477022 0.015625 0.025735
1 0.767708 0.471048 0.016667 0.015625
1 0.93724 0.482077 0.027604 0.045037
1 0.859896 0.482996 0.022917 0.07261
1 0.88776 0.46875 0.024479 0.056985
1 0.905469 0.454963 0.023438 0.047794
1 0.777083 0.433364 0.022917 0.024816
1 0.551042 0.440717 0.01875 0.04136
1 0.621094 0.446232 0.031771 0.057904
1 0.440104 0.427849 0.014583 0.030331
1 0.400521 0.424632 0.011458 0.025735
1 0.991146 0.441176 0.017708 0.068015
1 0.600781 0.423254 0.041146 0.046875
1 0.559115 0.40579 0.029688 0.026654
1 0.516667 0.422335 0.041667 0.076287
1 0.458594 0.407169 0.034896 0.049632
1 0.234115 0.398438 0.017188 0.039522
1 0.271354 0.401654 0.03125 0.051471
1 0.338281 0.398438 0.040104 0.046875
1 0.303906 0.38511 0.006771 0.022059
1 0.061979 0.369945 0.010417 0.017463
1 0.182292 0.36443 0.048958 0.048713
1 0.152604 0.358456 0.035417 0.040441
1 0.10026 0.34421 0.021354 0.057904
1 0.127344 0.337776 0.022396 0.046875
1 0.01875 0.325368 0.035417 0.038603
1 0.013021 0.347886 0.026042 0.08364
