1 0.01849 0.485294 0.036979 0.045956
1 0.098177 0.464154 0.026562 0.034926
1 0.280208 0.460938 0.0375 0.078125
1 0.500781 0.435662 0.057812 0.058824
1 0.047917 0.442555 0.057292 0.079963
1 0.459896 0.428309 0.033333 0.084559
1 0.846354 0.409007 0.047917 0.066176
1 0.590104 0.413143 0.030208 0.079963
1 0.330729 0.432445 0.082292 0.127757
1 0.669531 0.402574 0.023438 0.069853
1 0.516927 0.408548 0.089062 0.090993
1 0.561458 0.401654 0.053125 0.080882
1 0.878125 0.389246 0.04375 0.061581
1 0.959375 0.360754 0.029167 0.039522
1 0.809375 0.350643 0.021875 0.02114
1 0.765885 0.387868 0.051562 0.099265
1 0.895573 0.355699 0.039062 0.056985
1 0.847917 0.360294 0.0625 0.095588
1 0.984115 0.332721 0.031771 0.049632
