1 0.907292 0.4375 0.030208 0.029412
1 0.794271 0.412224 0.008333 0.02114
1 0.83151 0.418658 0.033854 0.048713
1 0.808854 0.413143 0.0125 0.045037
1 0.948958 0.430147 0.054167 0.088235
1 0.726823 0.403033 0.022396 0.034007
1 0.192969 0.398438 0.017188 0.024816
1 0.920312 0.410386 0.045833 0.050551
1 0.842448 0.402114 0.045312 0.054228
1 0.579688 0.403952 0.034375 0.057904
1 0.39974 0.397059 0.049479 0.045956
1 0.371354 0.393842 0.022917 0.045037
1 0.545833 0.400276 0.034375 0.059743
1 0.69974 0.403493 0.038021 0.068015
1 0.251302 0.367188 0.022396 0.017463
1 0.008073 0.366728 0.016146 0.025735
1 0.3625 0.362592 0.016667 0.037684
1 0.043229 0.36443 0.046875 0.043199
1 0.167448 0.365809 0.036979 0.047794
1 0.44349 0.37546 0.043229 0.067096
1 0.08724 0.365349 0.030729 0.065257
1 0.326302 0.35432 0.031771 0.070772
1 0.295573 0.352941 0.035938 0.075368
1 0.120833 0.342831 0.047917 0.064338
1 0.045833 0.325827 0.03125 0.043199
1 0.014583 0.325827 0.029167 0.059743
