0 0.626302 0.825368 0.088021 0.161765
0 0.674219 0.33318 0.029688 0.094669
1 0.079688 0.482537 0.00625 0.025735
1 0.548958 0.763787 0.0125 0.020221
1 0.973177 0.840074 0.006771 0.022059
1 0.77474 0.755055 0.015104 0.01011
1 0.842708 0.653493 0.010417 0.016544
1 0.795833 0.575827 0.003125 0.04136
1 0.800521 0.470588 0.0125 0.027574
1 0.658333 0.127757 0.011458 0.011029
1 0.730729 0.137408 0.013542 0.008272
1 0.845573 0.170037 0.014062 0.009191
1 0.85599 0.204044 0.010938 0.012868
1 0.977604 0.174173 0.0125 0.015625
1 0.942969 0.096967 0.007812 0.019301
