1 0.01875 0.534926 0.0375 0.082721
1 0.071615 0.509651 0.057812 0.070772
1 0.359375 0.486213 0.038542 0.033088
1 0.158854 0.495864 0.05 0.070772
1 0.254427 0.486673 0.052604 0.057904
1 0.322917 0.494485 0.054167 0.075368
1 0.288021 0.453585 0.022917 0.030331
1 0.495052 0.464154 0.045312 0.060662
1 0.015104 0.466912 0.030208 0.082721
1 0.447396 0.439338 0.019792 0.045956
1 0.35625 0.431985 0.040625 0.071691
1 0.386719 0.439338 0.039062 0.090074
1 0.954688 0.409467 0.065625 0.050551
1 0.436198 0.405331 0.042188 0.047794
1 0.559115 0.434283 0.065104 0.111213
1 0.717448 0.421415 0.033854 0.10386
1 0.470833 0.423713 0.035417 0.108456
1 0.742448 0.417279 0.035938 0.099265
1 0.801823 0.387408 0.051562 0.048713
1 0.547135 0.382353 0.013021 0.045956
1 0.527083 0.409007 0.03125 0.106618
1 0.861198 0.394761 0.069271 0.087316
1 0.638542 0.393382 0.036458 0.097426
1 0.826302 0.359835 0.035938 0.056066
1 0.896094 0.366728 0.026562 0.075368
1 0.961458 0.345129 0.041667 0.094669
1 0.921875 0.357996 0.05625 0.125919
