1 0.422135 0.936581 0.014062 0.020221
1 0.870833 0.909007 0.00625 0.020221
1 0.740625 0.886489 0.009375 0.013787
1 0.604688 0.882812 0.0125 0.013787
1 0.391667 0.827665 0.010417 0.017463
1 0.536719 0.810662 0.015104 0.022059
1 0.894531 0.678768 0.010938 0.011949
1 0.76276 0.653952 0.008854 0.019301
1 0.141146 0.633732 0.023958 0.026654
1 0.340104 0.55239 0.010417 0.018382
1 0.144271 0.573989 0.046875 0.096507
1 0.654167 0.526654 0.010417 0.016544
1 0.299219 0.52068 0.021354 0.026654
1 0.513021 0.509191 0.011458 0.022059
1 0.296875 0.502298 0.048958 0.022978
1 0.432292 0.494945 0.011458 0.017463
1 0.317969 0.475643 0.045312 0.034007
1 0.058073 0.42739 0.007812 0.018382
1 0.866146 0.372702 0.007292 0.017463
1 0.157292 0.267463 0.008333 0.016544
1 0.911458 0.213235 0.009375 0.016544
1 0.921094 0.196232 0.009896 0.022978
1 0.76849 0.188419 0.009896 0.016544
1 0.779167 0.176011 0.008333 0.015625
1 0.048177 0.153952 0.009896 0.013787
1 0.830208 0.14614 0.008333 0.016544
1 0.829167 0.092831 0.013542 0.020221
1 0.636979 0.0625 0.010417 0.023897
1 0.054948 0.046875 0.007812 0.018382
