0 0.85026 0.967831 0.019271 0.03125
0 0.490365 0.46921 0.039062 0.057904
1 0.240365 0.034007 0.075521 0.068015
1 0.342448 0.139246 0.040104 0.046875
1 0.060677 0.691176 0.053646 0.064338
0 0.328906 0.852022 0.020312 0.027574
1 0.420833 0.865349 0.05625 0.111213
1 0.901823 0.024816 0.019271 0.018382
0 0.526823 0.221048 0.029688 0.056066
1 0.551823 0.216452 0.029688 0.076287
1 0.76901 0.412684 0.034896 0.055147
1 0.559635 0.506434 0.050521 0.090074
1 0.571875 0.585018 0.021875 0.015625
1 0.386719 0.63511 0.019271 0.038603
1 0.403385 0.721967 0.028646 0.056066
1 0.342448 0.686121 0.009896 0.017463
1 0.204427 0.784007 0.019271 0.040441
1 0.095573 0.735294 0.014062 0.018382
1 0.067448 0.601103 0.059896 0.077206
1 0.045312 0.636949 0.057292 0.03125
1 0.448177 0.955882 0.048438 0.079044
1 0.638802 0.844669 0.026562 0.029412
1 0.880729 0.736213 0.042708 0.0625
1 0.918229 0.783088 0.03125 0.023897
1 0.888021 0.905331 0.015625 0.029412
1 0.989583 0.832721 0.016667 0.022059
1 0.952604 0.981158 0.019792 0.035846
1 0.299219 0.846507 0.051562 0.106618
1 0.403385 0.412224 0.055729 0.105699
1 0.910938 0.95864 0.042708 0.080882
1 0.971615 0.329963 0.050521 0.073529
1 0.513802 0.16682 0.054688 0.08364
1 0.6 0.743107 0.057292 0.105699
1 0.763281 0.606618 0.068229 0.088235
1 0.694792 0.879596 0.045833 0.069853
1 0.051042 0.127298 0.047917 0.098346
1 0.335156 0.336857 0.044271 0.063419
1 0.61224 0.921875 0.054688 0.119485
1 0.339844 0.588235 0.055729 0.101103
1 0.48776 0.08318 0.030729 0.04136
1 0.210156 0.496324 0.044271 0.084559
1 0.472656 0.131434 0.020312 0.044118
1 0.683333 0.592371 0.041667 0.074449
1 0.382031 0.69761 0.030729 0.053309
1 0.430729 0.367188 0.013542 0.045037
