1 0.323698 0.990349 0.020312 0.019301
0 0.008854 0.951746 0.017708 0.037684
0 0.805729 0.909926 0.023958 0.034926
0 0.366406 0.871324 0.038021 0.060662
0 0.484635 0.765625 0.034896 0.0625
0 0.071615 0.620404 0.023438 0.034926
0 0.854167 0.577665 0.023958 0.063419
0 0.423958 0.545037 0.022917 0.033088
1 0.86875 0.535386 0.010417 0.015625
0 0.538802 0.431526 0.047396 0.043199
1 0.788021 0.230239 0.016667 0.01011
0 0.899219 0.199449 0.028646 0.053309
0 0.4875 0.194393 0.03125 0.056066
0 0.586719 0.12454 0.073438 0.098346
1 0.314323 0.029871 0.014062 0.024816
