1 0.93151 0.473346 0.018229 0.042279
1 0.875521 0.456342 0.029167 0.043199
1 0.842448 0.456342 0.019271 0.046875
1 0.821875 0.445312 0.026042 0.04136
1 0.795573 0.444393 0.041146 0.05239
1 0.725781 0.426471 0.029688 0.025735
1 0.489062 0.432904 0.027083 0.040441
1 0.342188 0.432445 0.021875 0.039522
1 0.596875 0.431526 0.030208 0.045037
1 0.283594 0.421415 0.020312 0.032169
1 0.426302 0.427849 0.042188 0.067096
1 0.072135 0.407169 0.027604 0.040441
1 0.026823 0.403033 0.024479 0.04136
1 0.184115 0.409926 0.028646 0.0625
1 0.301562 0.395221 0.023958 0.045956
1 0.110677 0.397059 0.035938 0.060662
