1 0.033333 0.501379 0.066667 0.05239
1 0.464844 0.449908 0.034896 0.034007
1 0.664062 0.456801 0.036458 0.047794
1 0.701302 0.443934 0.018229 0.027574
1 0.440885 0.455882 0.034896 0.056985
1 0.15599 0.461857 0.045312 0.079963
1 0.636979 0.43796 0.03125 0.056066
1 0.509896 0.446232 0.040625 0.074449
1 0.41224 0.446691 0.031771 0.086397
1 0.24974 0.441176 0.033854 0.075368
1 0.367188 0.440717 0.061458 0.079963
1 0.742969 0.410846 0.039062 0.044118
1 0.298438 0.433824 0.05625 0.099265
1 0.766146 0.405331 0.011458 0.049632
1 0.813021 0.409926 0.04375 0.069853
1 0.557292 0.415441 0.036458 0.086397
1 0.882031 0.404871 0.044271 0.076287
1 0.519531 0.40671 0.044271 0.092831
1 0.690625 0.392463 0.032292 0.064338
1 0.938542 0.38557 0.021875 0.057904
1 0.623438 0.401195 0.036458 0.090993
1 0.917188 0.387868 0.033333 0.066176
1 0.846615 0.384191 0.050521 0.115809
1 0.892448 0.340074 0.020312 0.060662
1 0.811458 0.342831 0.033333 0.066176
1 0.964583 0.349265 0.034375 0.091912
1 0.9875 0.35386 0.023958 0.106618
