1 0.94401 0.527114 0.073438 0.14614
1 0.821094 0.295496 0.086979 0.157169
1 0.777344 0.265165 0.033854 0.056066
1 0.461458 0.295496 0.091667 0.067096
1 0.241146 0.050551 0.067708 0.101103
1 0.458333 0.503676 0.085417 0.148897
1 0.532812 0.445312 0.029167 0.092831
1 0.477083 0.726103 0.085417 0.088235
1 0.408594 0.814798 0.082812 0.096507
1 0.204948 0.721967 0.044271 0.131434
1 0.31849 0.535846 0.042188 0.088235
1 0.695052 0.767004 0.056771 0.147978
1 0.901042 0.953585 0.067708 0.07261
1 0.033854 0.018382 0.017708 0.025735
1 0.13099 0.15579 0.042188 0.046875
1 0.30651 0.052849 0.052604 0.032169
1 0.438021 0.051471 0.059375 0.102941
1 0.179948 0.222886 0.029688 0.085478
1 0.097396 0.251838 0.042708 0.038603
1 0.140885 0.295956 0.013021 0.038603
1 0.085677 0.394761 0.035938 0.065257
1 0.06901 0.508272 0.061979 0.104779
1 0.004688 0.732996 0.009375 0.022978
1 0.020312 0.880974 0.040625 0.056066
1 0.070312 0.943474 0.016667 0.019301
1 0.076302 0.922794 0.008854 0.014706
1 0.122917 0.988051 0.051042 0.023897
1 0.241667 0.93704 0.130208 0.125919
1 0.064844 0.748162 0.041146 0.053309
1 0.158594 0.670956 0.039062 0.036765
1 0.20026 0.420037 0.030729 0.071691
1 0.146615 0.574908 0.061979 0.081801
1 0.263021 0.456801 0.017708 0.027574
1 0.308854 0.356618 0.091667 0.170956
1 0.397656 0.433364 0.113021 0.127757
1 0.361198 0.465533 0.011979 0.034007
1 0.50026 0.818934 0.016146 0.034926
1 0.585417 0.689798 0.042708 0.035846
1 0.614323 0.803768 0.018229 0.028493
1 0.728906 0.862592 0.024479 0.063419
1 0.942708 0.891544 0.066667 0.174632
1 0.796354 0.672794 0.077083 0.073529
1 0.899219 0.595588 0.028646 0.064338
1 0.821354 0.508272 0.044792 0.09375
1 0.643229 0.41682 0.098958 0.118566
1 0.573698 0.326746 0.021354 0.08364
1 0.521615 0.212316 0.033854 0.029412
1 0.575781 0.234375 0.009896 0.023897
1 0.539323 0.237132 0.029688 0.073529
1 0.510938 0.067555 0.035417 0.039522
1 0.560417 0.018382 0.034375 0.036765
1 0.689323 0.241728 0.074479 0.176471
1 0.705208 0.158548 0.026042 0.054228
1 0.808073 0.045956 0.094271 0.088235
1 0.973698 0.025735 0.049479 0.051471
1 0.951562 0.08318 0.025 0.046875
1 0.698698 0.9375 0.043229 0.125
1 0.040365 0.058364 0.033854 0.030331
1 0.670833 0.057904 0.0625 0.115809
0 0.699479 0.600184 0.217708 0.251838
0 0.585938 0.181526 0.092708 0.363051
1 0.635156 0.300092 0.034896 0.100184
1 0.788542 0.964154 0.041667 0.053309
1 0.079948 0.134191 0.034896 0.060662
1 0.820312 0.756893 0.01875 0.050551
