1 0.23151 0.338235 0.045312 0.255515
1 0.25026 0.508732 0.061979 0.048713
1 0.711719 0.840533 0.060938 0.10386
1 0.016146 0.05239 0.032292 0.068015
1 0.008333 0.676011 0.016667 0.046875
1 0.013802 0.810202 0.027604 0.063419
1 0.320312 0.869026 0.021875 0.02114
1 0.486458 0.748621 0.027083 0.034007
1 0.58776 0.955882 0.007812 0.045956
1 0.577604 0.929228 0.019792 0.016544
1 0.647917 0.818934 0.023958 0.034926
1 0.817188 0.517923 0.0375 0.067096
1 0.588021 0.15625 0.015625 0.023897
1 0.480729 0.459559 0.182292 0.305147
