1 0.060677 0.137408 0.103646 0.175551
1 0.128906 0.112592 0.153646 0.225184
1 0.488281 0.061121 0.104688 0.096507
1 0.53099 0.160386 0.013021 0.022978
1 0.361719 0.337316 0.023438 0.101103
1 0.621615 0.184743 0.047396 0.082721
1 0.62474 0.26057 0.049479 0.065257
1 0.960677 0.151195 0.020312 0.030331
1 0.96849 0.095588 0.018229 0.071691
1 0.527865 0.472426 0.119271 0.275735
1 0.472656 0.652114 0.140104 0.287684
1 0.601042 0.513787 0.05 0.167279
1 0.852604 0.67739 0.102083 0.115809
1 0.096354 0.870864 0.192708 0.258272
1 0.213802 0.947151 0.138021 0.105699
1 0.289583 0.933364 0.072917 0.133272
1 0.222135 0.153033 0.060938 0.160846
1 0.803906 0.313879 0.075521 0.170037
1 0.896615 0.650735 0.101562 0.112132
1 0.296615 0.186581 0.074479 0.125
