1 0.014583 0.013787 0.029167 0.025735
1 0.148958 0.094669 0.0125 0.047794
1 0.14974 0.397518 0.009896 0.059743
1 0.245052 0.129136 0.029688 0.061581
1 0.320052 0.023897 0.029688 0.047794
1 0.294531 0.535846 0.023438 0.045956
1 0.419792 0.30239 0.017708 0.038603
1 0.448177 0.313879 0.016146 0.013787
1 0.442969 0.268842 0.018229 0.030331
1 0.438542 0.179228 0.032292 0.018382
1 0.572656 0.03171 0.006771 0.017463
1 0.630469 0.159007 0.016146 0.038603
1 0.59349 0.334099 0.033854 0.048713
1 0.77474 0.195772 0.004688 0.025735
1 0.871875 0.189338 0.011458 0.042279
1 0.854427 0.64614 0.016146 0.051471
1 0.725781 0.865809 0.041146 0.051471
1 0.721875 0.654412 0.020833 0.053309
1 0.666146 0.619026 0.03125 0.035846
1 0.644531 0.795496 0.024479 0.034007
1 0.597656 0.940257 0.019271 0.066176
1 0.559115 0.744485 0.036979 0.068015
1 0.524479 0.857996 0.010417 0.043199
1 0.475 0.976562 0.021875 0.022978
1 0.477344 0.797794 0.017188 0.0625
0 0.448958 0.522059 0.142708 0.215074
1 0.38151 0.800092 0.209896 0.392463
0 0.935156 0.930147 0.108854 0.137868
0 0.558594 0.189338 0.095312 0.137868
0 0.928646 0.013787 0.008333 0.027574
0 0.296875 0.972426 0.046875 0.055147
1 0.286458 0.935662 0.025 0.047794
1 0.261719 0.93796 0.023438 0.124081
1 0.341667 0.955423 0.020833 0.028493
