0 0.071615 0.727941 0.033854 0.049632
1 0.138542 0.497702 0.017708 0.045037
1 0.19974 0.325368 0.052604 0.044118
1 0.326302 0.248621 0.030729 0.032169
1 0.426302 0.495404 0.027604 0.068015
1 0.466667 0.485754 0.047917 0.105699
1 0.557812 0.420496 0.058333 0.068934
0 0.449219 0.895221 0.016146 0.029412
0 0.433333 0.910386 0.027083 0.067096
0 0.427344 0.955882 0.019271 0.060662
1 0.550521 0.120864 0.044792 0.056066
0 0.963802 0.195312 0.008854 0.063419
0 0.961198 0.839154 0.060938 0.104779
0 0.391927 0.857537 0.058854 0.102941
0 0.855469 0.306985 0.029688 0.104779
0 0.409375 0.167279 0.047917 0.143382
0 0.595833 0.185662 0.058333 0.084559
