1 0.849479 0.167279 0.00625 0.051471
1 0.098698 0.352482 0.018229 0.011949
1 0.246875 0.442555 0.01875 0.046875
1 0.30625 0.49954 0.0125 0.022978
1 0.283594 0.553309 0.007812 0.020221
1 0.01224 0.88557 0.015104 0.015625
1 0.098698 0.856618 0.021354 0.011029
1 0.297656 0.852022 0.022396 0.027574
1 0.461198 0.836857 0.007812 0.035846
0 0.608594 0.858915 0.092188 0.090993
1 0.642708 0.91636 0.010417 0.040441
0 0.596875 0.496324 0.141667 0.121324
1 0.294531 0.122243 0.015104 0.034926
1 0.347135 0.027574 0.007812 0.045956
1 0.388542 0.017004 0.014583 0.032169
1 0.520312 0.065257 0.005208 0.034926
1 0.634635 0.575368 0.016146 0.03125
