1 0.688021 0.988511 0.007292 0.022978
1 0.078906 0.978401 0.034896 0.043199
1 0.427344 0.964614 0.034896 0.070772
1 0.017448 0.956801 0.034896 0.086397
1 0.592188 0.894301 0.015625 0.020221
1 0.003646 0.920956 0.007292 0.077206
1 0.470052 0.921415 0.059896 0.094669
1 0.798177 0.907169 0.160938 0.185662
1 0.073958 0.838695 0.040625 0.065257
1 0.83724 0.810662 0.009896 0.012868
1 0.928906 0.807904 0.017188 0.016544
1 0.389844 0.890625 0.119271 0.21875
1 0.427604 0.77068 0.058333 0.081801
1 0.128906 0.849724 0.200521 0.300551
1 0.966406 0.758272 0.067188 0.125
1 0.633594 0.773897 0.093229 0.191176
1 0.845312 0.662684 0.010417 0.014706
1 0.683854 0.662684 0.0125 0.023897
1 0.543229 0.659926 0.010417 0.018382
1 0.027865 0.735294 0.055729 0.172794
1 0.892448 0.647978 0.020312 0.022059
1 0.329688 0.63511 0.0125 0.018382
1 0.401823 0.706342 0.076562 0.16636
1 0.772917 0.654412 0.0375 0.101103
1 0.486979 0.71829 0.09375 0.234375
1 0.586458 0.629596 0.029167 0.102941
1 0.073177 0.605699 0.039062 0.110294
1 0.448698 0.625 0.199479 0.295956
1 0.17526 0.476103 0.031771 0.0625
1 0.951302 0.486213 0.061979 0.084559
1 0.723177 0.409926 0.018229 0.034926
1 0.629167 0.408548 0.042708 0.046875
0 0.591927 0.390625 0.006771 0.018382
1 0.128906 0.377298 0.016146 0.013787
1 0.565104 0.485754 0.132292 0.249081
1 0.689062 0.332261 0.00625 0.022978
1 0.127604 0.439798 0.108333 0.245404
1 0.397396 0.336397 0.041667 0.095588
1 0.676042 0.292279 0.008333 0.014706
1 0.66901 0.387408 0.131771 0.206801
1 0.316146 0.30239 0.080208 0.071691
1 0.810156 0.290901 0.022396 0.050551
1 0.660156 0.243566 0.007812 0.027574
1 0.48125 0.404871 0.222917 0.35386
1 0.684375 0.237132 0.036458 0.064338
1 0.80625 0.233456 0.057292 0.145221
1 0.723958 0.139706 0.013542 0.034926
1 0.240885 0.191176 0.090104 0.145221
1 0.35651 0.1875 0.114062 0.181985
1 0.680208 0.064798 0.011458 0.013787
1 0.447396 0.147978 0.167708 0.295956
