1 0.028906 0.013787 0.057812 0.027574
1 0.168229 0.198529 0.013542 0.034926
1 0.232552 0.532169 0.015104 0.038603
1 0.310417 0.222886 0.010417 0.024816
1 0.31901 0.201746 0.009896 0.019301
1 0.281771 0.067555 0.008333 0.019301
1 0.34349 0.039522 0.008854 0.014706
1 0.442188 0.628217 0.023958 0.01011
1 0.472917 0.445312 0.014583 0.015625
1 0.41224 0.462316 0.004688 0.027574
1 0.36849 0.484375 0.008854 0.022059
1 0.39401 0.410846 0.015104 0.033088
1 0.381771 0.335938 0.013542 0.019301
1 0.407812 0.34329 0.010417 0.02114
1 0.364323 0.284467 0.006771 0.02114
1 0.391927 0.257812 0.006771 0.04136
1 0.409115 0.215074 0.013021 0.016544
1 0.416927 0.214154 0.009896 0.014706
1 0.68099 0.577206 0.014062 0.018382
1 0.711458 0.579963 0.014583 0.012868
1 0.763542 0.224724 0.007292 0.022978
1 0.767448 0.170496 0.005729 0.022978
1 0.821875 0.081801 0.022917 0.009191
1 0.910677 0.088235 0.029688 0.036765
1 0.840365 0.303768 0.016146 0.024816
1 0.891406 0.342831 0.024479 0.022059
1 0.886979 0.502298 0.016667 0.008272
1 0.886458 0.536765 0.011458 0.025735
1 0.892969 0.582721 0.009896 0.016544
1 0.94401 0.564338 0.017188 0.022059
1 0.951302 0.488511 0.007812 0.017463
1 0.990625 0.534926 0.017708 0.022059
1 0.99401 0.784007 0.010938 0.018382
1 0.908594 0.704044 0.016146 0.014706
1 0.949219 0.732996 0.010938 0.017463
1 0.842969 0.955882 0.005729 0.022059
1 0.689583 0.846967 0.013542 0.017463
1 0.607031 0.826287 0.019271 0.034926
1 0.438281 0.693015 0.004688 0.049632
1 0.422656 0.935202 0.008854 0.015625
1 0.351823 0.809743 0.019271 0.007353
1 0.323698 0.792739 0.011979 0.01011
1 0.309375 0.663143 0.015625 0.013787
1 0.02474 0.970129 0.020312 0.030331
0 0.477344 0.509191 0.050521 0.101103
1 0.015625 0.139246 0.0125 0.02114
