0 0.474219 0.974265 0.015104 0.012868
1 0.703646 0.955423 0.014583 0.089154
1 0.440104 0.920956 0.054167 0.073529
1 0.326042 0.910386 0.085417 0.116728
1 0.160677 0.831801 0.020312 0.034926
1 0.680729 0.82307 0.016667 0.059743
0 0.884115 0.780331 0.016146 0.03125
1 0.196875 0.839154 0.064583 0.148897
0 0.977865 0.741268 0.018229 0.028493
1 0.83151 0.634651 0.007812 0.019301
0 0.401042 0.631893 0.011458 0.030331
0 0.344792 0.596048 0.011458 0.024816
1 0.270312 0.568934 0.052083 0.158088
1 0.003646 0.483915 0.007292 0.032169
0 0.806771 0.473346 0.011458 0.027574
1 0.434115 0.470129 0.032812 0.081801
1 0.392969 0.394761 0.066146 0.074449
1 0.451562 0.474724 0.127083 0.282169
1 0.43776 0.349724 0.018229 0.045037
1 0.603385 0.420037 0.081771 0.222426
0 0.333854 0.296415 0.017708 0.026654
1 0.206771 0.261489 0.008333 0.017463
0 0.647656 0.254136 0.025521 0.017463
0 0.010938 0.209559 0.021875 0.014706
1 0.695573 0.138787 0.004688 0.027574
1 0.869271 0.119485 0.010417 0.023897
0 0.145573 0.06296 0.015104 0.034007
1 0.325781 0.050551 0.034896 0.029412
1 0.791146 0.116728 0.098958 0.233456
1 0.791667 0.018382 0.04375 0.036765
