1 0.067708 0.0625 0.011458 0.029412
1 0.157031 0.046875 0.009896 0.027574
0 0.366146 0.056526 0.020833 0.013787
0 0.015365 0.389246 0.030729 0.111213
1 0.05599 0.313419 0.007812 0.016544
1 0.067188 0.318474 0.008333 0.02114
1 0.094531 0.311581 0.021354 0.029412
1 0.100521 0.308824 0.060417 0.139706
0 0.064062 0.387868 0.007292 0.025735
1 0.007031 0.643382 0.010938 0.018382
1 0.077604 0.535846 0.008333 0.014706
0 0.163281 0.751838 0.008854 0.020221
1 0.23776 0.680147 0.008854 0.014706
1 0.216667 0.56296 0.007292 0.019301
1 0.198438 0.483456 0.020833 0.036765
1 0.269531 0.465533 0.011979 0.011949
1 0.314062 0.507353 0.007292 0.020221
1 0.342448 0.429688 0.015104 0.022978
1 0.299479 0.245864 0.010417 0.022978
1 0.263542 0.21875 0.013542 0.027574
1 0.209375 0.21875 0.020833 0.023897
0 0.177865 0.22886 0.014062 0.012868
1 0.148177 0.214154 0.035938 0.045956
1 0.388021 0.175551 0.010417 0.016544
0 0.427865 0.143842 0.006771 0.019301
1 0.415365 0.334559 0.022396 0.03125
0 0.50599 0.494945 0.031771 0.048713
1 0.404688 0.671415 0.071875 0.063419
1 0.56224 0.153952 0.119271 0.230699
1 0.603125 0.182445 0.008333 0.05239
1 0.617969 0.152114 0.019271 0.024816
1 0.616927 0.173254 0.008854 0.013787
0 0.53776 0.110754 0.031771 0.061581
1 0.790625 0.401195 0.0125 0.022978
1 0.788542 0.154412 0.013542 0.018382
1 0.929688 0.27068 0.010417 0.019301
0 0.923698 0.054688 0.015104 0.011949
1 0.884115 0.349265 0.010938 0.020221
1 0.80651 0.713235 0.028646 0.049632
1 0.972135 0.811121 0.055729 0.011949
1 0.767448 0.848805 0.009896 0.013787
1 0.530469 0.278033 0.009896 0.019301
1 0.200521 0.020221 0.0125 0.036765
1 0.304688 0.015625 0.013542 0.03125
1 0.954688 0.123621 0.090625 0.159007
1 0.541406 0.383272 0.060938 0.196691
1 0.303125 0.679228 0.161458 0.248162
1 0.91875 0.519301 0.136458 0.181985
1 0.672135 0.317096 0.066146 0.141544
1 0.470312 0.555607 0.225 0.352022
1 0.372396 0.609835 0.0125 0.04136
1 0.957552 0.93796 0.079688 0.122243
1 0.91224 0.847426 0.097396 0.115809
1 0.472135 0.311121 0.060938 0.089154
1 0.460156 0.297794 0.073438 0.082721
1 0.11849 0.248621 0.007812 0.024816
1 0.115885 0.289062 0.008854 0.017463
1 0.939583 0.459559 0.004167 0.042279
