1 0.036458 0.095129 0.072917 0.170037
1 0.616927 0.065717 0.018229 0.050551
1 0.766406 0.025276 0.024479 0.050551
1 0.904167 0.178768 0.008333 0.017463
1 0.628646 0.360294 0.009375 0.029412
1 0.464323 0.589614 0.201562 0.383272
1 0.240625 0.368107 0.021875 0.028493
1 0.042969 0.908088 0.085938 0.183824
1 0.095573 0.814798 0.060938 0.057904
1 0.014844 0.644761 0.029688 0.02114
1 0.433594 0.922335 0.191146 0.155331
1 0.760417 0.960938 0.064583 0.078125
1 0.801562 0.805607 0.022917 0.013787
1 0.784375 0.715993 0.011458 0.014706
1 0.209896 0.482996 0.115625 0.201287
1 0.107031 0.775276 0.147396 0.355699
1 0.552865 0.038603 0.069271 0.075368
1 0.958073 0.719669 0.078646 0.141544
1 0.851823 0.764246 0.061979 0.070772
1 0.129948 0.096967 0.145312 0.193934
