1 0.711979 0.825827 0.029167 0.076287
0 0.299479 0.741268 0.058333 0.13511
0 0.452865 0.724724 0.044271 0.133272
0 0.583594 0.693015 0.072396 0.117647
0 0.950521 0.620864 0.063542 0.149816
0 0.726042 0.678768 0.090625 0.267463
0 0.839844 0.642463 0.099479 0.215074
0 0.988802 0.136029 0.022396 0.066176
0 0.825 0.128217 0.078125 0.138787
0 0.926302 0.119026 0.064062 0.13511
0 0.731771 0.122702 0.072917 0.195772
0 0.03776 0.121783 0.075521 0.199449
0 0.480469 0.101562 0.089062 0.193934
0 0.319531 0.116728 0.127604 0.233456
