0 0.48125 0.034007 0.133333 0.055147
0 0.504427 0.569393 0.031771 0.08364
0 0.505469 0.963695 0.114062 0.070772
1 0.225781 0.075827 0.008854 0.019301
1 0.421094 0.272978 0.020312 0.036765
1 0.544792 0.143842 0.015625 0.035846
1 0.948438 0.170496 0.009375 0.019301
1 0.417708 0.846507 0.035417 0.034926
1 0.453906 0.670956 0.011979 0.033088
1 0.564583 0.536765 0.014583 0.040441
1 0.572135 0.412684 0.006771 0.020221
1 0.592969 0.441636 0.016146 0.030331
1 0.589323 0.470129 0.011979 0.046875
1 0.616927 0.653952 0.011979 0.013787
1 0.642448 0.786305 0.025521 0.048713
1 0.613281 0.860754 0.030729 0.015625
