1 0.003906 0.498621 0.007812 0.015625
1 0.535156 0.471507 0.051562 0.036765
1 0.05599 0.484835 0.033854 0.078125
1 0.292188 0.485294 0.030208 0.080882
1 0.195573 0.475643 0.042188 0.065257
1 0.486719 0.474265 0.043229 0.069853
1 0.620833 0.463235 0.033333 0.055147
1 0.134635 0.462776 0.031771 0.054228
1 0.817708 0.455882 0.020833 0.047794
1 0.355469 0.463695 0.024479 0.065257
1 0.31901 0.461397 0.048438 0.060662
1 0.923958 0.444393 0.025 0.030331
1 0.080469 0.471048 0.026562 0.085478
1 0.39974 0.462316 0.053646 0.069853
1 0.163802 0.460478 0.027604 0.075368
1 0.03099 0.461857 0.034896 0.098346
1 0.95599 0.442555 0.035938 0.076287
1 0.85 0.438419 0.065625 0.069853
1 0.258073 0.460018 0.048438 0.11489
1 0.703125 0.444393 0.040625 0.092831
1 0.578906 0.443474 0.060938 0.11489
1 0.98776 0.420956 0.024479 0.079044
1 0.667969 0.436121 0.051562 0.116728
1 0.779948 0.435202 0.047396 0.118566
