1 0.075781 0.525276 0.055729 0.079963
1 0.013281 0.496783 0.026562 0.035846
1 0.396875 0.492188 0.041667 0.08364
1 0.365104 0.454504 0.034375 0.045037
1 0.20651 0.456342 0.032812 0.081801
1 0.173177 0.475184 0.068229 0.121324
1 0.141667 0.462776 0.047917 0.098346
1 0.414583 0.457721 0.066667 0.091912
1 0.33099 0.449908 0.056771 0.08364
1 0.272135 0.450368 0.050521 0.084559
1 0.572917 0.432445 0.028125 0.05239
1 0.895833 0.425092 0.038542 0.059743
1 0.619531 0.439338 0.028646 0.097426
1 0.51875 0.420956 0.059375 0.071691
1 0.597917 0.422335 0.0375 0.078125
1 0.747917 0.42739 0.045833 0.119485
1 0.422135 0.395221 0.035938 0.055147
1 0.864844 0.417739 0.064062 0.102022
1 0.690885 0.39614 0.048438 0.060662
1 0.93151 0.398897 0.047396 0.066176
1 0.836458 0.399816 0.039583 0.073529
1 0.780469 0.402574 0.028646 0.099265
1 0.973698 0.390165 0.052604 0.098346
1 0.90651 0.366268 0.029688 0.057904
1 0.992448 0.34329 0.015104 0.037684
