0 0.491406 0.517004 0.050521 0.045037
0 0.013021 0.880974 0.026042 0.039522
1 0.032292 0.784926 0.005208 0.025735
1 0.039062 0.771599 0.011458 0.017463
1 0.163281 0.97932 0.011979 0.011949
1 0.05651 0.5 0.014062 0.016544
1 0.0125 0.425551 0.022917 0.018382
1 0.08776 0.045956 0.015104 0.023897
1 0.326042 0.056985 0.015625 0.020221
1 0.222917 0.142923 0.010417 0.013787
1 0.21901 0.194853 0.009896 0.014706
1 0.2375 0.279412 0.011458 0.018382
1 0.263802 0.269761 0.007812 0.019301
1 0.441406 0.140625 0.015104 0.022059
1 0.450521 0.224724 0.007292 0.022978
1 0.578125 0.23943 0.013542 0.024816
1 0.483073 0.57261 0.007812 0.022059
1 0.317188 0.551011 0.005208 0.026654
1 0.224219 0.764706 0.010938 0.018382
1 0.23776 0.776654 0.007812 0.016544
1 0.245833 0.806526 0.013542 0.01011
1 0.314844 0.896599 0.006771 0.019301
1 0.554688 0.765165 0.010417 0.026654
1 0.81276 0.590993 0.009896 0.014706
