1 0.020573 0.064798 0.018229 0.026654
1 0.165625 0.106618 0.026042 0.075368
1 0.523177 0.047794 0.016146 0.018382
1 0.386198 0.377757 0.016146 0.068015
1 0.588802 0.006893 0.017188 0.013787
1 0.867969 0.014246 0.013021 0.028493
1 0.490885 0.412224 0.031771 0.067096
1 0.524219 0.274357 0.025521 0.028493
1 0.589844 0.33318 0.034896 0.059743
1 0.607552 0.294577 0.050521 0.067096
1 0.439323 0.601103 0.023438 0.022059
1 0.44375 0.616728 0.017708 0.012868
1 0.477865 0.669577 0.022396 0.061581
1 0.51901 0.743107 0.022396 0.013787
1 0.572917 0.740809 0.01875 0.018382
1 0.672396 0.634191 0.014583 0.033088
1 0.688281 0.471967 0.018229 0.028493
1 0.765365 0.392923 0.010938 0.078125
1 0.760417 0.53079 0.039583 0.017463
1 0.940885 0.610754 0.013021 0.046875
1 0.957031 0.723346 0.021354 0.060662
1 0.917708 0.939798 0.025 0.015625
1 0.776302 0.689798 0.013021 0.019301
1 0.693229 0.765165 0.038542 0.035846
1 0.724479 0.775735 0.026042 0.034926
1 0.680729 0.84329 0.03125 0.048713
1 0.69375 0.872243 0.014583 0.064338
1 0.683594 0.887408 0.019271 0.056066
1 0.673177 0.890625 0.014062 0.036765
1 0.653646 0.95818 0.035417 0.046875
0 0.563281 0.47932 0.240104 0.508272
0 0.396354 0.272518 0.189583 0.331801
