1 0.041146 0.496324 0.038542 0.056985
1 0.044271 0.209099 0.05625 0.116728
1 0.185938 0.150276 0.054167 0.065257
1 0.486458 0.065717 0.021875 0.08364
1 0.565365 0.099724 0.021354 0.065257
1 0.641667 0.096967 0.036458 0.079963
1 0.878906 0.250919 0.029688 0.0625
0 0.936198 0.368566 0.028646 0.047794
0 0.489323 0.384651 0.030729 0.050551
1 0.573698 0.549632 0.033854 0.077206
1 0.676302 0.61489 0.023438 0.068015
1 0.710677 0.546415 0.071354 0.068934
1 0.289583 0.75 0.022917 0.033088
1 0.429948 0.837316 0.045312 0.079044
1 0.584115 0.827206 0.058854 0.055147
0 0.658594 0.877757 0.025521 0.0625
1 0.004688 0.016544 0.009375 0.027574
0 0.039323 0.013787 0.033854 0.027574
0 0.032031 0.743566 0.010938 0.012868
1 0.144531 0.098346 0.038021 0.0625
1 0.148698 0.515625 0.038021 0.079044
1 0.183854 0.532629 0.04375 0.098346
1 0.215365 0.617188 0.059896 0.092831
1 0.244792 0.189798 0.060417 0.105699
1 0.327865 0.651195 0.066146 0.085478
0 0.37526 0.467371 0.009896 0.02114
1 0.411719 0.462316 0.052604 0.088235
1 0.390365 0.242647 0.014062 0.025735
1 0.375781 0.152114 0.058854 0.068934
0 0.355729 0.013327 0.020833 0.024816
1 0.386458 0.043199 0.044792 0.0625
1 0.51224 0.222426 0.031771 0.056985
1 0.503646 0.273897 0.033333 0.071691
1 0.634896 0.380974 0.019792 0.024816
1 0.801823 0.495404 0.023438 0.047794
1 0.747917 0.675551 0.03125 0.064338
1 0.81875 0.53079 0.034375 0.045037
1 0.876302 0.50046 0.021354 0.028493
1 0.952604 0.289522 0.067708 0.102941
0 0.96849 0.350643 0.033854 0.035846
1 0.976562 0.849265 0.016667 0.044118
0 0.871875 0.825368 0.015625 0.016544
1 0.876042 0.846967 0.0375 0.050551
1 0.177344 0.91636 0.046354 0.075368
0 0.120312 0.318015 0.045833 0.073529
1 0.432292 0.053768 0.055208 0.096507
1 0.782292 0.21875 0.0625 0.091912
1 0.889323 0.950368 0.075521 0.086397
1 0.007812 0.214614 0.015625 0.030331
