0 0.120312 0.02068 0.057292 0.04136
1 0.139844 0.131893 0.016146 0.008272
1 0.103646 0.11489 0.020833 0.009191
0 0.159635 0.274357 0.056771 0.098346
1 0.221094 0.037224 0.011979 0.045037
1 0.161198 0.70864 0.025521 0.018382
1 0.185938 0.778952 0.007292 0.037684
1 0.314844 0.936581 0.017188 0.012868
1 0.534635 0.824449 0.015104 0.029412
1 0.574479 0.896599 0.009375 0.024816
1 0.609115 0.933364 0.007812 0.030331
1 0.714583 0.908548 0.015625 0.067096
1 0.727083 0.88511 0.011458 0.018382
1 0.722135 0.759191 0.020312 0.011029
1 0.709375 0.693934 0.021875 0.007353
0 0.671094 0.63557 0.045312 0.074449
1 0.578125 0.576287 0.023958 0.007353
1 0.353385 0.203585 0.004688 0.034007
1 0.344271 0.244485 0.020833 0.016544
1 0.52526 0.045956 0.008854 0.029412
1 0.758594 0.201287 0.022396 0.03125
1 0.965104 0.23989 0.017708 0.007353
0 0.495833 0.545496 0.103125 0.201287
0 0.616667 0.813879 0.163542 0.092831
0 0.207292 0.181985 0.059375 0.165441
0 0.357292 0.376379 0.064583 0.230699
1 0.082031 0.754596 0.009896 0.018382
1 0.198958 0.42739 0.011458 0.029412
1 0.322396 0.94807 0.011458 0.013787
1 0.577344 0.508732 0.006771 0.030331
0 0.774479 0.936121 0.020833 0.127757
