1 0.292969 0.475643 0.007812 0.017463
1 0.272396 0.434283 0.007292 0.02114
1 0.222917 0.428309 0.01875 0.056985
1 0.246094 0.426011 0.028646 0.056066
1 0.820312 0.425092 0.061458 0.061581
1 0.310417 0.420956 0.023958 0.082721
1 0.928906 0.42693 0.032812 0.098346
1 0.10599 0.415901 0.057812 0.081801
1 0.365625 0.419118 0.0625 0.088235
1 0.406771 0.418199 0.020833 0.086397
1 0.503906 0.404871 0.054688 0.065257
1 0.677083 0.422335 0.042708 0.111213
1 0.98125 0.408088 0.0375 0.088235
1 0.472396 0.412684 0.033333 0.099265
1 0.868229 0.405331 0.04375 0.095588
1 0.733333 0.409007 0.038542 0.115809
1 0.438021 0.380055 0.047917 0.059743
1 0.757552 0.399816 0.032812 0.108456
1 0.341146 0.384651 0.057292 0.087316
1 0.775781 0.395221 0.029688 0.113971
1 0.703646 0.379596 0.026042 0.088235
1 0.595833 0.380055 0.045833 0.092831
1 0.554688 0.367647 0.048958 0.071691
1 0.071094 0.377298 0.074479 0.102022
1 0.791146 0.33364 0.009375 0.018382
1 0.902604 0.369026 0.055208 0.096507
0 0.569271 0.211857 0.032292 0.063419
