1 0.038542 0.163143 0.034375 0.043199
1 0.226302 0.217371 0.011979 0.026654
1 0.297396 0.359375 0.057292 0.117647
1 0.435417 0.314798 0.045833 0.034007
1 0.43125 0.054688 0.05 0.08364
1 0.475781 0.027114 0.023438 0.034007
1 0.573958 0.04182 0.048958 0.074449
1 0.627083 0.02068 0.0375 0.04136
1 0.853646 0.171415 0.028125 0.045037
1 0.876562 0.238971 0.015625 0.025735
1 0.917188 0.269761 0.084375 0.11489
1 0.817969 0.432904 0.025521 0.047794
1 0.984635 0.484835 0.025521 0.039522
1 0.590625 0.706801 0.026042 0.047794
1 0.391406 0.835938 0.074479 0.116728
1 0.316146 0.836857 0.027083 0.045037
1 0.277604 0.789522 0.017708 0.045956
1 0.10651 0.643842 0.027604 0.017463
1 0.056771 0.825827 0.020833 0.030331
1 0.720312 0.573989 0.054167 0.087316
1 0.509896 0.497702 0.040625 0.065257
0 0.479948 0.185202 0.144271 0.225184
1 0.734375 0.584099 0.040625 0.056066
