0 0.50026 0.414062 0.118229 0.136949
0 0.684635 0.54182 0.105729 0.102022
0 0.249219 0.28079 0.059896 0.250919
1 0.085417 0.274357 0.029167 0.01011
1 0.088802 0.990809 0.014062 0.018382
1 0.27526 0.659926 0.025521 0.060662
1 0.423698 0.434743 0.017188 0.025735
1 0.329427 0.41682 0.010938 0.015625
1 0.517188 0.117647 0.020833 0.016544
1 0.938542 0.017923 0.009375 0.034007
1 0.952344 0.069853 0.023438 0.020221
1 0.908594 0.117647 0.011979 0.03125
1 0.464323 0.865349 0.009896 0.034007
1 0.757552 0.753676 0.017188 0.016544
1 0.895052 0.878676 0.016146 0.025735
1 0.823438 0.554688 0.00625 0.022978
1 0.864844 0.566176 0.009896 0.014706
1 0.916406 0.649357 0.018229 0.026654
1 0.995312 0.657169 0.009375 0.014706
