1 0.433073 0.992647 0.011979 0.014706
1 0.458333 0.990349 0.010417 0.019301
1 0.645052 0.98989 0.023438 0.020221
1 0.813281 0.985754 0.007812 0.028493
1 0.828125 0.985294 0.021875 0.029412
1 0.74349 0.963695 0.022396 0.050551
1 0.049219 0.94761 0.009896 0.033088
1 0.807292 0.945772 0.022917 0.044118
1 0.920052 0.922794 0.015104 0.033088
1 0.213802 0.919118 0.017188 0.033088
1 0.030208 0.945772 0.028125 0.108456
1 0.226562 0.894301 0.020833 0.012868
1 0.244531 0.883272 0.030729 0.011029
1 0.641667 0.88557 0.028125 0.032169
1 0.09349 0.890625 0.054688 0.058824
1 0.453125 0.87546 0.026042 0.035846
1 0.09401 0.859375 0.011979 0.011029
1 0.528385 0.86489 0.017188 0.047794
1 0.579948 0.857537 0.021354 0.033088
1 0.178906 0.852482 0.039062 0.037684
1 0.297656 0.825827 0.009896 0.02114
1 0.251563 0.820772 0.011458 0.025735
1 0.216146 0.845129 0.027083 0.079963
1 0.525 0.820312 0.030208 0.039522
1 0.49974 0.80239 0.022396 0.044118
1 0.647656 0.763327 0.013021 0.01011
1 0.127083 0.767923 0.020833 0.024816
1 0.013021 0.758272 0.022917 0.022059
1 0.682812 0.744945 0.015625 0.037684
1 0.227604 0.733456 0.005208 0.027574
1 0.16276 0.737592 0.018229 0.043199
1 0.758073 0.725184 0.019271 0.025735
1 0.157812 0.717831 0.0625 0.042279
1 0.765625 0.703125 0.023958 0.023897
1 0.527865 0.703585 0.008854 0.032169
1 0.089844 0.695312 0.014062 0.024816
1 0.134896 0.698989 0.027083 0.034007
1 0.615104 0.694393 0.020833 0.028493
1 0.441667 0.68796 0.025 0.037684
1 0.419531 0.665441 0.021354 0.025735
1 0.267708 0.67739 0.045833 0.058824
1 0.598177 0.65579 0.013021 0.019301
1 0.210677 0.650735 0.016146 0.03125
1 0.046615 0.655331 0.016146 0.040441
1 0.114583 0.658088 0.016667 0.049632
1 0.38125 0.643842 0.017708 0.037684
1 0.950781 0.612592 0.022396 0.008272
1 0.114583 0.624081 0.01875 0.045956
1 0.711198 0.605699 0.014062 0.023897
1 0.043229 0.596048 0.016667 0.024816
1 0.064323 0.58364 0.018229 0.027574
1 0.216927 0.57261 0.019271 0.029412
1 0.145312 0.547335 0.011458 0.015625
1 0.459115 0.546415 0.006771 0.024816
1 0.141667 0.522518 0.014583 0.024816
1 0.25 0.526195 0.033333 0.043199
1 0.304167 0.506893 0.01875 0.035846
1 0.863802 0.507353 0.017188 0.047794
1 0.007552 0.488051 0.015104 0.009191
1 0.236458 0.495404 0.017708 0.044118
1 0.476823 0.512408 0.056771 0.081801
1 0.190365 0.473805 0.014062 0.026654
1 0.282552 0.482537 0.017188 0.051471
1 0.68099 0.455423 0.013021 0.017463
1 0.824219 0.439338 0.017188 0.034926
1 0.339844 0.438879 0.026562 0.050551
1 0.941406 0.432904 0.023438 0.049632
1 0.471615 0.415901 0.032812 0.037684
1 0.110417 0.422794 0.009375 0.0625
1 0.394271 0.412224 0.029167 0.050551
1 0.989583 0.395221 0.011458 0.027574
1 0.797396 0.382812 0.014583 0.01011
1 0.291667 0.390165 0.03125 0.063419
1 0.972656 0.363511 0.019271 0.04136
1 0.372656 0.348805 0.014062 0.017463
1 0.588021 0.346048 0.009375 0.013787
1 0.471615 0.354779 0.006771 0.033088
1 0.158073 0.347426 0.011979 0.022059
1 0.717969 0.338235 0.020312 0.018382
1 0.76901 0.332721 0.018229 0.044118
1 0.713281 0.309283 0.021354 0.034007
1 0.180729 0.297794 0.025 0.029412
1 0.285938 0.289982 0.007292 0.019301
1 0.233854 0.301011 0.021875 0.04136
1 0.779688 0.290441 0.023958 0.03125
1 0.42526 0.259651 0.008854 0.019301
1 0.480469 0.272978 0.025521 0.045956
1 0.720573 0.243107 0.023438 0.05239
1 0.058594 0.23943 0.020312 0.046875
1 0.480208 0.225643 0.014583 0.032169
1 0.252865 0.263327 0.033854 0.109375
1 0.574219 0.223805 0.013021 0.035846
1 0.052865 0.204044 0.014062 0.018382
1 0.901562 0.207261 0.021875 0.028493
1 0.828385 0.198989 0.026562 0.035846
1 0.045573 0.191636 0.009896 0.022978
1 0.202344 0.185662 0.009896 0.023897
1 0.039062 0.171875 0.021875 0.036765
1 0.040365 0.154412 0.008854 0.014706
1 0.580208 0.15625 0.015625 0.025735
1 0.670052 0.150735 0.027604 0.034926
1 0.092969 0.154871 0.017188 0.043199
1 0.854688 0.146599 0.023958 0.030331
1 0.629948 0.141085 0.011979 0.022978
1 0.98724 0.140625 0.019271 0.058824
1 0.011198 0.132812 0.022396 0.059743
1 0.177865 0.121324 0.030729 0.047794
1 0.328646 0.139706 0.042708 0.095588
1 0.223438 0.100643 0.067708 0.056066
1 0.940885 0.078585 0.020312 0.032169
1 0.602865 0.065717 0.006771 0.028493
1 0.596615 0.068474 0.005729 0.035846
1 0.207292 0.058364 0.025 0.028493
1 0.140104 0.045956 0.05 0.053309
1 0.742188 0.026195 0.0125 0.017463
1 0.336719 0.025735 0.015104 0.020221
1 0.729167 0.008732 0.015625 0.017463
1 0.26224 0.02068 0.027604 0.04136
1 0.125521 0.007353 0.014583 0.014706
