0 0.661458 0.096967 0.122917 0.102022
0 0.569531 0.394301 0.114062 0.161765
0 0.534115 0.907629 0.094271 0.184743
1 0.044531 0.892923 0.017188 0.04136
1 0.117188 0.837316 0.015625 0.020221
1 0.080208 0.328125 0.013542 0.040441
1 0.452083 0.929228 0.01875 0.022059
1 0.626562 0.60386 0.013542 0.056985
1 0.665625 0.584559 0.007292 0.038603
1 0.61849 0.327665 0.063021 0.079963
1 0.630208 0.252298 0.040625 0.061581
1 0.888802 0.180607 0.015104 0.043199
1 0.927344 0.188419 0.038021 0.038603
1 0.727604 0.742188 0.017708 0.045037
