1 0.021094 0.147518 0.042188 0.085478
1 0.231771 0.270221 0.022917 0.022059
1 0.334375 0.323989 0.048958 0.034007
1 0.44974 0.233456 0.024479 0.051471
0 0.547396 0.128676 0.035417 0.079044
1 0.522396 0.014706 0.020833 0.029412
1 0.719792 0.27068 0.019792 0.056066
1 0.383594 0.5 0.051562 0.115809
1 0.373698 0.579044 0.026562 0.073529
1 0.296094 0.590533 0.016146 0.061581
1 0.197135 0.628217 0.032812 0.045037
1 0.486979 0.569853 0.032292 0.044118
1 0.576042 0.653493 0.044792 0.095588
1 0.675781 0.772518 0.044271 0.04136
1 0.599219 0.875 0.045312 0.071691
1 0.691146 0.856158 0.033333 0.046875
1 0.33099 0.142923 0.035938 0.022978
1 0.357552 0.983915 0.032812 0.032169
1 0.561719 0.89568 0.019271 0.076287
1 0.614583 0.761949 0.025 0.056985
1 0.628125 0.943015 0.015625 0.025735
1 0.824219 0.485754 0.014062 0.011949
1 0.95651 0.328585 0.086979 0.647978
1 0.989583 0.623162 0.020833 0.115809
0 0.504167 0.892004 0.053125 0.120404
0 0.534115 0.469669 0.044271 0.090074
1 0.892969 0.534926 0.020312 0.016544
1 0.536198 0.170956 0.030729 0.038603
1 0.304427 0.519301 0.033854 0.038603
