1 0.347656 0.505974 0.008854 0.013787
1 0.363281 0.490809 0.014062 0.027574
1 0.388802 0.483456 0.009896 0.025735
1 0.421615 0.477482 0.014062 0.017463
1 0.476823 0.456801 0.016146 0.029412
1 0.509115 0.435202 0.017188 0.024816
1 0.65625 0.393382 0.01875 0.022059
1 0.705729 0.35432 0.016667 0.015625
1 0.642708 0.322151 0.016667 0.037684
1 0.661458 0.304228 0.013542 0.011029
1 0.966667 0.192096 0.011458 0.036765
1 0.246875 0.255974 0.104167 0.192096
1 0.988802 0.126379 0.022396 0.022978
1 0.182292 0.107077 0.009375 0.015625
