0 0.332552 0.096967 0.016146 0.048713
0 0.496615 0.389246 0.021354 0.045037
0 0.533073 0.454963 0.097396 0.112132
0 0.298698 0.025735 0.027604 0.044118
0 0.321094 0.057904 0.042188 0.055147
0 0.316667 0.026195 0.016667 0.026654
1 0.154167 0.787224 0.008333 0.034007
1 0.355469 0.587776 0.006771 0.019301
1 0.373438 0.629596 0.015625 0.022059
1 0.417188 0.777574 0.011458 0.03125
0 0.831771 0.974265 0.03125 0.051471
1 0.640625 0.571232 0.022917 0.054228
1 0.725521 0.076287 0.023958 0.012868
1 0.769792 0.165441 0.030208 0.051471
1 0.96224 0.398897 0.015104 0.018382
1 0.984375 0.39568 0.03125 0.085478
