0 0.786979 0.980699 0.021875 0.038603
0 0.188802 0.938419 0.019271 0.049632
1 0.079427 0.74954 0.038021 0.063419
0 0.647917 0.715074 0.026042 0.049632
0 0.051042 0.672794 0.020833 0.058824
1 0.004688 0.63511 0.009375 0.025735
1 0.799479 0.565257 0.011458 0.022059
1 0.016927 0.532629 0.008854 0.017463
0 0.50651 0.501379 0.022396 0.046875
1 0.314583 0.389246 0.119792 0.144301
1 0.849219 0.235294 0.014062 0.012868
0 0.972656 0.215533 0.015104 0.074449
1 0.91276 0.096048 0.010938 0.015625
1 0.897135 0.059283 0.025521 0.045037
0 0.25599 0.027574 0.026562 0.040441
0 0.847135 0.017923 0.019271 0.035846
