1 0.431771 0.953125 0.025 0.027574
1 0.082812 0.950368 0.032292 0.025735
1 0.506771 0.929688 0.014583 0.015625
1 0.533854 0.917279 0.009375 0.020221
1 0.152604 0.908548 0.019792 0.01011
1 0.170573 0.880974 0.017188 0.019301
0 0.208594 0.892004 0.027604 0.046875
1 0.101042 0.875 0.016667 0.042279
1 0.833594 0.850184 0.038021 0.049632
1 0.510156 0.817555 0.016146 0.015625
1 0.680469 0.81204 0.014062 0.022978
1 0.054427 0.798254 0.009896 0.013787
0 0.096354 0.788143 0.0125 0.022978
1 0.714844 0.756893 0.010938 0.017463
1 0.377604 0.757353 0.008333 0.022059
1 0.140885 0.740809 0.027604 0.020221
1 0.688021 0.707721 0.011458 0.016544
1 0.167969 0.704044 0.018229 0.025735
1 0.673698 0.684743 0.011979 0.020221
1 0.261719 0.630974 0.013021 0.011949
1 0.153906 0.599265 0.010938 0.027574
1 0.385938 0.564338 0.008333 0.018382
1 0.814583 0.542279 0.016667 0.025735
1 0.621094 0.534926 0.013021 0.016544
0 0.519531 0.514706 0.016146 0.047794
0 0.114062 0.497243 0.01875 0.023897
1 0.982031 0.493566 0.025521 0.040441
1 0.147135 0.479779 0.011979 0.018382
1 0.521094 0.460018 0.017188 0.026654
1 0.985156 0.442096 0.017188 0.023897
1 0.657031 0.441636 0.016146 0.039522
1 0.534375 0.433364 0.014583 0.048713
1 0.625521 0.410846 0.020833 0.027574
0 0.523177 0.296415 0.031771 0.024816
1 0.451042 0.262868 0.010417 0.023897
1 0.964844 0.245404 0.018229 0.016544
1 0.438021 0.241268 0.010417 0.017463
1 0.082812 0.238051 0.023958 0.038603
0 0.636198 0.235754 0.014062 0.04136
0 0.14375 0.207721 0.029167 0.038603
1 0.945573 0.188879 0.015104 0.022978
1 0.02474 0.175092 0.031771 0.01011
1 0.924219 0.179228 0.014062 0.020221
0 0.483594 0.183824 0.022396 0.042279
1 0.235938 0.159926 0.008333 0.029412
1 0.158854 0.147059 0.007292 0.022059
1 0.827344 0.141544 0.015104 0.023897
1 0.061719 0.143842 0.031771 0.030331
1 0.851302 0.102941 0.009896 0.023897
1 0.19401 0.09421 0.006771 0.022978
0 0.064583 0.081342 0.010417 0.019301
1 0.758594 0.016085 0.010938 0.017463
1 0.824219 0.015165 0.013021 0.02114
0 0.551042 0.02068 0.021875 0.04136
