1 0.141406 0.700827 0.006771 0.043199
1 0.077083 0.600643 0.0125 0.022978
0 0.489844 0.573529 0.016146 0.029412
0 0.482812 0.540901 0.016667 0.037684
0 0.41875 0.560662 0.042708 0.090074
0 0.391667 0.532629 0.061458 0.113051
0 0.513802 0.504596 0.044271 0.068015
1 0.779948 0.43704 0.007812 0.017463
0 0.480469 0.449449 0.088021 0.113971
0 0.718229 0.403033 0.019792 0.022978
0 0.736458 0.341452 0.013542 0.022978
0 0.700781 0.354779 0.042188 0.075368
1 0.969271 0.18704 0.00625 0.02114
0 0.985677 0.172794 0.028646 0.147059
