0 0.254427 0.501379 0.100521 0.098346
0 0.401823 0.454504 0.111979 0.17739
0 0.51276 0.37546 0.097396 0.195772
0 0.648438 0.681526 0.113542 0.125919
0 0.049479 0.023438 0.0375 0.046875
0 0.249219 0.067096 0.129688 0.112132
0 0.220312 0.183364 0.075 0.173713
0 0.260156 0.185662 0.038021 0.161765
0 0.376562 0.008732 0.029167 0.017463
0 0.636979 0.431526 0.063542 0.223346
0 0.427083 0.664062 0.082292 0.100184
0 0.692969 0.734835 0.079688 0.120404
0 0.896094 0.079963 0.074479 0.159926
0 0.933854 0.393382 0.073958 0.158088
0 0.334896 0.463695 0.1 0.147978
0 0.076562 0.217831 0.073958 0.147059
0 0.749479 0.460018 0.054167 0.140625
0 0.877604 0.650735 0.092708 0.112132
0 0.954948 0.676011 0.089062 0.140625
0 0.435938 0.712776 0.1 0.19761
0 0.602344 0.443934 0.129688 0.248162
