1 0.007812 0.324449 0.015625 0.022059
1 0.008854 0.409467 0.013542 0.011949
1 0.029427 0.617188 0.009896 0.013787
1 0.05599 0.709559 0.015104 0.03125
1 0.14375 0.626379 0.017708 0.008272
1 0.1625 0.636029 0.019792 0.051471
1 0.188802 0.621324 0.007812 0.055147
1 0.241406 0.704504 0.018229 0.022978
1 0.270052 0.620864 0.006771 0.026654
1 0.236979 0.512868 0.009375 0.016544
1 0.267708 0.46875 0.00625 0.025735
1 0.16224 0.540901 0.016146 0.015625
1 0.148958 0.491728 0.020833 0.033088
1 0.161458 0.462316 0.017708 0.018382
1 0.134375 0.429228 0.016667 0.038603
1 0.121354 0.421875 0.025 0.014706
1 0.104427 0.470129 0.021354 0.013787
1 0.072135 0.43796 0.009896 0.024816
1 0.061198 0.420496 0.007812 0.043199
1 0.017969 0.411765 0.011979 0.034926
1 0.04349 0.37454 0.007812 0.059743
1 0.045052 0.097426 0.004688 0.03125
1 0.072135 0.113051 0.011979 0.020221
1 0.239583 0.035846 0.010417 0.014706
1 0.174479 0.123621 0.011458 0.04136
1 0.157812 0.139246 0.0125 0.01011
1 0.143229 0.1875 0.013542 0.011029
1 0.122917 0.212316 0.019792 0.045956
1 0.102865 0.209099 0.007812 0.030331
1 0.102083 0.271599 0.008333 0.04136
1 0.144271 0.28079 0.028125 0.013787
1 0.169792 0.251379 0.011458 0.022978
1 0.2625 0.320312 0.005208 0.024816
1 0.290625 0.215074 0.010417 0.045956
1 0.294271 0.065257 0.010417 0.025735
1 0.354948 0.168199 0.014062 0.018382
1 0.333854 0.248621 0.01875 0.045037
1 0.430208 0.305147 0.014583 0.023897
1 0.446615 0.325827 0.004688 0.063419
0 0.503906 0.399357 0.034896 0.037684
1 0.520833 0.322151 0.011458 0.017463
1 0.421094 0.459559 0.006771 0.027574
1 0.388802 0.492647 0.017188 0.009191
1 0.376823 0.632812 0.017188 0.030331
1 0.430208 0.560662 0.020833 0.007353
1 0.473177 0.251838 0.013021 0.018382
1 0.461719 0.238051 0.008854 0.016544
1 0.488802 0.219669 0.008854 0.044118
1 0.502344 0.103401 0.015104 0.024816
1 0.514323 0.038143 0.015104 0.019301
1 0.546094 0.227022 0.003646 0.047794
1 0.528906 0.422335 0.011979 0.011949
1 0.536458 0.446691 0.016667 0.011029
1 0.515104 0.683364 0.008333 0.02114
1 0.541406 0.630974 0.020312 0.048713
1 0.58151 0.700368 0.026562 0.012868
1 0.579427 0.714154 0.031771 0.011029
1 0.620573 0.501838 0.008854 0.023897
1 0.608073 0.508732 0.014062 0.019301
1 0.585417 0.402114 0.005208 0.046875
1 0.686979 0.509651 0.013542 0.01011
1 0.58776 0.355239 0.031771 0.046875
1 0.559896 0.215074 0.009375 0.016544
1 0.582812 0.069393 0.004167 0.034007
1 0.60625 0.169118 0.014583 0.012868
1 0.6625 0.034007 0.027083 0.051471
1 0.65026 0.119945 0.018229 0.008272
1 0.64401 0.221048 0.006771 0.028493
1 0.648177 0.290901 0.034896 0.022978
1 0.719531 0.338235 0.008854 0.064338
1 0.729948 0.26011 0.009896 0.040441
1 0.749479 0.200368 0.015625 0.022059
1 0.745573 0.096967 0.020312 0.019301
1 0.728125 0.405331 0.013542 0.011029
1 0.695052 0.569393 0.009896 0.015625
1 0.672917 0.662224 0.015625 0.024816
1 0.665365 0.711397 0.018229 0.040441
1 0.720052 0.597886 0.018229 0.015625
1 0.742969 0.695312 0.015104 0.011949
1 0.804948 0.664522 0.023438 0.033088
1 0.839844 0.394761 0.018229 0.015625
1 0.857812 0.340533 0.026042 0.017463
1 0.871094 0.287224 0.007812 0.04136
1 0.888542 0.138327 0.014583 0.017463
1 0.915885 0.138327 0.017188 0.011949
1 0.991927 0.226103 0.013021 0.011029
1 0.986458 0.289522 0.009375 0.029412
1 0.919271 0.247702 0.023958 0.037684
1 0.916146 0.305147 0.007292 0.018382
1 0.883073 0.383272 0.010938 0.055147
1 0.894792 0.426011 0.017708 0.022978
1 0.932812 0.462316 0.010417 0.022059
1 0.949479 0.44807 0.011458 0.024816
1 0.764062 0.92739 0.008333 0.023897
1 0.748698 0.73989 0.027604 0.045956
1 0.555208 0.867647 0.0125 0.020221
1 0.604948 0.72886 0.024479 0.011029
1 0.235417 0.772059 0.007292 0.049632
1 0.201042 0.762408 0.032292 0.028493
1 0.136198 0.85432 0.007812 0.045037
1 0.096875 0.931526 0.01875 0.024816
1 0.074219 0.793199 0.010938 0.029412
1 0.058073 0.758272 0.026562 0.055147
1 0.022135 0.799632 0.005729 0.025735
0 0.948698 0.511029 0.102604 0.134191
0 0.674219 0.434743 0.105729 0.183824
0 0.449219 0.411765 0.147396 0.101103
