0 0.39974 0.943015 0.039062 0.066176
1 0.232292 0.890165 0.013542 0.01011
1 0.866406 0.847886 0.011979 0.022978
1 0.136979 0.661765 0.0125 0.022059
0 0.101823 0.626379 0.029688 0.065257
0 0.488021 0.611673 0.040625 0.074449
0 0.60651 0.560202 0.027604 0.035846
0 0.993229 0.477022 0.013542 0.027574
1 0.889844 0.380974 0.014062 0.013787
0 0.196615 0.383732 0.030729 0.048713
1 0.259115 0.339614 0.013021 0.015625
0 0.592188 0.356158 0.045833 0.094669
1 0.310417 0.151654 0.01875 0.027574
1 0.128125 0.122243 0.008333 0.033088
0 0.678385 0.034007 0.032812 0.068015
