1 0.150521 0.517463 0.034375 0.045956
1 0.377604 0.545037 0.025 0.042279
1 0.358073 0.798713 0.021354 0.033088
1 0.331771 0.810202 0.026042 0.035846
1 0.504427 0.665901 0.043229 0.054228
1 0.657292 0.841452 0.048958 0.094669
1 0.584896 0.26011 0.030208 0.055147
1 0.020833 0.011949 0.041667 0.023897
1 0.034896 0.038603 0.020833 0.025735
1 0.054167 0.056066 0.032292 0.025735
1 0.057292 0.08364 0.019792 0.027574
1 0.075 0.021599 0.05 0.043199
1 0.074479 0.064338 0.010417 0.014706
1 0.082292 0.053768 0.015625 0.032169
1 0.110417 0.038143 0.015625 0.02114
1 0.11901 0.006893 0.013021 0.013787
1 0.128646 0.078585 0.033333 0.050551
1 0.144792 0.044118 0.013542 0.027574
1 0.163281 0.04136 0.026562 0.051471
1 0.169271 0.081801 0.0375 0.060662
1 0.145573 0.136489 0.021354 0.024816
1 0.166667 0.130515 0.016667 0.022059
1 0.192708 0.099265 0.027083 0.044118
1 0.009896 0.497243 0.019792 0.051471
1 0.13125 0.485754 0.034375 0.057904
1 0.274219 0.642923 0.014062 0.032169
1 0.326562 0.47932 0.033333 0.056066
1 0.334115 0.500919 0.021354 0.03125
1 0.367708 0.409007 0.016667 0.033088
1 0.477865 0.038603 0.060938 0.077206
1 0.483333 0.140625 0.036458 0.064338
1 0.498958 0.283548 0.016667 0.037684
1 0.497135 0.326287 0.047396 0.045956
1 0.504167 0.369485 0.033333 0.058824
1 0.526823 0.423254 0.018229 0.030331
1 0.550521 0.336397 0.020833 0.033088
1 0.533854 0.29182 0.039583 0.032169
1 0.527865 0.221507 0.009896 0.022059
1 0.564062 0.283548 0.016667 0.024816
1 0.563542 0.193474 0.017708 0.026654
1 0.633594 0.020221 0.018229 0.029412
1 0.685156 0.02114 0.038021 0.042279
1 0.758073 0.064798 0.011979 0.032169
1 0.663542 0.339154 0.016667 0.038603
1 0.630208 0.664522 0.08125 0.126838
1 0.730729 0.636489 0.020833 0.030331
1 0.75 0.61489 0.017708 0.023897
1 0.7 0.375919 0.021875 0.038603
1 0.728125 0.360754 0.022917 0.026654
1 0.725521 0.40625 0.0125 0.022059
1 0.753646 0.40671 0.0125 0.02114
1 0.751823 0.384651 0.011979 0.02114
1 0.992448 0.019301 0.015104 0.038603
1 0.995312 0.257812 0.008333 0.034007
1 0.877344 0.017463 0.015104 0.023897
1 0.851823 0.094669 0.010938 0.023897
1 0.884115 0.076746 0.018229 0.034007
1 0.886458 0.107537 0.016667 0.022059
1 0.896094 0.12454 0.018229 0.02114
1 0.928906 0.204044 0.022396 0.060662
1 0.938802 0.236673 0.013021 0.026654
1 0.908333 0.251379 0.025 0.065257
1 0.8875 0.195312 0.038542 0.087316
1 0.872396 0.133732 0.023958 0.039522
1 0.848438 0.165441 0.020833 0.055147
1 0.860938 0.196691 0.016667 0.036765
1 0.81901 0.365809 0.022396 0.036765
1 0.886458 0.380055 0.021875 0.028493
1 0.876562 0.414982 0.021875 0.045037
1 0.880208 0.441636 0.023958 0.035846
1 0.894271 0.421415 0.010417 0.013787
1 0.907812 0.42739 0.0125 0.020221
1 0.914062 0.473346 0.025 0.055147
1 0.940625 0.507812 0.013542 0.02114
1 0.913281 0.650735 0.028646 0.049632
1 0.888021 0.62454 0.034375 0.065257
1 0.882031 0.551011 0.031771 0.08364
1 0.860417 0.517923 0.039583 0.059743
1 0.841406 0.506434 0.018229 0.03125
1 0.795573 0.813419 0.016146 0.023897
1 0.801823 0.78125 0.019271 0.034926
1 0.760677 0.738971 0.070312 0.121324
1 0.775 0.702206 0.015625 0.016544
1 0.790365 0.686121 0.013021 0.028493
1 0.741406 0.676471 0.021354 0.036765
1 0.76224 0.846048 0.044271 0.096507
0 0.623698 0.753676 0.023438 0.060662
1 0.601562 0.743107 0.017708 0.011949
1 0.64349 0.951287 0.020312 0.047794
1 0.533073 0.76011 0.023438 0.022059
1 0.467448 0.688419 0.015104 0.040441
1 0.330208 0.716452 0.015625 0.028493
1 0.253646 0.986213 0.015625 0.023897
1 0.238542 0.988511 0.021875 0.022978
1 0.234635 0.960018 0.034896 0.043199
1 0.211198 0.929688 0.039062 0.067096
1 0.232292 0.893382 0.0125 0.027574
1 0.184115 0.97886 0.038021 0.042279
1 0.122917 0.963235 0.023958 0.022059
1 0.154688 0.931066 0.027083 0.044118
1 0.103125 0.949449 0.016667 0.020221
1 0.079688 0.926471 0.0375 0.051471
1 0.017188 0.893842 0.020833 0.032169
1 0.085156 0.876379 0.015104 0.019301
1 0.132812 0.890625 0.025 0.045956
1 0.158073 0.856618 0.039062 0.099265
1 0.15625 0.803309 0.016667 0.049632
1 0.179688 0.750919 0.014583 0.020221
1 0.12474 0.8125 0.010938 0.027574
1 0.099219 0.820772 0.011979 0.020221
1 0.138281 0.731618 0.023438 0.045956
1 0.142969 0.702665 0.022396 0.030331
1 0.095833 0.756893 0.014583 0.017463
1 0.104167 0.695772 0.014583 0.012868
1 0.094271 0.675551 0.038542 0.0625
1 0.054427 0.694853 0.059896 0.080882
1 0.034375 0.736673 0.011458 0.02114
1 0.017188 0.722426 0.023958 0.027574
1 0.023698 0.747702 0.017188 0.02114
1 0.044792 0.763787 0.017708 0.018382
0 0.490885 0.473346 0.125521 0.220588
0 0.503125 0.846507 0.123958 0.222426
0 0.463802 0.082721 0.173438 0.102941
1 0.988021 0.765165 0.023958 0.087316
1 0.886979 0.693474 0.015625 0.02114
1 0.729427 0.573529 0.014062 0.029412
1 0.732292 0.534926 0.021875 0.036765
1 0.658854 0.463695 0.0125 0.028493
1 0.609896 0.494945 0.017708 0.034007
1 0.340885 0.336397 0.010938 0.027574
1 0.148958 0.214614 0.013542 0.032169
