1 0.473698 0.117188 0.022396 0.045037
1 0.71224 0.321691 0.035938 0.066176
1 0.958594 0.453125 0.029688 0.03125
1 0.776302 0.981158 0.027604 0.035846
1 0.679427 0.872243 0.023438 0.040441
1 0.55 0.792279 0.010417 0.045956
1 0.374479 0.838695 0.035417 0.068934
1 0.368229 0.657629 0.014583 0.043199
1 0.397656 0.658548 0.015104 0.048713
1 0.384635 0.598346 0.025521 0.03125
0 0.204688 0.075368 0.142708 0.150735
0 0.869531 0.344669 0.152604 0.213235
0 0.551562 0.219669 0.132292 0.275735
1 0.620312 0.022978 0.008333 0.045956
1 0.871875 0.836857 0.016667 0.035846
