1 0.090885 0.100184 0.033854 0.044118
1 0.180469 0.088695 0.025521 0.026654
1 0.294792 0.03079 0.030208 0.032169
1 0.234375 0.164062 0.022917 0.070772
1 0.167448 0.233456 0.008854 0.064338
1 0.111719 0.288603 0.018229 0.066176
1 0.288021 0.200827 0.014583 0.02114
1 0.86224 0.129596 0.041146 0.056985
1 0.895573 0.102022 0.016146 0.033088
1 0.8875 0.183824 0.032292 0.044118
1 0.777865 0.296875 0.009896 0.03125
1 0.673958 0.318015 0.013542 0.047794
1 0.805208 0.33364 0.023958 0.016544
1 0.866927 0.310662 0.019271 0.0625
1 0.879688 0.393842 0.025 0.056066
1 0.897656 0.443934 0.027604 0.071691
1 0.847135 0.536305 0.022396 0.056066
1 0.761719 0.830423 0.035938 0.050551
1 0.59375 0.880055 0.028125 0.028493
1 0.509896 0.936121 0.04375 0.017463
1 0.494271 0.912684 0.022917 0.036765
1 0.470312 0.700827 0.026042 0.032169
1 0.43724 0.753217 0.011979 0.056066
1 0.439323 0.64614 0.021354 0.071691
1 0.364583 0.609835 0.022917 0.05239
1 0.360156 0.575827 0.042188 0.01011
1 0.327865 0.433824 0.019271 0.058824
1 0.355208 0.404871 0.005208 0.039522
1 0.353385 0.331801 0.033854 0.033088
1 0.301042 0.456342 0.033333 0.057904
1 0.163281 0.610754 0.029688 0.013787
1 0.268229 0.862592 0.029167 0.087316
1 0.172917 0.879596 0.029167 0.045956
1 0.114844 0.784926 0.035938 0.097426
1 0.086198 0.902114 0.009896 0.07261
1 0.061458 0.978401 0.029167 0.043199
0 0.327083 0.141544 0.151042 0.086397
0 0.64375 0.414982 0.090625 0.30239
0 0.521875 0.736213 0.03125 0.358456
0 0.450781 0.482077 0.174479 0.234375
0 0.943229 0.334559 0.058333 0.308824
0 0.47474 0.532169 0.164062 0.060662
1 0.158333 0.006893 0.010417 0.013787
1 0.542188 0.009651 0.008333 0.019301
1 0.597917 0.009191 0.034375 0.018382
1 0.820573 0.411305 0.008854 0.028493
1 0.053906 0.890165 0.028646 0.022978
