1 0.715365 0.986213 0.008854 0.027574
1 0.609896 0.965533 0.009375 0.013787
1 0.445312 0.965533 0.009375 0.022978
1 0.282292 0.971048 0.03125 0.057904
1 0.497917 0.942555 0.022917 0.035846
1 0.266406 0.939798 0.049479 0.059743
1 0.985417 0.942096 0.029167 0.115809
1 0.340625 0.877298 0.039583 0.05239
1 0.37474 0.862132 0.013021 0.029412
1 0.079427 0.850643 0.019271 0.028493
1 0.065365 0.917739 0.085938 0.164522
0 0.783594 0.80193 0.018229 0.019301
1 0.704167 0.786305 0.00625 0.032169
1 0.182292 0.790441 0.038542 0.102941
1 0.64349 0.761029 0.040104 0.047794
1 0.697396 0.747243 0.023958 0.051471
1 0.28776 0.77068 0.038021 0.113051
1 0.01276 0.696691 0.020312 0.016544
1 0.744792 0.699449 0.015625 0.029412
1 0.536198 0.631434 0.017188 0.022059
1 0.26875 0.714154 0.132292 0.238971
1 0.432292 0.590993 0.009375 0.016544
1 0.445833 0.588235 0.009375 0.020221
0 0.996094 0.5625 0.007812 0.022059
1 0.93724 0.556066 0.014062 0.023897
1 0.420312 0.568015 0.034375 0.056985
1 0.066927 0.537224 0.008854 0.015625
1 0.927865 0.534007 0.011979 0.012868
1 0.707031 0.522978 0.010938 0.025735
1 0.320312 0.488971 0.011458 0.011029
1 0.359375 0.511949 0.054167 0.073529
1 0.463281 0.533088 0.061979 0.119485
1 0.503906 0.475184 0.007812 0.03125
1 0.514844 0.498621 0.068229 0.079963
1 0.605208 0.597426 0.135417 0.286765
1 0.519531 0.453585 0.019271 0.054228
1 0.469531 0.460938 0.046354 0.074449
1 0.253385 0.371783 0.006771 0.030331
1 0.791406 0.380974 0.024479 0.079963
1 0.6375 0.28079 0.01875 0.028493
1 0.674479 0.26057 0.020833 0.030331
1 0.329427 0.33318 0.135938 0.179228
1 0.579167 0.221507 0.009375 0.014706
1 0.761198 0.193934 0.010938 0.014706
1 0.898958 0.221507 0.061458 0.075368
1 0.810417 0.186121 0.055208 0.092831
1 0.482812 0.18796 0.039583 0.124081
1 0.30599 0.12454 0.039062 0.046875
1 0.72526 0.102941 0.008854 0.020221
1 0.522396 0.098346 0.022917 0.038603
1 0.533333 0.106618 0.091667 0.123162
1 0.670833 0.054688 0.032292 0.022978
1 0.441667 0.068934 0.013542 0.064338
1 0.872396 0.132353 0.130208 0.216912
1 0.013802 0.03125 0.027604 0.033088
1 0.075781 0.029871 0.029688 0.046875
1 0.714583 0.057904 0.094792 0.115809
1 0.598698 0.020221 0.017188 0.040441
0 0.332812 0.011029 0.009375 0.022059
