1 0.052083 0.29182 0.038542 0.039522
1 0.049219 0.276654 0.029688 0.042279
1 0.009115 0.251838 0.013021 0.066176
1 0.109896 0.275735 0.048958 0.014706
1 0.127604 0.528952 0.045833 0.057904
1 0.082292 0.610294 0.026042 0.071691
1 0.284635 0.621324 0.025521 0.051471
1 0.507812 0.64568 0.040625 0.035846
1 0.616406 0.547794 0.042188 0.049632
1 0.642708 0.462776 0.05 0.048713
1 0.857031 0.307904 0.049479 0.082721
1 0.005208 0.348346 0.010417 0.023897
1 0.00625 0.585478 0.0125 0.029412
1 0.003646 0.610754 0.007292 0.019301
1 0.01849 0.669577 0.011979 0.019301
1 0.075521 0.41636 0.015625 0.033088
1 0.107031 0.37454 0.042188 0.057904
1 0.173177 0.314338 0.026562 0.018382
1 0.122135 0.477022 0.010938 0.020221
1 0.330729 0.349265 0.009375 0.047794
1 0.415365 0.564798 0.016146 0.008272
1 0.425 0.595588 0.011458 0.014706
1 0.51901 0.613971 0.011979 0.022059
1 0.570052 0.362132 0.026562 0.022059
1 0.923438 0.526195 0.038542 0.02114
1 0.990885 0.424632 0.015104 0.016544
1 0.86901 0.728401 0.013021 0.05239
1 0.952865 0.877757 0.041146 0.097426
1 0.816146 0.755974 0.007292 0.024816
1 0.455208 0.845588 0.027083 0.03125
1 0.172656 0.974265 0.015104 0.03125
0 0.247917 0.388327 0.189583 0.223346
0 0.903646 0.380515 0.120833 0.215074
0 0.739062 0.390625 0.075 0.266544
0 0.507031 0.454963 0.139062 0.112132
