1 0.059375 0.138787 0.058333 0.086397
1 0.102604 0.106618 0.028125 0.044118
1 0.11276 0.142923 0.029688 0.043199
1 0.082031 0.202665 0.027604 0.048713
1 0.015365 0.09421 0.027604 0.043199
1 0.034635 0.28079 0.047396 0.061581
1 0.145312 0.318474 0.03125 0.04136
1 0.238802 0.328125 0.030729 0.077206
1 0.199479 0.509651 0.053125 0.085478
1 0.189583 0.036765 0.019792 0.073529
1 0.426823 0.420496 0.025521 0.034007
1 0.51276 0.578585 0.058854 0.120404
1 0.490365 0.453125 0.018229 0.029412
1 0.690885 0.13557 0.066146 0.100184
1 0.774219 0.202206 0.076562 0.106618
1 0.877865 0.167279 0.044271 0.025735
1 0.940625 0.119945 0.038542 0.048713
1 0.970052 0.027574 0.042188 0.055147
1 0.845312 0.399816 0.032292 0.0625
1 0.811979 0.590533 0.035417 0.039522
1 0.909375 0.509191 0.036458 0.051471
1 0.928646 0.70864 0.028125 0.042279
1 0.845312 0.859835 0.067708 0.079963
1 0.696615 0.924632 0.027604 0.0625
1 0.683333 0.738971 0.026042 0.040441
1 0.666406 0.669118 0.024479 0.047794
1 0.521354 0.744945 0.023958 0.032169
1 0.436458 0.808824 0.083333 0.084559
1 0.489062 0.883732 0.03125 0.056066
1 0.451823 0.622702 0.020312 0.035846
1 0.310938 0.582261 0.021875 0.026654
1 0.253646 0.722426 0.055208 0.101103
1 0.20651 0.785846 0.025521 0.036765
1 0.205469 0.886489 0.023438 0.04136
1 0.131771 0.928768 0.058333 0.105699
1 0.298438 0.822151 0.033333 0.067096
1 0.28776 0.954504 0.020312 0.035846
0 0.055208 0.911305 0.110417 0.175551
0 0.541146 0.324908 0.23125 0.278493
0 0.158854 0.704044 0.158333 0.143382
1 0.614844 0.738511 0.074479 0.118566
0 0.627865 0.223805 0.105729 0.44761
1 0.80651 0.137408 0.034896 0.102022
1 0.121875 0.014706 0.054167 0.029412
1 0.084896 0.807904 0.05625 0.091912
1 0.088281 0.685662 0.045312 0.071691
1 0.082552 0.741268 0.033854 0.032169
1 0.120312 0.847886 0.060417 0.076287
1 0.16224 0.900276 0.035938 0.067096
1 0.211458 0.986673 0.060417 0.026654
1 0.968229 0.985294 0.025 0.029412
1 0.867969 0.026654 0.039062 0.053309
