0 0.138021 0.251838 0.025 0.042279
1 0.101042 0.085018 0.016667 0.01011
1 0.046354 0.358456 0.022917 0.014706
1 0.070833 0.494485 0.014583 0.023897
1 0.100521 0.800551 0.017708 0.040441
1 0.127865 0.311121 0.009896 0.032169
1 0.476042 0.778493 0.021875 0.012868
1 0.622656 0.436121 0.010938 0.022978
1 0.35625 0.073989 0.015625 0.017463
1 0.483854 0.164062 0.00625 0.024816
0 0.980469 0.378676 0.039062 0.102941
1 0.78099 0.865809 0.004688 0.027574
1 0.646094 0.892923 0.015104 0.013787
1 0.357031 0.891085 0.007812 0.017463
1 0.111719 0.931526 0.009896 0.022978
0 0.697917 0.966912 0.034375 0.066176
0 0.461458 0.443474 0.140625 0.206801
0 0.354948 0.238511 0.065104 0.232537
0 0.244792 0.024357 0.122917 0.048713
1 0.24401 0.988971 0.017188 0.022059
1 0.173438 0.299173 0.015625 0.01011
1 0.219531 0.085018 0.005729 0.026654
1 0.257031 0.060662 0.009896 0.023897
1 0.897917 0.442096 0.015625 0.012868
