1 0.045052 0.109375 0.038021 0.069853
1 0.059635 0.165441 0.028646 0.051471
1 0.536719 0.120864 0.040104 0.039522
1 0.472917 0.386949 0.029167 0.069853
1 0.510156 0.481618 0.031771 0.069853
1 0.767448 0.226562 0.011979 0.039522
1 0.628125 0.881434 0.064583 0.084559
1 0.469531 0.664062 0.047396 0.067096
1 0.425781 0.629596 0.063021 0.101103
1 0.208854 0.795956 0.03125 0.044118
1 0.235938 0.854779 0.052083 0.080882
1 0.044792 0.225184 0.05 0.080882
1 0.533333 0.421875 0.06875 0.15625
1 0.090625 0.220588 0.054167 0.095588
