1 0.464583 0.901195 0.011458 0.013787
1 0.471094 0.865809 0.015104 0.023897
1 0.367448 0.849265 0.009896 0.020221
1 0.422396 0.851103 0.005208 0.025735
1 0.451042 0.821232 0.0125 0.015625
1 0.555469 0.823529 0.017188 0.029412
1 0.442448 0.71921 0.009896 0.02114
1 0.575521 0.627298 0.010417 0.019301
1 0.441927 0.607077 0.014062 0.011949
1 0.447656 0.540901 0.006771 0.024816
1 0.309115 0.503217 0.008854 0.017463
0 0.494271 0.455882 0.0125 0.029412
1 0.123177 0.407629 0.013021 0.017463
1 0.746094 0.278493 0.006771 0.023897
1 0.338281 0.244945 0.014062 0.013787
0 0.507552 0.182445 0.008854 0.024816
1 0.427865 0.148897 0.010938 0.018382
1 0.285417 0.119945 0.010417 0.024816
1 0.445833 0.090533 0.013542 0.022978
1 0.404427 0.094669 0.005729 0.038603
