0 0.160677 0.738051 0.024479 0.034926
0 0.834635 0.715533 0.073438 0.236213
0 0.760417 0.696691 0.14375 0.112132
0 0.041927 0.719669 0.083854 0.191176
0 0.560417 0.716912 0.160417 0.255515
0 0.416927 0.713695 0.160938 0.284007
0 0.264062 0.705423 0.163542 0.298713
0 0.01224 0.202665 0.024479 0.024816
0 0.003906 0.129596 0.007812 0.044118
0 0.499219 0.194853 0.133854 0.1875
0 0.632031 0.17693 0.146354 0.151654
0 0.765104 0.160846 0.114583 0.172794
0 0.378646 0.192555 0.153125 0.252757
0 0.261719 0.191176 0.125521 0.255515
0 0.978125 0.165901 0.04375 0.227022
0 0.104948 0.160386 0.145312 0.223346
0 0.890104 0.172335 0.135417 0.295037
