1 0.132031 0.779871 0.045312 0.05239
1 0.316667 0.407169 0.047917 0.097426
1 0.255729 0.265625 0.048958 0.044118
1 0.35026 0.783088 0.144271 0.365809
1 0.755208 0.615809 0.023958 0.084559
1 0.68125 0.866728 0.095833 0.145221
0 0.217188 0.960478 0.023958 0.079044
0 0.710938 0.035386 0.097917 0.070772
0 0.517188 0.523438 0.094792 0.16636
1 0.071354 0.111213 0.014583 0.058824
1 0.088542 0.02068 0.026042 0.04136
1 0.455469 0.845588 0.031771 0.060662
0 0.373958 0.658548 0.0375 0.067096
1 0.570833 0.879136 0.013542 0.035846
1 0.95 0.305607 0.007292 0.02114
1 0.870833 0.089154 0.016667 0.034926
