1 0.920833 0.920496 0.009375 0.022978
1 0.277604 0.90579 0.009375 0.022978
1 0.817969 0.890625 0.008854 0.018382
1 0.176302 0.851562 0.010938 0.02114
1 0.75026 0.753676 0.007812 0.022059
1 0.708854 0.710018 0.007292 0.02114
1 0.786198 0.680147 0.011979 0.023897
1 0.845833 0.641544 0.010417 0.03125
1 0.41875 0.632353 0.007292 0.016544
1 0.5 0.597426 0.010417 0.018382
1 0.157552 0.557904 0.010938 0.020221
1 0.451302 0.555147 0.011979 0.023897
1 0.696354 0.550551 0.007292 0.018382
1 0.533073 0.528033 0.009896 0.024816
1 0.497656 0.495864 0.013021 0.022978
1 0.304427 0.352022 0.007812 0.022059
1 0.226562 0.328125 0.011458 0.022059
1 0.557292 0.316636 0.007292 0.017463
1 0.801823 0.306985 0.008854 0.018382
1 0.629948 0.163603 0.004688 0.023897
1 0.269792 0.155331 0.007292 0.016544
1 0.209635 0.134191 0.014062 0.036765
1 0.179427 0.121783 0.008854 0.02114
1 0.047917 0.094669 0.008333 0.014706
1 0.090625 0.079504 0.011458 0.017463
1 0.070052 0.079504 0.014062 0.019301
1 0.74375 0.076746 0.007292 0.026654
1 0.091146 0.060202 0.010417 0.024816
1 0.169792 0.059743 0.010417 0.025735
