1 0.967708 0.964614 0.013542 0.015625
1 0.459896 0.966452 0.005208 0.026654
1 0.805469 0.914982 0.010938 0.024816
1 0.133073 0.909926 0.015104 0.018382
1 0.7625 0.884651 0.008333 0.019301
1 0.163802 0.883272 0.011979 0.025735
1 0.845573 0.865349 0.014062 0.015625
1 0.8125 0.870404 0.011458 0.029412
1 0.79349 0.849724 0.003646 0.035846
1 0.584896 0.825827 0.020833 0.05239
0 0.16224 0.762408 0.019271 0.019301
1 0.072917 0.726562 0.019792 0.02114
1 0.851042 0.696232 0.023958 0.026654
1 0.826302 0.603401 0.011979 0.017463
1 0.427083 0.617188 0.004167 0.045037
0 0.365625 0.597426 0.008333 0.014706
1 0.164583 0.601562 0.016667 0.046875
1 0.124219 0.559743 0.019271 0.018382
1 0.429427 0.505515 0.016146 0.016544
1 0.436979 0.485754 0.0125 0.015625
1 0.072396 0.463695 0.009375 0.019301
0 0.51224 0.433824 0.007812 0.034926
1 0.467969 0.392923 0.010938 0.011949
1 0.104948 0.388787 0.015104 0.022059
1 0.125 0.380055 0.010417 0.028493
1 0.06224 0.360754 0.016146 0.028493
1 0.078385 0.325827 0.013021 0.011949
1 0.150521 0.286765 0.008333 0.020221
1 0.614583 0.217831 0.015625 0.025735
1 0.814062 0.211397 0.0125 0.020221
1 0.759115 0.199908 0.019271 0.028493
1 0.833333 0.027574 0.011458 0.025735
