1 0.490104 0.988971 0.030208 0.022059
1 0.444531 0.988971 0.026562 0.022059
1 0.032812 0.97886 0.034375 0.042279
1 0.091927 0.964614 0.059896 0.070772
1 0.020312 0.824908 0.040625 0.054228
1 0.777604 0.678309 0.010417 0.020221
1 0.792188 0.653493 0.016667 0.025735
1 0.055208 0.672794 0.110417 0.069853
1 0.835417 0.601103 0.034375 0.027574
1 0.88125 0.550551 0.0125 0.018382
1 0.536458 0.488051 0.214583 0.380515
1 0.970312 0.011949 0.013542 0.023897
1 0.969271 0.034926 0.05625 0.069853
1 0.93125 0.028952 0.019792 0.057904
