1 0.900521 0.793199 0.046875 0.095588
1 0.865365 0.754136 0.014062 0.039522
1 0.922135 0.754136 0.045312 0.081801
1 0.85651 0.727022 0.032812 0.038603
1 0.78776 0.725184 0.016146 0.044118
1 0.773177 0.707261 0.026562 0.057904
1 0.53151 0.659007 0.034896 0.058824
1 0.592708 0.660846 0.042708 0.064338
1 0.564323 0.65625 0.030729 0.058824
1 0.982292 0.630974 0.035417 0.063419
1 0.588021 0.611213 0.045833 0.040441
1 0.414323 0.610754 0.032812 0.050551
1 0.485156 0.580882 0.029688 0.060662
1 0.433594 0.56296 0.027604 0.028493
1 0.766146 0.556526 0.030208 0.063419
1 0.313542 0.545956 0.040625 0.045956
1 0.695052 0.537224 0.032812 0.07261
1 0.304167 0.507812 0.021875 0.034007
1 0.283333 0.518382 0.028125 0.060662
1 0.216667 0.511949 0.028125 0.060662
1 0.70599 0.507812 0.023438 0.054228
1 0.608073 0.487132 0.035938 0.0625
1 0.682031 0.482996 0.034896 0.057904
1 0.484896 0.448529 0.03125 0.03125
1 0.009635 0.439798 0.019271 0.050551
1 0.076042 0.430147 0.03125 0.042279
1 0.388021 0.422335 0.03125 0.048713
1 0.031771 0.423254 0.042708 0.059743
1 0.353125 0.392004 0.036458 0.05239
1 0.308073 0.37546 0.041146 0.048713
1 0.101042 0.366728 0.029167 0.049632
1 0.28724 0.363511 0.030729 0.057904
1 0.115625 0.345588 0.023958 0.056985
1 0.083073 0.338695 0.050521 0.068934
1 0.111719 0.273897 0.042188 0.058824
1 0.98151 0.10432 0.036979 0.050551
1 0.853125 0.089154 0.032292 0.055147
1 0.882031 0.061121 0.030729 0.048713
1 0.771354 0.025276 0.055208 0.050551
