1 0.177344 0.0625 0.063021 0.125
1 0.219792 0.193934 0.033333 0.027574
1 0.08151 0.153952 0.163021 0.307904
1 0.726302 0.014706 0.022396 0.029412
1 0.835938 0.173254 0.040625 0.028493
1 0.889844 0.068934 0.028646 0.044118
1 0.861979 0.34421 0.014583 0.04136
1 0.175781 0.80239 0.080729 0.088235
1 0.372135 0.316176 0.193229 0.367647
1 0.522656 0.619945 0.127604 0.307904
1 0.123177 0.858456 0.133854 0.28125
1 0.540104 0.335938 0.084375 0.142463
1 0.935677 0.13511 0.127604 0.270221
1 0.351562 0.529871 0.089583 0.199449
1 0.30599 0.492188 0.015104 0.01011
