1 0.086979 0.275735 0.039583 0.016544
0 0.138021 0.278493 0.013542 0.027574
0 0.178385 0.295037 0.031771 0.044118
0 0.205729 0.638327 0.041667 0.034007
0 0.53099 0.497243 0.015104 0.056985
0 0.543229 0.463695 0.0125 0.035846
1 0.721354 0.598805 0.021875 0.013787
1 0.739062 0.800092 0.0125 0.022978
0 0.783073 0.785846 0.028646 0.034926
0 0.261458 0.335938 0.075 0.107537
0 0.442448 0.492647 0.090104 0.053309
0 0.651302 0.688879 0.045312 0.065257
0 0.978646 0.946232 0.042708 0.043199
0 0.091667 0.173713 0.077083 0.053309
