1 0.501823 0.838695 0.083854 0.186581
0 0.636458 0.841912 0.021875 0.029412
0 0.333333 0.230699 0.025 0.045956
0 0.38724 0.034007 0.020312 0.044118
0 0.45026 0.048254 0.023438 0.046875
0 0.644792 0.411765 0.025 0.042279
0 0.700521 0.155331 0.033333 0.071691
1 0.03125 0.532169 0.060417 0.132353
0 0.015104 0.316636 0.030208 0.05239
1 0.234115 0.637408 0.031771 0.061581
1 0.379427 0.949908 0.064062 0.100184
1 0.328906 0.95864 0.030729 0.038603
1 0.310677 0.712776 0.009896 0.04136
1 0.310417 0.190717 0.04375 0.129596
1 0.43099 0.022059 0.018229 0.044118
0 0.472396 0.370864 0.013542 0.028493
1 0.504687 0.689338 0.011458 0.027574
1 0.547396 0.744026 0.05625 0.094669
1 0.5625 0.826287 0.025 0.033088
1 0.695052 0.457721 0.033854 0.044118
1 0.717188 0.39614 0.026042 0.055147
1 0.598177 0.19761 0.006771 0.047794
1 0.769531 0.030331 0.019271 0.007353
1 0.814844 0.120864 0.004688 0.039522
1 0.790104 0.022978 0.0875 0.045956
1 0.845833 0.210018 0.053125 0.102022
1 0.965885 0.285386 0.021354 0.056066
0 0.978646 0.536765 0.023958 0.038603
1 0.111198 0.360754 0.022396 0.061581
1 0.560156 0.933824 0.086979 0.132353
1 0.329427 0.683824 0.079688 0.145221
1 0.583333 0.508272 0.069792 0.115809
1 0.8125 0.644301 0.052083 0.091912
0 0.461458 0.507812 0.041667 0.065257
1 0.632552 0.565257 0.044271 0.095588
1 0.315885 0.387868 0.042188 0.084559
1 0.492969 0.256893 0.041146 0.085478
1 0.141667 0.351103 0.041667 0.075368
1 0.097656 0.129596 0.040104 0.077206
1 0.36849 0.217831 0.032812 0.069853
1 0.797396 0.415441 0.05625 0.112132
1 0.128646 0.77068 0.036458 0.107537
1 0.196094 0.130515 0.007812 0.025735
1 0.188542 0.097426 0.009375 0.022059
1 0.119531 0.79182 0.045312 0.08364
1 0.085417 0.835938 0.090625 0.089154
1 0.053906 0.805607 0.068229 0.070772
1 0.101042 0.943474 0.014583 0.013787
1 0.427083 0.570772 0.082292 0.108456
1 0.964062 0.381893 0.059375 0.120404
1 0.839323 0.403493 0.055729 0.170956
1 0.754948 0.869945 0.017188 0.024816
1 0.518229 0.986213 0.00625 0.027574
1 0.498438 0.950827 0.044792 0.089154
