1 0.972396 0.971048 0.016667 0.022978
0 0.929688 0.931066 0.021875 0.060662
1 0.106771 0.899357 0.053125 0.076287
1 0.545052 0.888787 0.042188 0.071691
1 0.517448 0.881434 0.035938 0.09375
1 0.09375 0.727482 0.029167 0.070772
1 0.860156 0.536765 0.036979 0.0625
1 0.061198 0.53125 0.038021 0.077206
1 0.10651 0.507812 0.051562 0.04136
1 0.471094 0.516085 0.043229 0.068934
1 0.273958 0.491268 0.0375 0.032169
1 0.259375 0.482537 0.042708 0.068015
1 0.025 0.488971 0.040625 0.09375
1 0.448698 0.449908 0.022396 0.028493
1 0.554948 0.466452 0.034896 0.067096
1 0.486719 0.464154 0.053646 0.071691
1 0.135938 0.449908 0.054167 0.048713
1 0.326562 0.461397 0.04375 0.071691
1 0.91875 0.460018 0.070833 0.074449
1 0.736458 0.451287 0.04375 0.066176
1 0.667708 0.452206 0.046875 0.071691
1 0.702865 0.466452 0.033854 0.105699
1 0.584375 0.455882 0.039583 0.084559
1 0.110156 0.428768 0.023438 0.034007
1 0.770573 0.456801 0.035938 0.09375
1 0.776042 0.427849 0.032292 0.048713
1 0.2625 0.431985 0.030208 0.056985
1 0.063542 0.443015 0.0625 0.082721
1 0.351562 0.436581 0.047917 0.071691
1 0.032552 0.422794 0.045312 0.045956
1 0.290104 0.42739 0.042708 0.055147
1 0.980208 0.434743 0.039583 0.071691
1 0.38125 0.423254 0.032292 0.074449
1 0.159115 0.420956 0.055729 0.079044
1 0.870833 0.435662 0.060417 0.110294
1 0.609375 0.42693 0.041667 0.092831
1 0.919792 0.40625 0.069792 0.060662
1 0.564844 0.421415 0.050521 0.096507
1 0.478906 0.409007 0.056771 0.075368
1 0.667448 0.405331 0.034896 0.071691
1 0.414323 0.404412 0.041146 0.071691
1 0.800521 0.409007 0.046875 0.088235
1 0.635156 0.399816 0.031771 0.088235
1 0.392969 0.37546 0.039062 0.046875
1 0.847396 0.357077 0.009375 0.019301
1 0.853906 0.397059 0.068229 0.101103
1 0.082552 0.375919 0.040104 0.0625
1 0.444792 0.231618 0.045833 0.068015
1 0.804167 0.213235 0.014583 0.042279
1 0.465104 0.192555 0.035417 0.046875
1 0.83099 0.194393 0.026562 0.067096
1 0.798958 0.127298 0.021875 0.07261
1 0.409375 0.011029 0.019792 0.022059
