0 0.054167 0.231158 0.0125 0.028493
0 0.216667 0.154412 0.077083 0.126838
0 0.116667 0.303309 0.016667 0.027574
0 0.25651 0.795956 0.072396 0.106618
0 0.3375 0.750919 0.021875 0.045956
0 0.41224 0.717831 0.038021 0.049632
0 0.55026 0.901195 0.017188 0.024816
0 0.90625 0.81204 0.047917 0.092831
0 0.453385 0.950368 0.053646 0.099265
0 0.806771 0.667279 0.020833 0.090074
0 0.948958 0.735294 0.053125 0.137868
0 0.579167 0.535386 0.05625 0.061581
0 0.41901 0.444393 0.046354 0.04136
0 0.2125 0.280331 0.033333 0.108456
1 0.427604 0.611213 0.015625 0.016544
1 0.654167 0.553309 0.013542 0.020221
1 0.734896 0.601103 0.015625 0.027574
