0 0.816927 0.649357 0.206771 0.401654
0 0.625 0.352022 0.153125 0.266544
0 0.163802 0.005515 0.039062 0.011029
1 0.102865 0.049173 0.011979 0.017463
1 0.22474 0.116268 0.014062 0.011949
1 0.239583 0.278952 0.020833 0.019301
1 0.220052 0.303309 0.013021 0.018382
1 0.1875 0.317555 0.020833 0.008272
1 0.042969 0.662684 0.020312 0.011029
1 0.172396 0.61443 0.016667 0.039522
1 0.209115 0.492188 0.016146 0.017463
1 0.34375 0.943934 0.013542 0.014706
1 0.602344 0.823529 0.006771 0.023897
1 0.730729 0.823989 0.016667 0.013787
1 0.678125 0.748621 0.007292 0.022978
1 0.641406 0.732537 0.009896 0.012868
1 0.56901 0.768382 0.019271 0.009191
1 0.528385 0.74954 0.018229 0.019301
1 0.5375 0.704044 0.008333 0.023897
1 0.536979 0.65671 0.009375 0.02114
1 0.619792 0.601562 0.015625 0.008272
1 0.546094 0.509191 0.009896 0.020221
1 0.555469 0.50046 0.005729 0.026654
1 0.619531 0.025276 0.021354 0.011949
1 0.71901 0.305607 0.007812 0.022978
1 0.791927 0.229779 0.026562 0.011029
1 0.976562 0.128217 0.0125 0.024816
0 0.99401 0.834559 0.011979 0.033088
1 0.871094 0.339614 0.021354 0.015625
1 0.836198 0.344669 0.017188 0.007353
1 0.817708 0.341912 0.014583 0.020221
