0 0.470312 0.607537 0.096875 0.110294
0 0.909635 0.514246 0.083854 0.122243
1 0.796875 0.283548 0.022917 0.046875
1 0.723698 0.045956 0.059896 0.091912
1 0.442448 0.068934 0.076562 0.132353
1 0.355208 0.103401 0.080208 0.100184
1 0.036458 0.049173 0.069792 0.098346
1 0.09401 0.058824 0.039062 0.110294
1 0.115625 0.053768 0.0375 0.098346
1 0.123438 0.579044 0.109375 0.079044
1 0.1875 0.644761 0.021875 0.028493
1 0.922656 0.974724 0.064062 0.050551
1 0.13151 0.387408 0.124479 0.175551
1 0.192969 0.582261 0.051562 0.129596
