1 0.68724 0.84375 0.053646 0.080882
1 0.852083 0.507812 0.020833 0.037684
1 0.477083 0.540441 0.071875 0.139706
0 0.126302 0.402574 0.065104 0.038603
1 0.185677 0.424173 0.047396 0.092831
0 0.328125 0.404871 0.020833 0.056066
0 0.49401 0.359375 0.048438 0.097426
0 0.397917 0.320312 0.014583 0.032169
0 0.822656 0.316176 0.066146 0.025735
0 0.708854 0.334099 0.046875 0.120404
0 0.197917 0.266085 0.0125 0.01011
0 0.155729 0.268842 0.015625 0.026654
1 0.793229 0.232537 0.010417 0.022059
0 0.241667 0.09375 0.019792 0.020221
0 0.67474 0.060662 0.006771 0.022059
0 0.830729 0.047335 0.007292 0.026654
