1 0.829688 0.835018 0.03125 0.078125
1 0.732552 0.828125 0.022396 0.071691
1 0.989844 0.836397 0.020312 0.088235
1 0.942448 0.826287 0.041146 0.075368
1 0.498958 0.806985 0.035417 0.042279
1 0.690625 0.815717 0.035417 0.061581
1 0.624479 0.807445 0.034375 0.067096
1 0.848438 0.826287 0.044792 0.110294
1 0.397656 0.778033 0.014062 0.015625
1 0.701823 0.785846 0.014062 0.03125
1 0.759635 0.783548 0.036979 0.048713
1 0.546615 0.766544 0.018229 0.018382
1 0.342969 0.771599 0.045312 0.04136
1 0.488281 0.765165 0.015104 0.030331
1 0.26276 0.762868 0.033854 0.044118
1 0.152865 0.751379 0.014062 0.022978
1 0.43776 0.756893 0.039062 0.04136
1 0.572656 0.75046 0.033854 0.039522
1 0.020573 0.762868 0.041146 0.064338
1 0.372396 0.753217 0.025 0.056066
1 0.292969 0.755055 0.026562 0.065257
1 0.101823 0.736673 0.016146 0.030331
1 0.183333 0.738051 0.027083 0.044118
1 0.024479 0.716912 0.017708 0.03125
1 0.684115 0.256434 0.019271 0.014706
1 0.608333 0.242188 0.028125 0.043199
1 0.992448 0.238971 0.015104 0.045956
1 0.716146 0.220588 0.009375 0.029412
1 0.971875 0.226562 0.033333 0.063419
1 0.738281 0.227022 0.026562 0.064338
1 0.819271 0.211857 0.0375 0.04136
1 0.09401 0.198529 0.025521 0.025735
1 0.947396 0.221967 0.058333 0.078125
1 0.776823 0.204044 0.028646 0.047794
1 0.216406 0.20818 0.023438 0.057904
1 0.385156 0.206342 0.040104 0.068934
1 0.521875 0.197151 0.036458 0.054228
1 0.325 0.205423 0.041667 0.07261
1 0.561198 0.18704 0.029688 0.037684
1 0.051823 0.195312 0.035938 0.067096
1 0.269531 0.175551 0.032812 0.034926
1 0.200521 0.16682 0.0125 0.019301
1 0.46276 0.182445 0.029688 0.050551
1 0.009896 0.171875 0.019792 0.03125
1 0.498958 0.180147 0.034375 0.053309
1 0.142448 0.184743 0.022396 0.071691
1 0.533854 0.164062 0.015625 0.037684
1 0.193229 0.150735 0.025 0.023897
1 0.440365 0.177849 0.029688 0.08364
1 0.084375 0.151654 0.025 0.066176
