1 0.255469 0.480699 0.013021 0.027574
1 0.17474 0.484835 0.019271 0.054228
1 0.416406 0.454044 0.032812 0.055147
1 0.178385 0.444393 0.025521 0.046875
1 0.008854 0.445312 0.017708 0.050551
1 0.364062 0.438419 0.023958 0.053309
1 0.868229 0.431526 0.017708 0.039522
1 0.910156 0.424632 0.013021 0.027574
1 0.939583 0.432445 0.019792 0.043199
1 0.888542 0.435662 0.026042 0.053309
1 0.023438 0.431066 0.0375 0.064338
1 0.057812 0.423713 0.025 0.056985
1 0.847917 0.419577 0.032292 0.056066
1 0.459896 0.418658 0.046875 0.063419
1 0.210938 0.452665 0.063542 0.142463
1 0.551042 0.415441 0.045833 0.071691
1 0.401042 0.409926 0.035417 0.060662
1 0.096354 0.405331 0.030208 0.053309
1 0.153125 0.398897 0.015625 0.042279
1 0.213542 0.398438 0.046875 0.046875
1 0.298698 0.395221 0.035938 0.049632
1 0.326302 0.407169 0.041146 0.080882
1 0.733333 0.429688 0.042708 0.127757
1 0.354427 0.388327 0.019271 0.045037
1 0.780208 0.404871 0.057292 0.085478
1 0.673698 0.407629 0.023438 0.100184
1 0.698958 0.392923 0.019792 0.070772
1 0.227604 0.370864 0.027083 0.032169
1 0.266146 0.378676 0.026042 0.060662
1 0.5875 0.378217 0.025 0.061581
1 0.558594 0.279412 0.013021 0.018382
1 0.139844 0.207721 0.020312 0.060662
