1 0.208073 0.042279 0.036979 0.079044
1 0.966667 0.206342 0.040625 0.067096
1 0.086719 0.534007 0.025521 0.058824
1 0.166927 0.475643 0.008854 0.02114
1 0.208073 0.272518 0.047396 0.079963
1 0.331771 0.109375 0.008333 0.049632
1 0.490625 0.276195 0.021875 0.059743
1 0.445833 0.578585 0.029167 0.039522
1 0.538281 0.439338 0.026562 0.058824
1 0.557812 0.31204 0.029167 0.037684
1 0.503646 0.380055 0.010417 0.034007
1 0.536979 0.32261 0.085417 0.176471
1 0.522396 0.164062 0.011458 0.015625
1 0.608073 0.012868 0.011979 0.025735
1 0.634635 0.005974 0.013021 0.011949
1 0.702083 0.261949 0.023958 0.042279
1 0.654167 0.441636 0.041667 0.039522
1 0.776302 0.978401 0.014062 0.026654
1 0.906771 0.923713 0.013542 0.0625
0 0.384115 0.095129 0.025521 0.078125
1 0.348177 0.394301 0.088021 0.21875
1 0.504948 0.628217 0.066146 0.138787
1 0.594531 0.514246 0.138021 0.298713
1 0.639583 0.351562 0.05625 0.094669
