0 0.222656 0.591452 0.020312 0.032169
0 0.442448 0.532169 0.020312 0.044118
1 0.082812 0.524816 0.044792 0.088235
1 0.11875 0.506893 0.052083 0.079963
1 0.366406 0.491728 0.043229 0.060662
1 0.165104 0.503217 0.046875 0.085478
1 0.400521 0.46875 0.023958 0.053309
1 0.118229 0.472886 0.04375 0.061581
1 0.205469 0.491728 0.040104 0.113971
1 0.304167 0.461857 0.044792 0.057904
1 0.497135 0.477941 0.041146 0.104779
1 0.166406 0.441636 0.051562 0.050551
1 0.670052 0.442555 0.041146 0.067096
1 0.350521 0.470588 0.101042 0.128676
1 0.988542 0.407169 0.022917 0.047794
1 0.95 0.405331 0.021875 0.060662
1 0.708073 0.426471 0.055729 0.104779
1 0.532292 0.429688 0.063542 0.111213
1 0.865625 0.402114 0.046875 0.078125
1 0.644792 0.407629 0.042708 0.089154
1 0.751302 0.419577 0.063021 0.142463
1 0.917448 0.391544 0.061979 0.121324
1 0.878906 0.340993 0.027604 0.044118
