0 0.296354 0.397518 0.032292 0.122243
0 0.486198 0.544118 0.070312 0.044118
0 0.854948 0.746324 0.032812 0.075368
1 0.259635 0.323529 0.015104 0.036765
1 0.411458 0.088235 0.009375 0.016544
1 0.592448 0.0625 0.010938 0.018382
1 0.433854 0.203125 0.0125 0.011029
1 0.463281 0.235754 0.015104 0.019301
1 0.372917 0.350184 0.009375 0.018382
1 0.317708 0.466912 0.010417 0.029412
1 0.248958 0.566636 0.0125 0.017463
1 0.27474 0.703585 0.010938 0.019301
1 0.239583 0.800092 0.017708 0.019301
1 0.402344 0.596048 0.015104 0.024816
1 0.42526 0.640625 0.019271 0.023897
1 0.376302 0.638787 0.008854 0.040441
1 0.366146 0.929688 0.010417 0.022978
1 0.496615 0.391085 0.008854 0.015625
1 0.474219 0.965993 0.015104 0.009191
1 0.577604 0.994026 0.0125 0.011949
1 0.591406 0.991268 0.011979 0.017463
1 0.634375 0.847886 0.00625 0.024816
1 0.579167 0.730699 0.005208 0.025735
1 0.578385 0.67693 0.005729 0.026654
1 0.577604 0.566176 0.005208 0.027574
1 0.633333 0.587776 0.021875 0.034007
1 0.692708 0.29182 0.013542 0.030331
1 0.710156 0.26011 0.011979 0.016544
1 0.721615 0.481158 0.020312 0.022978
1 0.884115 0.615809 0.008854 0.029412
1 0.942448 0.679688 0.008854 0.030331
1 0.83776 0.828585 0.015104 0.022978
1 0.980469 0.94761 0.019271 0.025735
