0 0.760938 0.987592 0.022917 0.024816
1 0.773177 0.973346 0.008854 0.018382
1 0.826302 0.966912 0.011979 0.022059
1 0.218229 0.965993 0.059375 0.068015
1 0.46875 0.946691 0.029167 0.040441
1 0.738802 0.926471 0.015104 0.009191
1 0.701823 0.917279 0.008854 0.018382
1 0.559115 0.911765 0.007812 0.018382
1 0.785677 0.905331 0.008854 0.014706
0 0.166927 0.895221 0.015104 0.016544
1 0.130729 0.860754 0.010417 0.011949
1 0.141927 0.857537 0.008854 0.018382
1 0.797917 0.710938 0.014583 0.028493
1 0.163802 0.697151 0.006771 0.019301
1 0.340104 0.69761 0.007292 0.029412
1 0.738802 0.728401 0.028646 0.120404
0 0.598698 0.681985 0.017188 0.03125
1 0.568229 0.665441 0.009375 0.025735
1 0.238281 0.652574 0.011979 0.012868
0 0.063281 0.640165 0.035938 0.037684
1 0.91224 0.560662 0.009896 0.012868
1 0.050521 0.573529 0.022917 0.058824
1 0.28724 0.47932 0.013021 0.054228
1 0.053646 0.442096 0.007292 0.018382
1 0.490365 0.482996 0.089062 0.113051
1 0.473958 0.439798 0.0125 0.030331
0 0.461719 0.425092 0.023438 0.034007
1 0.601823 0.37546 0.013021 0.019301
0 0.97474 0.368566 0.030729 0.044118
1 0.876823 0.339154 0.009896 0.018382
1 0.467969 0.328125 0.010938 0.012868
1 0.695312 0.315717 0.010417 0.019301
1 0.447396 0.30193 0.007292 0.019301
1 0.421094 0.259191 0.011979 0.011029
0 0.38125 0.26057 0.017708 0.045037
1 0.178906 0.226103 0.013021 0.018382
1 0.582812 0.22886 0.030208 0.053309
0 0.84375 0.133272 0.017708 0.033088
1 0.706771 0.120864 0.011458 0.015625
1 0.128385 0.121324 0.006771 0.022059
1 0.579427 0.102022 0.013021 0.011029
1 0.676302 0.088235 0.013021 0.012868
1 0.74974 0.051471 0.043229 0.079044
0 0.248698 0.005055 0.015104 0.01011
