1 0.132812 0.46829 0.045833 0.05239
1 0.082552 0.449908 0.035938 0.039522
1 0.296094 0.465533 0.047396 0.074449
1 0.264062 0.463695 0.020833 0.081801
1 0.485938 0.459559 0.038542 0.073529
1 0.31849 0.441636 0.010938 0.039522
1 0.409375 0.455882 0.026042 0.069853
1 0.74974 0.440717 0.036979 0.046875
1 0.355729 0.460018 0.033333 0.087316
1 0.536719 0.436121 0.043229 0.045037
1 0.188802 0.455882 0.033854 0.088235
1 0.103906 0.463695 0.025521 0.109375
1 0.45651 0.435202 0.043229 0.05239
1 0.059635 0.448529 0.049479 0.079044
1 0.148958 0.4375 0.042708 0.068015
1 0.33151 0.432904 0.016146 0.066176
1 0.771094 0.409007 0.013021 0.029412
1 0.573958 0.420037 0.027083 0.053309
1 0.42474 0.424632 0.024479 0.071691
1 0.592708 0.422335 0.032292 0.070772
1 0.230208 0.440717 0.060417 0.109375
1 0.385156 0.418658 0.025521 0.074449
1 0.720052 0.400735 0.025521 0.042279
1 0.979688 0.397978 0.03125 0.036765
1 0.62526 0.414062 0.053646 0.087316
1 0.644792 0.402114 0.028125 0.070772
1 0.734375 0.386949 0.026042 0.047794
1 0.696875 0.403033 0.026042 0.08364
1 0.528906 0.390625 0.058854 0.064338
1 0.770312 0.388327 0.051042 0.059743
1 0.809896 0.402114 0.034375 0.092831
1 0.909115 0.384651 0.029688 0.068934
1 0.707812 0.351562 0.026042 0.032169
1 0.971354 0.359375 0.057292 0.075368
1 0.851823 0.370864 0.051562 0.107537
