1 0.74375 0.452206 0.0125 0.011029
1 0.335938 0.428309 0.011458 0.016544
1 0.906771 0.409926 0.0125 0.012868
1 0.716667 0.41636 0.010417 0.029412
1 0.41276 0.40579 0.011979 0.026654
1 0.968229 0.403493 0.014583 0.027574
1 0.95026 0.413143 0.027604 0.054228
1 0.65625 0.392004 0.011458 0.011949
1 0.479948 0.402574 0.011979 0.038603
1 0.988021 0.390625 0.009375 0.018382
1 0.352604 0.387408 0.015625 0.022978
1 0.58099 0.388327 0.008854 0.032169
1 0.458073 0.38511 0.016146 0.033088
1 0.394792 0.380055 0.017708 0.022978
1 0.102604 0.377757 0.009375 0.018382
1 0.854948 0.383732 0.009896 0.032169
1 0.846875 0.355699 0.011458 0.011029
1 0.477344 0.366728 0.019271 0.033088
1 0.564583 0.348346 0.0125 0.022059
1 0.305469 0.34421 0.009896 0.017463
1 0.51901 0.376379 0.059896 0.08364
1 0.243229 0.341912 0.007292 0.018382
1 0.13151 0.356618 0.043229 0.073529
1 0.085938 0.339154 0.032292 0.053309
1 0.344531 0.315717 0.009896 0.015625
1 0.453125 0.341912 0.073958 0.075368
1 0.146875 0.322151 0.027083 0.039522
1 0.015104 0.304228 0.030208 0.058824
1 0.392188 0.292279 0.020833 0.047794
1 0.276042 0.257812 0.009375 0.013787
