1 0.895312 0.991268 0.020833 0.017463
1 0.933073 0.988051 0.021354 0.023897
1 0.972135 0.964154 0.055729 0.071691
1 0.103125 0.538143 0.0625 0.067096
1 0.2625 0.519301 0.027083 0.068015
1 0.217188 0.514706 0.05 0.075368
1 0.025781 0.543199 0.051562 0.145221
1 0.31849 0.482996 0.050521 0.059743
1 0.39349 0.493107 0.028646 0.087316
1 0.360938 0.484835 0.042708 0.105699
1 0.42474 0.475643 0.043229 0.102022
1 0.698698 0.449908 0.053646 0.054228
1 0.734635 0.438879 0.024479 0.035846
1 0.458073 0.47886 0.041146 0.147059
1 0.544271 0.443474 0.069792 0.113051
1 0.657812 0.403952 0.05 0.037684
1 0.630469 0.417279 0.046354 0.091912
1 0.751823 0.398438 0.036979 0.079963
1 0.703906 0.402574 0.065104 0.09375
1 0.873438 0.382353 0.03125 0.080882
1 0.799479 0.397978 0.076042 0.115809
1 0.97474 0.383732 0.050521 0.094669
1 0.952083 0.363971 0.040625 0.060662
