1 0.111719 0.634651 0.006771 0.076287
1 0.072396 0.677849 0.0375 0.028493
1 0.042708 0.657169 0.040625 0.064338
1 0.451042 0.050551 0.015625 0.014706
1 0.517448 0.272518 0.019271 0.024816
1 0.65026 0.286765 0.009896 0.040441
1 0.902604 0.113971 0.025 0.022059
1 0.934375 0.162684 0.020833 0.027574
1 0.948438 0.223805 0.020833 0.013787
1 0.955469 0.877757 0.033854 0.060662
1 0.713542 0.889246 0.011458 0.050551
1 0.648177 0.920956 0.022396 0.023897
1 0.642188 0.880974 0.009375 0.02114
1 0.513021 0.972426 0.0125 0.03125
1 0.292969 0.907169 0.036979 0.012868
0 0.568229 0.619485 0.0875 0.132353
0 0.485938 0.449449 0.1 0.051471
1 0.079427 0.022978 0.015104 0.022059
