0 0.497656 0.04182 0.039062 0.08364
1 0.04401 0.633732 0.027604 0.030331
1 0.023177 0.600643 0.011979 0.035846
1 0.147656 0.608915 0.047396 0.057904
1 0.091406 0.731618 0.015104 0.018382
1 0.18151 0.686581 0.011979 0.022059
1 0.190625 0.624081 0.008333 0.034926
1 0.184115 0.590074 0.009896 0.014706
1 0.163021 0.45864 0.028125 0.022059
1 0.20599 0.49954 0.016146 0.015625
1 0.280208 0.806066 0.021875 0.033088
1 0.355208 0.667739 0.00625 0.02114
1 0.45625 0.637408 0.017708 0.037684
1 0.422135 0.536765 0.006771 0.022059
1 0.404167 0.362132 0.035417 0.029412
1 0.446354 0.144761 0.0125 0.01011
1 0.471094 0.242188 0.008854 0.034007
1 0.534375 0.250919 0.008333 0.027574
1 0.670573 0.12454 0.019271 0.056066
1 0.634115 0.233456 0.013021 0.049632
1 0.583333 0.40625 0.017708 0.014706
1 0.592969 0.54182 0.017188 0.039522
1 0.636719 0.461857 0.009896 0.019301
1 0.636979 0.297794 0.014583 0.033088
1 0.646615 0.459099 0.007812 0.022978
1 0.776302 0.466912 0.023438 0.027574
0 0.734635 0.779412 0.064062 0.102941
0 0.485156 0.40579 0.094271 0.078125
0 0.43099 0.70818 0.031771 0.08364
0 0.954688 0.877757 0.055208 0.077206
1 0.007031 0.147059 0.014062 0.009191
1 0.052344 0.130515 0.019271 0.029412
1 0.042969 0.05193 0.009896 0.032169
1 0.970052 0.005515 0.015104 0.011029
1 0.713021 0.71829 0.010417 0.017463
1 0.501302 0.973346 0.010938 0.014706
