0 0.465625 0.420496 0.066667 0.111213
0 0.527865 0.625919 0.083854 0.090074
0 0.164323 0.456342 0.059896 0.147978
0 0.646354 0.773438 0.0625 0.190257
1 0.044792 0.588235 0.0125 0.011029
1 0.073698 0.537224 0.006771 0.04136
1 0.114844 0.347886 0.016146 0.022978
1 0.151562 0.522518 0.026042 0.008272
1 0.165625 0.710478 0.016667 0.014706
1 0.211458 0.460018 0.00625 0.032169
1 0.240104 0.407629 0.010417 0.02114
1 0.290885 0.604779 0.013021 0.049632
1 0.352083 0.961857 0.008333 0.039522
1 0.433073 0.681066 0.016146 0.03125
1 0.486719 0.561121 0.004688 0.032169
1 0.328906 0.240349 0.007812 0.057904
1 0.269271 0.089154 0.008333 0.018382
1 0.36849 0.178768 0.015104 0.02114
1 0.448958 0.153952 0.011458 0.043199
1 0.482031 0.073529 0.009896 0.018382
1 0.922135 0.026654 0.010938 0.023897
1 0.91901 0.261949 0.013021 0.018382
1 0.797917 0.226103 0.007292 0.018382
1 0.740885 0.209099 0.007812 0.019301
1 0.765104 0.350643 0.014583 0.013787
1 0.625521 0.636489 0.010417 0.026654
1 0.578125 0.944853 0.00625 0.03125
1 0.772396 0.777574 0.015625 0.029412
1 0.841406 0.829504 0.017188 0.039522
1 0.833333 0.974265 0.009375 0.038603
1 0.854688 0.97886 0.013542 0.036765
1 0.870052 0.986213 0.008854 0.018382
0 0.966146 0.986213 0.01875 0.027574
