1 0.171615 0.029871 0.061979 0.059743
1 0.24974 0.130974 0.027604 0.011949
1 0.108854 0.68796 0.057292 0.107537
1 0.232812 0.647518 0.029167 0.061581
1 0.221354 0.712776 0.022917 0.019301
1 0.467969 0.785846 0.025521 0.029412
1 0.486979 0.929228 0.054167 0.056985
1 0.814062 0.45864 0.022917 0.03125
1 0.98125 0.466912 0.0375 0.034926
1 0.533073 0.308364 0.150521 0.337316
1 0.882292 0.100643 0.1 0.142463
1 0.638542 0.675092 0.034375 0.061581
1 0.510156 0.462776 0.015104 0.024816
1 0.959375 0.035386 0.027083 0.070772
1 0.076562 0.551471 0.020833 0.025735
