1 0.084115 0.840533 0.008854 0.015625
0 0.608854 0.807904 0.023958 0.045956
1 0.344531 0.737132 0.008854 0.016544
1 0.73151 0.738051 0.024479 0.033088
1 0.05599 0.634651 0.009896 0.02114
0 0.961198 0.579044 0.017188 0.036765
1 0.04349 0.54136 0.021354 0.051471
0 0.490104 0.527574 0.030208 0.060662
1 0.03724 0.486213 0.025521 0.036765
1 0.889844 0.453125 0.013021 0.014706
0 0.003385 0.399816 0.006771 0.03125
1 0.915625 0.341912 0.034375 0.027574
1 0.719531 0.316176 0.039062 0.053309
0 0.867969 0.309743 0.021354 0.051471
1 0.661719 0.267923 0.014062 0.017463
0 0.389323 0.263327 0.033854 0.056066
1 0.752865 0.125919 0.016146 0.03125
1 0.789844 0.096967 0.013021 0.017463
1 0.284115 0.077206 0.033854 0.053309
1 0.698698 0.057445 0.007812 0.028493
0 0.732031 0.034007 0.011979 0.034926
0 0.309896 0.025276 0.032292 0.035846
