1 0.370312 0.986213 0.010417 0.016544
1 0.313802 0.90671 0.005729 0.037684
1 0.91276 0.845129 0.014062 0.011949
1 0.407031 0.825827 0.059896 0.094669
1 0.316667 0.761949 0.033333 0.045956
1 0.822656 0.745404 0.024479 0.023897
1 0.763542 0.755515 0.017708 0.047794
1 0.663281 0.752757 0.009896 0.042279
1 0.342188 0.727482 0.011458 0.011949
1 0.325781 0.714614 0.011979 0.015625
1 0.335156 0.683824 0.007812 0.022059
1 0.704427 0.674173 0.010938 0.022978
1 0.43776 0.665901 0.023438 0.043199
1 0.939583 0.640625 0.01875 0.025735
1 0.922396 0.626838 0.010417 0.020221
1 0.032812 0.621324 0.029167 0.011029
1 0.107031 0.626379 0.014062 0.028493
1 0.540885 0.662224 0.059896 0.118566
1 0.619792 0.618566 0.0125 0.040441
1 0.298177 0.605699 0.013021 0.022059
1 0.9125 0.590074 0.014583 0.011029
1 0.571354 0.570772 0.016667 0.033088
1 0.207552 0.552849 0.006771 0.019301
1 0.50026 0.54182 0.014062 0.022978
1 0.830208 0.519761 0.015625 0.008272
1 0.707031 0.52068 0.010938 0.022978
0 0.030729 0.526654 0.016667 0.034926
0 0.122656 0.484375 0.015104 0.022059
1 0.559635 0.456801 0.024479 0.012868
0 0.326562 0.453585 0.01875 0.035846
0 0.486719 0.451287 0.026562 0.058824
0 0.651823 0.433364 0.025521 0.030331
1 0.170312 0.365809 0.014583 0.014706
1 0.296875 0.360754 0.013542 0.02114
1 0.253646 0.349724 0.009375 0.013787
1 0.294792 0.316176 0.027083 0.049632
1 0.246615 0.306526 0.030729 0.035846
1 0.64375 0.263327 0.008333 0.015625
1 0.165104 0.259191 0.014583 0.012868
1 0.264323 0.17693 0.008854 0.026654
1 0.045573 0.123621 0.014062 0.026654
1 0.958594 0.077665 0.013021 0.011949
1 0.934375 0.036765 0.014583 0.012868
1 0.897917 0.035386 0.009375 0.015625
