1 0.633854 0.994485 0.021875 0.011029
1 0.559896 0.991728 0.019792 0.016544
1 0.986979 0.988051 0.016667 0.023897
1 0.735938 0.97932 0.015625 0.04136
1 0.819531 0.976103 0.045312 0.047794
1 0.780469 0.975184 0.021354 0.049632
1 0.920312 0.974265 0.032292 0.051471
1 0.842969 0.966452 0.040104 0.067096
1 0.973177 0.959099 0.053646 0.068934
1 0.88151 0.95864 0.042188 0.073529
1 0.929427 0.931985 0.043229 0.073529
1 0.064583 0.542279 0.00625 0.023897
1 0.022135 0.524357 0.017188 0.037684
1 0.141146 0.502757 0.023958 0.045956
1 0.11849 0.497243 0.028646 0.051471
1 0.108594 0.485294 0.028646 0.038603
1 0.192188 0.48943 0.028125 0.046875
1 0.085677 0.492647 0.025521 0.0625
1 0.209115 0.486213 0.031771 0.051471
1 0.057031 0.484835 0.042188 0.059743
1 0.350521 0.457721 0.027083 0.022059
1 0.285677 0.474265 0.026562 0.056985
1 0.25026 0.475184 0.017188 0.066176
1 0.033594 0.480699 0.018229 0.082721
1 0.225 0.462316 0.015625 0.045956
1 0.317969 0.455882 0.021354 0.049632
1 0.453906 0.449908 0.036979 0.05239
1 0.236458 0.448529 0.017708 0.053309
1 0.37474 0.436121 0.024479 0.030331
1 0.329167 0.44761 0.021875 0.058824
1 0.509635 0.435662 0.021354 0.044118
1 0.410156 0.43704 0.020312 0.056066
1 0.464323 0.422794 0.028646 0.036765
1 0.553646 0.430607 0.028125 0.057904
1 0.48724 0.426471 0.022396 0.055147
1 0.395833 0.418658 0.017708 0.046875
1 0.444271 0.410386 0.023958 0.05239
1 0.578125 0.409926 0.029167 0.055147
1 0.538542 0.405331 0.028125 0.055147
1 0.59375 0.37546 0.020833 0.039522
1 0.91276 0.366268 0.036979 0.034007
1 0.688281 0.365349 0.015104 0.032169
1 0.759375 0.359375 0.03125 0.03125
1 0.650781 0.365809 0.024479 0.055147
1 0.623958 0.367647 0.028125 0.058824
1 0.671094 0.362592 0.022396 0.05239
1 0.869792 0.36443 0.041667 0.059743
1 0.889583 0.340533 0.007292 0.024816
1 0.729167 0.361213 0.030208 0.077206
1 0.795052 0.335478 0.028646 0.056985
1 0.840104 0.330882 0.029167 0.051471
1 0.953906 0.328585 0.077604 0.063419
1 0.891406 0.300551 0.023438 0.042279
