1 0.226302 0.363511 0.067188 0.19761
0 0.198438 0.808824 0.021875 0.022059
0 0.05625 0.962776 0.027083 0.074449
1 0.308854 0.83364 0.117708 0.240809
0 0.39401 0.632812 0.044271 0.039522
0 0.538802 0.195772 0.030729 0.038603
1 0.640365 0.274816 0.065104 0.044118
1 0.755729 0.419577 0.111458 0.170037
1 0.83099 0.500919 0.032812 0.102941
1 0.867188 0.443934 0.059375 0.042279
1 0.884896 0.224724 0.079167 0.118566
1 0.853646 0.862592 0.0375 0.076287
0 0.896094 0.847426 0.036979 0.042279
1 0.125 0.19807 0.017708 0.037684
1 0.111458 0.742188 0.121875 0.199449
1 0.08125 0.679688 0.046875 0.074449
1 0.25625 0.601562 0.021875 0.046875
1 0.367188 0.495404 0.009375 0.025735
1 0.384115 0.480239 0.008854 0.028493
1 0.414062 0.212316 0.004167 0.064338
1 0.764323 0.793199 0.111979 0.211397
0 0.535938 0.493107 0.059375 0.149816
1 0.309635 0.234835 0.131771 0.171875
1 0.473958 0.842831 0.0375 0.101103
