0 0.438021 0.533088 0.057292 0.231618
1 0.503906 0.702665 0.052604 0.087316
1 0.214062 0.93704 0.080208 0.076287
1 0.628125 0.420956 0.046875 0.101103
1 0.739583 0.639246 0.023958 0.05239
1 0.829167 0.382353 0.028125 0.058824
1 0.904167 0.600184 0.0375 0.034926
1 0.902344 0.654871 0.032812 0.04136
0 0.522917 0.378676 0.148958 0.204044
0 0.899479 0.336397 0.079167 0.205882
1 0.86901 0.424173 0.027604 0.035846
1 0.828125 0.50046 0.020833 0.035846
1 0.96276 0.631893 0.020312 0.028493
1 0.794271 0.863051 0.036458 0.053309
