0 0.590625 0.34375 0.166667 0.284926
0 0.419792 0.396599 0.123958 0.296875
0 0.347917 0.085938 0.139583 0.171875
0 0.560417 0.17739 0.065625 0.137868
0 0.805729 0.175092 0.052083 0.087316
1 0.013542 0.059283 0.013542 0.024816
1 0.048438 0.074449 0.027083 0.012868
0 0.109375 0.047335 0.030208 0.094669
1 0.184115 0.018842 0.018229 0.030331
1 0.515104 0.814338 0.015625 0.014706
1 0.529688 0.878676 0.00625 0.022059
1 0.989062 0.914062 0.019792 0.02114
1 0.789062 0.862592 0.008333 0.028493
1 0.69401 0.336397 0.010938 0.033088
1 0.565365 0.035386 0.008854 0.028493
1 0.58776 0.017004 0.005729 0.02114
1 0.647135 0.061121 0.009896 0.037684
1 0.714844 0.217831 0.008854 0.029412
1 0.885938 0.054228 0.01875 0.023897
1 0.83724 0.560662 0.013021 0.040441
1 0.946615 0.568474 0.005729 0.022978
1 0.965625 0.509651 0.00625 0.026654
