1 0.311719 0.105239 0.134896 0.210478
1 0.143229 0.100184 0.11875 0.200368
1 0.554948 0.171875 0.206771 0.34375
1 0.013802 0.45818 0.022396 0.057904
1 0.051823 0.488511 0.006771 0.059743
1 0.835417 0.160846 0.072917 0.055147
1 0.902865 0.255055 0.007812 0.05239
1 0.915104 0.991728 0.028125 0.016544
1 0.844531 0.790441 0.058854 0.025735
1 0.809115 0.618107 0.024479 0.032169
1 0.698958 0.662224 0.0625 0.04136
1 0.100521 0.645221 0.172917 0.275735
1 0.189323 0.764246 0.188021 0.392463
1 0.185156 0.977482 0.006771 0.045037
1 0.224479 0.877757 0.010417 0.014706
