1 0.16849 0.543658 0.028646 0.026654
1 0.134115 0.387868 0.014062 0.016544
1 0.145573 0.157169 0.007812 0.022059
1 0.305208 0.382812 0.013542 0.015625
1 0.342188 0.33318 0.011458 0.011949
1 0.379427 0.142004 0.011979 0.015625
1 0.496094 0.007353 0.010938 0.014706
1 0.39349 0.436121 0.007812 0.017463
1 0.434635 0.450368 0.015104 0.012868
1 0.40651 0.609375 0.008854 0.020221
1 0.475521 0.348805 0.007292 0.039522
1 0.527865 0.386029 0.008854 0.016544
1 0.602083 0.064338 0.00625 0.027574
1 0.698438 0.143382 0.007292 0.018382
1 0.695312 0.234375 0.016667 0.009191
1 0.733333 0.104779 0.0125 0.022059
1 0.950781 0.223346 0.013021 0.011029
1 0.936198 0.32307 0.013021 0.022978
1 0.632031 0.723346 0.011979 0.014706
1 0.763281 0.53171 0.015104 0.011949
1 0.773177 0.558364 0.008854 0.017463
1 0.813542 0.546415 0.0125 0.015625
1 0.905208 0.62454 0.013542 0.01011
1 0.965885 0.699908 0.008854 0.02114
0 0.932552 0.805147 0.030729 0.090074
0 0.503125 0.514246 0.0375 0.030331
1 0.061458 0.324449 0.0125 0.012868
1 0.173177 0.301471 0.016146 0.020221
1 0.782031 0.870864 0.023438 0.022978
