1 0.278125 0.931526 0.04375 0.050551
0 0.061719 0.768382 0.024479 0.040441
1 0.558594 0.743107 0.018229 0.01011
0 0.20625 0.667739 0.010417 0.015625
1 0.56224 0.665441 0.028646 0.011029
1 0.704948 0.577665 0.007812 0.017463
1 0.702083 0.565257 0.025 0.053309
0 0.354167 0.561121 0.03125 0.054228
0 0.471354 0.471967 0.038542 0.081801
0 0.610156 0.384191 0.038021 0.073529
0 0.759115 0.273897 0.025521 0.077206
0 0.891667 0.170496 0.041667 0.061581
0 0.036719 0.099724 0.018229 0.039522
0 0.173698 0.017004 0.019271 0.028493
