1 0.740104 0.974265 0.020833 0.034926
1 0.555729 0.975184 0.011458 0.036765
1 0.973438 0.950827 0.042708 0.061581
1 0.176562 0.928768 0.01875 0.017463
1 0.615885 0.948989 0.059896 0.102022
1 0.967969 0.895221 0.009896 0.025735
1 0.434375 0.870404 0.011458 0.033088
1 0.191667 0.863971 0.01875 0.025735
0 0.138281 0.847886 0.018229 0.028493
1 0.072917 0.82307 0.01875 0.026654
0 0.009115 0.807904 0.013021 0.045956
1 0.760938 0.840993 0.041667 0.113971
1 0.17474 0.787684 0.013021 0.011029
1 0.936458 0.751838 0.009375 0.020221
1 0.885417 0.711397 0.010417 0.014706
1 0.698698 0.685662 0.007812 0.025735
1 0.504948 0.674173 0.072396 0.138787
1 0.569531 0.61489 0.044271 0.066176
1 0.590365 0.648897 0.117188 0.150735
1 0.351823 0.565717 0.021354 0.039522
1 0.652604 0.651654 0.069792 0.255515
1 0.9625 0.460938 0.007292 0.02114
1 0.242188 0.441176 0.0125 0.012868
1 0.094792 0.40625 0.014583 0.023897
1 0.632292 0.392923 0.01875 0.02114
1 0.444271 0.411765 0.039583 0.077206
1 0.785417 0.352482 0.01875 0.01011
1 0.615625 0.352022 0.00625 0.025735
1 0.249219 0.348346 0.017188 0.049632
1 0.88724 0.56204 0.225521 0.504596
1 0.285938 0.286305 0.016667 0.015625
1 0.074479 0.268842 0.011458 0.01011
1 0.467448 0.293658 0.020312 0.076287
1 0.770833 0.26011 0.0125 0.020221
1 0.283073 0.252757 0.008854 0.014706
1 0.497135 0.244026 0.010938 0.019301
1 0.385417 0.27114 0.063542 0.104779
1 0.348438 0.228401 0.025 0.026654
1 0.114323 0.251379 0.041146 0.08364
0 0.714844 0.21829 0.009896 0.034007
1 0.268229 0.201746 0.007292 0.017463
1 0.397917 0.15671 0.020833 0.045037
1 0.067708 0.129136 0.009375 0.017463
1 0.373698 0.188419 0.092188 0.152574
1 0.902604 0.158548 0.110417 0.17739
1 0.513281 0.073989 0.009896 0.013787
1 0.495833 0.078585 0.019792 0.054228
1 0.714844 0.058364 0.011979 0.02114
1 0.44349 0.008732 0.007812 0.017463
1 0.417708 0.025276 0.027083 0.050551
