1 0.972656 0.953125 0.054688 0.09375
1 0.938021 0.767463 0.011458 0.022059
1 0.897396 0.792739 0.020833 0.081801
1 0.889844 0.722886 0.031771 0.008272
1 0.42474 0.650735 0.009896 0.018382
1 0.798698 0.544118 0.032812 0.016544
1 0.546094 0.548254 0.016146 0.026654
1 0.958854 0.520221 0.082292 0.036765
1 0.515365 0.501379 0.008854 0.028493
1 0.49349 0.44761 0.107812 0.165441
1 0.669531 0.345129 0.028646 0.120404
1 0.973177 0.258732 0.053646 0.078125
1 0.966927 0.321691 0.055729 0.209559
1 0.441927 0.276195 0.046354 0.120404
1 0.639844 0.09329 0.017188 0.046875
1 0.786198 0.026195 0.011979 0.034007
1 0.948438 0.120404 0.103125 0.240809
1 0.904427 0.013327 0.038021 0.026654
1 0.86224 0.116728 0.094271 0.233456
