1 0.041146 0.442096 0.007292 0.020221
1 0.113542 0.3125 0.011458 0.029412
1 0.15 0.079504 0.009375 0.017463
1 0.234375 0.131434 0.007292 0.03125
1 0.288281 0.199449 0.013021 0.016544
1 0.279688 0.515165 0.016667 0.030331
1 0.559375 0.616728 0.029167 0.011029
1 0.597396 0.425551 0.025 0.009191
1 0.603906 0.402114 0.016146 0.017463
1 0.625 0.491268 0.009375 0.032169
1 0.679688 0.551011 0.022917 0.01011
1 0.74974 0.470129 0.023438 0.050551
1 0.745833 0.836857 0.010417 0.011949
1 0.677083 0.871324 0.014583 0.016544
1 0.613802 0.887408 0.003646 0.034007
1 0.53125 0.741268 0.028125 0.032169
1 0.507292 0.882812 0.014583 0.032169
1 0.4875 0.778033 0.005208 0.030331
1 0.438802 0.773438 0.027604 0.01011
1 0.307031 0.943474 0.025521 0.017463
1 0.136458 0.679228 0.009375 0.022059
1 0.111458 0.672335 0.014583 0.011949
1 0.102604 0.647059 0.029167 0.029412
1 0.033073 0.650276 0.020312 0.017463
1 0.11875 0.690257 0.011458 0.014706
1 0.11875 0.73989 0.015625 0.027574
1 0.053385 0.863051 0.018229 0.011029
1 0.103385 0.917279 0.009896 0.016544
0 0.5125 0.528033 0.060417 0.157169
0 0.5375 0.689338 0.061458 0.119485
0 0.433594 0.335478 0.035938 0.0625
0 0.335677 0.058364 0.023438 0.116728
0 0.218229 0.617647 0.035417 0.047794
