0 0.544531 0.199908 0.082812 0.27114
0 0.614062 0.424632 0.113542 0.172794
1 0.167188 0.779871 0.009375 0.019301
1 0.157812 0.43704 0.0125 0.019301
1 0.221875 0.171415 0.01875 0.011949
1 0.421094 0.358915 0.014062 0.015625
1 0.335417 0.535846 0.014583 0.014706
1 0.401042 0.832261 0.007292 0.017463
1 0.417708 0.814798 0.00625 0.019301
1 0.575 0.595129 0.011458 0.019301
1 0.483333 0.724265 0.010417 0.014706
1 0.55026 0.736213 0.010938 0.016544
1 0.573698 0.899816 0.009896 0.012868
1 0.588281 0.800551 0.017188 0.014706
1 0.641667 0.663143 0.007292 0.02114
1 0.682812 0.78125 0.013542 0.014706
1 0.746875 0.81204 0.011458 0.019301
1 0.754427 0.869026 0.014062 0.015625
1 0.746615 0.897978 0.011979 0.03125
1 0.94401 0.837316 0.015104 0.038603
1 0.896094 0.701287 0.015104 0.009191
1 0.921875 0.575368 0.009375 0.016544
1 0.65625 0.254596 0.009375 0.012868
1 0.796094 0.079044 0.008854 0.016544
1 0.905469 0.073529 0.008854 0.022059
