1 0.975781 0.431066 0.014062 0.014706
1 0.148177 0.443015 0.026562 0.045956
1 0.940885 0.426011 0.035938 0.061581
1 0.965104 0.403033 0.015625 0.028493
1 0.591406 0.420037 0.035938 0.064338
1 0.671615 0.41682 0.019271 0.057904
1 0.74974 0.425092 0.047396 0.087316
1 0.796354 0.409926 0.035417 0.0625
1 0.492448 0.40625 0.040104 0.056985
1 0.833854 0.393382 0.021875 0.03125
1 0.107292 0.392004 0.029167 0.035846
1 0.345052 0.402574 0.023438 0.058824
1 0.034896 0.398438 0.028125 0.050551
1 0.325521 0.394761 0.01875 0.045037
1 0.521615 0.389246 0.024479 0.037684
1 0.645573 0.39614 0.029688 0.053309
1 0.688802 0.392004 0.021354 0.045037
1 0.907552 0.405331 0.040104 0.073529
1 0.713542 0.39568 0.017708 0.054228
1 0.441927 0.39614 0.018229 0.055147
1 0.052344 0.392463 0.021354 0.049632
1 0.602083 0.394761 0.030208 0.056066
1 0.279948 0.384651 0.022396 0.037684
1 0.409115 0.396599 0.024479 0.063419
1 0.563802 0.394761 0.023438 0.067096
1 0.3875 0.390625 0.019792 0.064338
1 0.140885 0.393382 0.036979 0.069853
1 0.542188 0.383732 0.023958 0.05239
1 0.583333 0.379136 0.021875 0.045037
1 0.222396 0.397059 0.039583 0.088235
1 0.19349 0.376838 0.041146 0.051471
1 0.417708 0.367188 0.019792 0.037684
1 0.264062 0.395221 0.022917 0.09375
1 0.014062 0.371783 0.028125 0.070772
1 0.064323 0.354779 0.033854 0.053309
