1 0.857292 0.96875 0.060417 0.0625
1 0.1125 0.949908 0.020833 0.04136
1 0.329427 0.954504 0.083854 0.090993
1 0.759115 0.859375 0.008854 0.016544
1 0.628906 0.80193 0.013021 0.022978
1 0.686979 0.79182 0.014583 0.030331
1 0.257552 0.77114 0.049479 0.066176
1 0.432812 0.631434 0.017708 0.058824
1 0.100521 0.572151 0.065625 0.096507
1 0.507031 0.506893 0.067188 0.144301
1 0.463021 0.434743 0.016667 0.027574
1 0.529688 0.430607 0.005208 0.028493
1 0.807812 0.21829 0.009375 0.019301
1 0.224479 0.175551 0.013542 0.027574
1 0.276823 0.016544 0.014062 0.025735
