1 0.094271 0.471048 0.048958 0.067096
1 0.173958 0.465074 0.039583 0.060662
1 0.590625 0.454504 0.04375 0.05239
1 0.690104 0.436581 0.015625 0.040441
1 0.415104 0.43704 0.033333 0.04136
1 0.141927 0.443015 0.039062 0.055147
1 0.777604 0.441176 0.032292 0.055147
1 0.555208 0.455423 0.038542 0.08364
1 0.954688 0.442555 0.051042 0.061581
1 0.728906 0.441636 0.051562 0.063419
1 0.379167 0.438879 0.045833 0.059743
1 0.511979 0.451287 0.041667 0.088235
1 0.070312 0.451287 0.046875 0.091912
1 0.322135 0.444393 0.070312 0.098346
1 0.247396 0.430147 0.055208 0.071691
1 0.45625 0.432904 0.067708 0.082721
1 0.828646 0.420956 0.046875 0.0625
1 0.214844 0.440257 0.025521 0.102941
1 0.854167 0.431526 0.027083 0.087316
1 0.605469 0.421415 0.033854 0.067096
1 0.123438 0.421415 0.048958 0.070772
1 0.017969 0.42739 0.035938 0.106618
1 0.660417 0.431985 0.057292 0.117647
1 0.347917 0.390165 0.053125 0.043199
1 0.78099 0.392004 0.032812 0.061581
