1 0.655729 0.982996 0.008333 0.017463
1 0.88724 0.961397 0.006771 0.020221
1 0.535938 0.951746 0.014583 0.028493
1 0.869271 0.938879 0.010417 0.02114
1 0.346615 0.921415 0.016146 0.022978
1 0.671094 0.89568 0.008854 0.028493
1 0.540885 0.873162 0.009896 0.012868
1 0.23125 0.874081 0.007292 0.016544
1 0.15625 0.836397 0.008333 0.018382
1 0.502604 0.816176 0.007292 0.022059
1 0.527344 0.775735 0.009896 0.022059
1 0.872135 0.759651 0.008854 0.019301
1 0.180469 0.722426 0.008854 0.016544
1 0.661198 0.673713 0.008854 0.022059
1 0.97474 0.667739 0.010938 0.013787
1 0.538542 0.653493 0.011458 0.022059
1 0.684896 0.649357 0.013542 0.022978
1 0.459375 0.640165 0.009375 0.015625
1 0.576562 0.568474 0.008333 0.015625
1 0.832552 0.568015 0.010938 0.027574
1 0.608594 0.556526 0.006771 0.019301
1 0.542969 0.542279 0.009896 0.023897
1 0.127604 0.532169 0.010417 0.027574
1 0.873698 0.511949 0.009896 0.014706
1 0.752344 0.501379 0.011979 0.02114
1 0.658854 0.45818 0.023958 0.024816
1 0.832812 0.454044 0.008333 0.025735
1 0.988021 0.433824 0.009375 0.020221
1 0.485156 0.429688 0.008854 0.022978
1 0.904427 0.422335 0.010938 0.011949
1 0.416927 0.398438 0.008854 0.019301
1 0.614062 0.36489 0.009375 0.023897
1 0.392188 0.360754 0.011458 0.022978
1 0.996354 0.231618 0.007292 0.018382
1 0.592708 0.220588 0.008333 0.020221
1 0.353125 0.212316 0.009375 0.012868
1 0.344792 0.202206 0.010417 0.020221
1 0.83151 0.190257 0.006771 0.022059
1 0.950521 0.179228 0.008333 0.016544
1 0.802083 0.177849 0.00625 0.02114
1 0.517188 0.064338 0.008333 0.016544
1 0.504167 0.044118 0.010417 0.022059
1 0.433333 0.015625 0.008333 0.016544
