1 0.907031 0.500919 0.034896 0.055147
1 0.50625 0.488051 0.013542 0.045956
1 0.864844 0.51011 0.055729 0.101103
1 0.96875 0.495404 0.027083 0.079044
1 0.733594 0.503217 0.049479 0.105699
1 0.69349 0.480699 0.051562 0.0625
1 0.111719 0.498162 0.064062 0.101103
1 0.628906 0.484375 0.022396 0.075368
1 0.784375 0.475643 0.045833 0.067096
1 0.034115 0.47932 0.051562 0.094669
1 0.448438 0.473346 0.065625 0.090074
1 0.711719 0.44761 0.029688 0.044118
1 0.85026 0.461397 0.039062 0.075368
1 0.823958 0.470129 0.042708 0.092831
1 0.201042 0.463695 0.0375 0.090993
1 0.082031 0.461857 0.056771 0.10386
1 0.420312 0.471507 0.054167 0.126838
1 0.601823 0.45818 0.051562 0.109375
1 0.229948 0.432445 0.038021 0.105699
1 0.119531 0.410386 0.031771 0.096507
1 0.292188 0.068015 0.028125 0.029412
