1 0.822917 0.653033 0.051042 0.076287
0 0.535677 0.551011 0.085938 0.13511
0 0.428646 0.544577 0.064583 0.179228
0 0.165365 0.60432 0.041146 0.127757
1 0.31849 0.834099 0.047396 0.151654
1 0.052865 0.065717 0.105729 0.131434
1 0.143229 0.095588 0.172917 0.191176
1 0.118229 0.285846 0.026042 0.036765
1 0.302865 0.209099 0.245312 0.418199
1 0.41276 0.048713 0.119271 0.097426
1 0.435938 0.191176 0.152083 0.255515
1 0.595573 0.164982 0.020312 0.035846
1 0.1625 0.461857 0.164583 0.289522
1 0.272656 0.462316 0.033854 0.104779
1 0.640365 0.986213 0.113021 0.027574
1 0.77474 0.750919 0.041146 0.033088
1 0.949219 0.639706 0.099479 0.170956
0 0.799219 0.529871 0.041146 0.050551
0 0.827083 0.451746 0.035417 0.045037
1 0.973438 0.090993 0.053125 0.025735
1 0.864583 0.022978 0.085417 0.045956
1 0.892969 0.487132 0.214062 0.299632
1 0.774479 0.155331 0.197917 0.308824
1 0.464062 0.295037 0.166667 0.224265
1 0.197396 0.36489 0.203125 0.356618
1 0.645573 0.841452 0.073438 0.094669
1 0.542448 0.389706 0.022396 0.042279
