1 0.028646 0.167279 0.057292 0.191176
1 0.114062 0.837316 0.042708 0.042279
1 0.710156 0.86443 0.111979 0.131434
1 0.60026 0.112132 0.102604 0.136029
1 0.563542 0.045956 0.030208 0.064338
1 0.583073 0.320312 0.104688 0.261949
1 0.010156 0.308364 0.020312 0.032169
1 0.00625 0.485754 0.0125 0.046875
1 0.004948 0.536305 0.009896 0.039522
1 0.04974 0.95818 0.023438 0.05239
1 0.20599 0.975184 0.031771 0.049632
1 0.759635 0.988051 0.016146 0.023897
1 0.73724 0.107537 0.035938 0.053309
1 0.539062 0.026195 0.038542 0.05239
