1 0.008073 0.136489 0.015104 0.035846
1 0.004948 0.230239 0.004688 0.026654
1 0.009115 0.411305 0.018229 0.030331
1 0.052604 0.085478 0.03125 0.022059
1 0.042708 0.142923 0.0125 0.01011
1 0.067969 0.04136 0.005729 0.033088
1 0.085677 0.117647 0.010938 0.0625
1 0.092188 0.163603 0.015625 0.03125
1 0.141927 0.200827 0.008854 0.017463
1 0.15 0.184743 0.013542 0.023897
1 0.190625 0.028493 0.010417 0.033088
1 0.070312 0.696691 0.015625 0.009191
1 0.302083 0.803309 0.01875 0.014706
1 0.388021 0.881893 0.0125 0.024816
0 0.360417 0.642004 0.027083 0.070772
1 0.302604 0.384191 0.036458 0.018382
1 0.292448 0.320312 0.020312 0.024816
1 0.310156 0.077665 0.017188 0.019301
1 0.378385 0.009191 0.007812 0.018382
1 0.395833 0.164522 0.007292 0.036765
1 0.457031 0.158088 0.010938 0.036765
1 0.418229 0.398897 0.017708 0.007353
1 0.495573 0.272059 0.005729 0.023897
1 0.48776 0.191636 0.007812 0.04136
1 0.513021 0.194393 0.016667 0.028493
1 0.625781 0.096967 0.005729 0.032169
1 0.794271 0.152574 0.009375 0.033088
1 0.808073 0.206342 0.005729 0.030331
1 0.565365 0.433824 0.019271 0.018382
1 0.703125 0.533548 0.013542 0.046875
1 0.78099 0.402574 0.025521 0.03125
1 0.852604 0.376379 0.017708 0.015625
1 0.874219 0.350643 0.018229 0.013787
1 0.504167 0.6875 0.021875 0.011029
1 0.585938 0.71875 0.015625 0.042279
1 0.770573 0.534926 0.014062 0.018382
0 0.779167 0.89614 0.01875 0.03125
1 0.874479 0.840074 0.023958 0.011029
1 0.889844 0.829504 0.009896 0.019301
1 0.870312 0.761949 0.010417 0.014706
1 0.971094 0.66682 0.020312 0.030331
1 0.978646 0.639706 0.0125 0.014706
0 0.140625 0.212776 0.126042 0.193934
0 0.692188 0.30239 0.09375 0.213235
0 0.386198 0.255974 0.141146 0.140625
