1 0.013802 0.964614 0.027604 0.037684
1 0.660417 0.950368 0.01875 0.023897
1 0.347135 0.942555 0.009896 0.024816
1 0.097396 0.964154 0.028125 0.071691
1 0.064062 0.947151 0.029167 0.105699
1 0.21224 0.944853 0.047396 0.110294
1 0.484115 0.798254 0.059896 0.089154
1 0.11849 0.613511 0.190104 0.188419
1 0.025 0.548713 0.041667 0.110294
1 0.072396 0.491728 0.015625 0.016544
1 0.897656 0.685662 0.204688 0.408088
1 0.151302 0.532169 0.129688 0.145221
0 0.511719 0.443474 0.010938 0.013787
1 0.186198 0.370864 0.035938 0.068934
1 0.715104 0.327665 0.010417 0.02114
1 0.003125 0.326746 0.00625 0.02114
1 0.342969 0.398897 0.195312 0.386029
1 0.417708 0.176011 0.009375 0.026654
1 0.264844 0.247243 0.095312 0.273897
1 0.285677 0.076287 0.105729 0.126838
1 0.027083 0.006434 0.023958 0.012868
