0 0.41224 0.700827 0.036979 0.05239
0 0.841146 0.808364 0.046875 0.085478
0 0.867188 0.580423 0.044792 0.078125
1 0.764583 0.037224 0.035417 0.02114
0 0.652865 0.076746 0.020312 0.056066
0 0.974219 0.476562 0.051562 0.048713
0 0.277865 0.179228 0.096354 0.136029
0 0.772135 0.964154 0.058854 0.069853
0 0.608594 0.680147 0.027604 0.060662
0 0.477865 0.483456 0.041146 0.257353
1 0.083854 0.120864 0.013542 0.024816
1 0.088542 0.259651 0.015625 0.01011
1 0.365885 0.891085 0.017188 0.011949
1 0.453125 0.52114 0.013542 0.016544
1 0.538021 0.411305 0.013542 0.015625
1 0.56875 0.399816 0.0125 0.036765
1 0.63776 0.609375 0.017188 0.012868
1 0.671354 0.650735 0.009375 0.020221
1 0.966667 0.691176 0.007292 0.023897
