0 0.239583 0.137868 0.071875 0.117647
0 0.235677 0.357996 0.041146 0.081801
0 0.401042 0.560662 0.075 0.115809
0 0.595312 0.525735 0.054167 0.102941
1 0.566146 0.088235 0.059375 0.091912
0 0.726823 0.043199 0.060938 0.073529
1 0.628906 0.255515 0.027604 0.025735
1 0.709635 0.449449 0.049479 0.080882
1 0.682812 0.463235 0.029167 0.022059
0 0.841146 0.443934 0.067708 0.112132
0 0.890104 0.436581 0.05 0.117647
0 0.884896 0.182445 0.078125 0.107537
1 0.395312 0.949908 0.080208 0.100184
1 0.961458 0.108915 0.076042 0.212316
1 0.391406 0.071691 0.097396 0.136029
1 0.648958 0.17739 0.046875 0.110294
1 0.017708 0.192555 0.035417 0.096507
1 0.30026 0.793199 0.035938 0.038603
1 0.754688 0.985754 0.010417 0.028493
1 0.727604 0.986673 0.01875 0.026654
1 0.632552 0.898897 0.063021 0.075368
1 0.690104 0.92739 0.078125 0.113971
1 0.842188 0.892923 0.103125 0.140625
1 0.358333 0.182904 0.0125 0.025735
1 0.483333 0.275735 0.089583 0.148897
1 0.553125 0.459099 0.076042 0.138787
0 0.984115 0.383732 0.031771 0.102022
