1 0.142969 0.079963 0.099479 0.159926
1 0.20625 0.021599 0.013542 0.017463
1 0.291667 0.046415 0.01875 0.022978
1 0.170312 0.464614 0.017708 0.04136
1 0.300521 0.798713 0.011458 0.014706
1 0.467188 0.304688 0.022917 0.056066
1 0.638021 0.202206 0.016667 0.023897
1 0.8875 0.254596 0.0125 0.027574
1 0.734115 0.445772 0.018229 0.025735
1 0.814844 0.440257 0.008854 0.023897
1 0.852865 0.43796 0.048438 0.105699
1 0.889844 0.471507 0.013021 0.020221
1 0.879948 0.701287 0.014062 0.027574
1 0.892708 0.740809 0.019792 0.020221
1 0.391667 0.59375 0.129167 0.248162
1 0.553125 0.410386 0.119792 0.252757
1 0.516406 0.882353 0.092188 0.233456
1 0.797656 0.783548 0.092188 0.203125
1 0.578646 0.585938 0.064583 0.179228
1 0.850521 0.09329 0.0625 0.186581
1 0.203646 0.295037 0.067708 0.110294
1 0.257552 0.774816 0.040104 0.148897
1 0.53724 0.159926 0.045312 0.108456
1 0.495052 0.700368 0.033854 0.03125
1 0.802865 0.589154 0.033854 0.040441
1 0.020052 0.111673 0.040104 0.030331
1 0.063281 0.289982 0.014062 0.017463
1 0.991667 0.076287 0.015625 0.044118
