0 0.347917 0.039982 0.064583 0.079963
0 0.571615 0.160846 0.051562 0.15625
0 0.653646 0.287684 0.032292 0.080882
1 0.784896 0.567096 0.078125 0.130515
0 0.716406 0.370404 0.044271 0.080882
0 0.864323 0.805607 0.023438 0.02114
1 0.125521 0.480699 0.011458 0.016544
1 0.367188 0.664982 0.013542 0.035846
1 0.556771 0.726562 0.009375 0.017463
1 0.544531 0.763787 0.013021 0.016544
1 0.59349 0.94761 0.016146 0.027574
0 0.963021 0.47932 0.073958 0.125919
0 0.627344 0.962316 0.059896 0.075368
0 0.320573 0.399816 0.039062 0.047794
0 0.923698 0.440717 0.048438 0.063419
0 0.542708 0.566176 0.022917 0.042279
