1 0.25 0.470588 0.014583 0.016544
1 0.080469 0.492647 0.036979 0.060662
1 0.052344 0.474265 0.023438 0.044118
1 0.353646 0.460018 0.009375 0.026654
1 0.166406 0.46875 0.021354 0.053309
1 0.185417 0.467371 0.025 0.050551
1 0.49974 0.467831 0.039062 0.073529
1 0.113542 0.463695 0.05625 0.074449
1 0.211198 0.457721 0.030729 0.069853
1 0.282031 0.445312 0.041146 0.050551
1 0.021354 0.462776 0.042708 0.092831
1 0.309375 0.439798 0.020833 0.065257
1 0.40651 0.448529 0.080729 0.090074
1 0.58776 0.421415 0.022396 0.043199
1 0.442188 0.433824 0.053125 0.069853
1 0.636979 0.425092 0.083333 0.059743
1 0.516927 0.419577 0.058854 0.059743
1 0.413802 0.398897 0.027604 0.033088
1 0.332812 0.417739 0.03125 0.10386
1 0.81276 0.39614 0.034896 0.0625
1 0.619271 0.398897 0.038542 0.069853
1 0.763021 0.397518 0.059375 0.068934
1 0.936719 0.379136 0.021354 0.046875
1 0.673958 0.386949 0.04375 0.068015
1 0.699219 0.401195 0.050521 0.109375
1 0.833073 0.373162 0.040104 0.077206
1 0.879427 0.37454 0.069271 0.089154
1 0.948958 0.360754 0.0375 0.065257
1 0.976042 0.363511 0.016667 0.079963
