1 0.607552 0.976103 0.010938 0.020221
0 0.01849 0.97886 0.036979 0.042279
1 0.960156 0.965074 0.070312 0.069853
0 0.654948 0.949449 0.058854 0.075368
0 0.672917 0.90625 0.010417 0.033088
0 0.66276 0.876379 0.042188 0.120404
1 0.747396 0.80239 0.016667 0.018382
1 0.966406 0.787224 0.020312 0.02114
1 0.439323 0.759191 0.010938 0.018382
1 0.326823 0.738051 0.022396 0.018382
1 0.166406 0.706342 0.010938 0.026654
1 0.004167 0.602022 0.008333 0.034926
1 0.719271 0.534007 0.010417 0.018382
0 0.63151 0.57261 0.052604 0.097426
1 0.692448 0.498621 0.018229 0.019301
1 0.313542 0.421875 0.016667 0.022059
1 0.435417 0.432904 0.038542 0.080882
1 0.402604 0.390165 0.0125 0.017463
0 0.647656 0.405331 0.061979 0.09375
1 0.584375 0.348346 0.014583 0.014706
1 0.79375 0.345588 0.014583 0.018382
1 0.892188 0.257812 0.0125 0.011949
1 0.858073 0.256434 0.010938 0.012868
1 0.507292 0.190257 0.023958 0.025735
0 0.02526 0.20864 0.050521 0.091912
1 0.851302 0.153033 0.011979 0.022978
1 0.401823 0.075827 0.006771 0.019301
1 0.784896 0.05193 0.014583 0.034007
1 0.033854 0.071691 0.015625 0.134191
1 0.720833 0.011949 0.0125 0.020221
