1 0.153385 0.375 0.020312 0.071691
1 0.246354 0.107537 0.016667 0.069853
1 0.25 0.165441 0.019792 0.055147
1 0.288021 0.078585 0.017708 0.059743
1 0.62526 0.516085 0.018229 0.050551
1 0.743229 0.586397 0.020833 0.045956
1 0.717969 0.880055 0.041146 0.030331
1 0.890625 0.954504 0.009375 0.067096
1 0.229688 0.189798 0.005208 0.028493
0 0.632292 0.465074 0.103125 0.137868
0 0.226562 0.363511 0.0875 0.113051
0 0.877083 0.482077 0.103125 0.054228
0 0.45599 0.43796 0.100521 0.046875
0 0.032031 0.26011 0.059896 0.226103
