1 0.991406 0.673713 0.017188 0.038603
1 0.926823 0.692555 0.039062 0.078125
1 0.889062 0.655331 0.027083 0.088235
1 0.772917 0.653952 0.036458 0.089154
1 0.328385 0.595129 0.013021 0.026654
1 0.673177 0.595129 0.026562 0.037684
1 0.717708 0.61443 0.053125 0.085478
1 0.63151 0.600184 0.041146 0.056985
1 0.804948 0.619485 0.040104 0.095588
1 0.819792 0.589154 0.028125 0.051471
1 0.75 0.609375 0.053125 0.095588
1 0.846615 0.594669 0.046354 0.159926
1 0.52474 0.543199 0.044271 0.104779
1 0.590365 0.513787 0.032812 0.051471
1 0.476562 0.524816 0.061458 0.125
1 0.313281 0.479779 0.110938 0.113971
1 0.19401 0.436581 0.082812 0.106618
1 0.115625 0.409467 0.079167 0.173713
1 0.019271 0.366728 0.038542 0.106618
1 0.964583 0.089614 0.009375 0.019301
1 0.043229 0.056985 0.017708 0.023897
1 0.797656 0.004596 0.016146 0.009191
1 0.773958 0.016085 0.01875 0.032169
