0 0.616406 0.30193 0.151562 0.252757
0 0.586719 0.650735 0.098438 0.185662
1 0.173177 0.654412 0.010938 0.022059
1 0.208854 0.472426 0.007292 0.027574
1 0.230469 0.692555 0.009896 0.026654
1 0.326302 0.774816 0.011979 0.018382
1 0.388542 0.732537 0.0125 0.025735
1 0.450521 0.597886 0.015625 0.01011
1 0.7375 0.606618 0.019792 0.007353
1 0.66849 0.209559 0.008854 0.016544
1 0.770833 0.13511 0.011458 0.012868
1 0.771875 0.315717 0.013542 0.011949
1 0.85 0.331342 0.010417 0.030331
1 0.880729 0.410386 0.009375 0.013787
1 0.991406 0.65579 0.013021 0.017463
1 0.988802 0.882812 0.016146 0.017463
1 0.96849 0.984375 0.011979 0.023897
