1 0.950781 0.98943 0.016146 0.008272
1 0.496094 0.991268 0.011979 0.017463
1 0.976562 0.983456 0.013542 0.011029
1 0.778906 0.981618 0.018229 0.029412
1 0.633333 0.975184 0.015625 0.044118
1 0.611198 0.973805 0.011979 0.045037
1 0.845573 0.928768 0.010938 0.017463
1 0.909375 0.942096 0.01875 0.066176
1 0.972396 0.908088 0.0125 0.014706
1 0.258333 0.904412 0.015625 0.03125
0 0.888281 0.909007 0.018229 0.044118
1 0.723438 0.882812 0.010417 0.022978
1 0.19401 0.915901 0.093229 0.105699
1 0.604688 0.861213 0.0125 0.020221
1 0.227865 0.84375 0.024479 0.012868
1 0.529167 0.846967 0.01875 0.026654
1 0.188542 0.839154 0.019792 0.014706
1 0.079427 0.852482 0.015104 0.045037
1 0.214062 0.827206 0.013542 0.012868
1 0.184635 0.806066 0.033854 0.040441
1 0.29375 0.813879 0.027083 0.090993
1 0.936979 0.776654 0.023958 0.03125
1 0.369271 0.755974 0.025 0.008272
1 0.357292 0.731158 0.009375 0.02114
1 0.407031 0.727022 0.010938 0.016544
1 0.34375 0.730239 0.023958 0.032169
1 0.603646 0.709559 0.011458 0.023897
1 0.791406 0.686581 0.011979 0.016544
1 0.452604 0.681985 0.008333 0.023897
1 0.382552 0.676471 0.009896 0.012868
1 0.698177 0.688879 0.033854 0.045037
1 0.623958 0.660386 0.011458 0.02114
1 0.90026 0.663603 0.004688 0.029412
1 0.242969 0.632812 0.009896 0.015625
1 0.408073 0.632353 0.008854 0.018382
1 0.617448 0.621783 0.014062 0.028493
1 0.788281 0.61443 0.010938 0.017463
1 0.378385 0.605699 0.020312 0.011029
1 0.56849 0.600643 0.008854 0.013787
1 0.065625 0.59375 0.014583 0.009191
1 0.242188 0.602482 0.013542 0.028493
1 0.164844 0.652114 0.071354 0.127757
1 0.982031 0.589154 0.015104 0.016544
1 0.885417 0.589154 0.010417 0.020221
1 0.686458 0.59375 0.045833 0.047794
1 0.911458 0.570312 0.011458 0.019301
1 0.60625 0.566636 0.01875 0.022978
1 0.514062 0.538603 0.011458 0.022059
1 0.715365 0.520221 0.010938 0.012868
1 0.888281 0.487592 0.018229 0.017463
1 0.250781 0.484835 0.010938 0.013787
1 0.466406 0.48943 0.006771 0.032169
1 0.691146 0.511489 0.015625 0.08364
1 0.293229 0.471967 0.040625 0.035846
1 0.034375 0.460478 0.03125 0.03125
1 0.217448 0.457721 0.051562 0.066176
1 0.343229 0.426471 0.011458 0.018382
1 0.952604 0.422335 0.015625 0.013787
1 0.55 0.419577 0.014583 0.013787
1 0.057031 0.430147 0.024479 0.038603
1 0.185156 0.417739 0.021354 0.015625
0 0.488281 0.429688 0.026562 0.05239
1 0.823438 0.41636 0.03125 0.036765
1 0.772396 0.403952 0.011458 0.015625
0 0.50651 0.409007 0.015104 0.03125
1 0.220052 0.393842 0.018229 0.01011
0 0.930208 0.386949 0.020833 0.023897
1 0.015365 0.400276 0.026562 0.059743
1 0.560677 0.368107 0.016146 0.030331
1 0.508073 0.37454 0.011979 0.043199
1 0.361198 0.357077 0.016146 0.037684
1 0.013542 0.335018 0.021875 0.04136
1 0.698177 0.329504 0.044271 0.034007
1 0.559896 0.327665 0.047917 0.056066
1 0.408594 0.304228 0.017188 0.018382
1 0.157552 0.306526 0.025521 0.04136
1 0.632292 0.284926 0.054167 0.073529
0 0.051823 0.22932 0.017188 0.024816
1 0.944271 0.222426 0.01875 0.011029
1 0.092448 0.213235 0.015104 0.016544
1 0.254427 0.228401 0.035938 0.057904
1 0.176042 0.204504 0.030208 0.026654
1 0.054427 0.19761 0.007812 0.016544
1 0.468229 0.193474 0.029167 0.035846
1 0.86849 0.147978 0.013021 0.034926
0 0.952344 0.154412 0.015104 0.056985
1 0.240365 0.15625 0.027604 0.068015
1 0.208594 0.148897 0.022396 0.099265
1 0.190885 0.134651 0.031771 0.070772
1 0.890885 0.101103 0.013021 0.029412
1 0.933333 0.10386 0.01875 0.044118
1 0.908854 0.081801 0.01875 0.029412
1 0.847656 0.051011 0.008854 0.015625
1 0.326302 0.060662 0.043229 0.066176
1 0.228125 0.034007 0.026042 0.03125
1 0.885417 0.023438 0.007292 0.02114
1 0.37526 0.020221 0.007812 0.022059
1 0.26875 0.016544 0.020833 0.033088
