1 0.347917 0.08364 0.070833 0.102941
1 0.242969 0.084559 0.035938 0.047794
1 0.230469 0.104779 0.029688 0.025735
1 0.067969 0.272518 0.050521 0.065257
1 0.024219 0.201287 0.048438 0.126838
1 0.079167 0.393842 0.034375 0.043199
1 0.304167 0.320772 0.036458 0.104779
1 0.335156 0.35386 0.052604 0.09375
1 0.482812 0.201287 0.046875 0.115809
1 0.583073 0.194393 0.044271 0.063419
1 0.580208 0.048254 0.044792 0.07261
1 0.617708 0.026195 0.034375 0.05239
1 0.623177 0.221967 0.048438 0.089154
1 0.571615 0.435662 0.026562 0.068015
1 0.690104 0.377757 0.1 0.139706
1 0.844531 0.292279 0.073438 0.130515
1 0.923698 0.227941 0.046354 0.069853
1 0.925781 0.408088 0.022396 0.027574
1 0.929948 0.474724 0.028646 0.05239
1 0.688542 0.490349 0.075 0.10386
1 0.722135 0.668199 0.040104 0.056985
1 0.605729 0.682904 0.032292 0.066176
1 0.577083 0.721048 0.028125 0.050551
1 0.373177 0.65579 0.094271 0.127757
1 0.294531 0.675092 0.020312 0.05239
1 0.222656 0.729779 0.080729 0.150735
1 0.273177 0.778493 0.057812 0.027574
1 0.208333 0.857077 0.03125 0.079963
1 0.329167 0.870404 0.067708 0.136029
1 0.607031 0.848346 0.048438 0.055147
1 0.885677 0.794577 0.057812 0.092831
1 0.85026 0.875 0.044271 0.064338
1 0.885156 0.704044 0.063021 0.077206
1 0.867969 0.682445 0.023438 0.043199
1 0.727344 0.161305 0.044271 0.111213
1 0.228125 0.39614 0.036458 0.069853
0 0.739323 0.889246 0.067188 0.221507
0 0.525 0.242647 0.045833 0.485294
1 0.010677 0.774816 0.021354 0.049632
1 0.238542 0.911765 0.0125 0.012868
1 0.217969 0.806066 0.019271 0.022059
1 0.239583 0.79136 0.013542 0.012868
1 0.320573 0.737132 0.011979 0.011029
1 0.280469 0.704504 0.046354 0.024816
1 0.301302 0.621324 0.018229 0.025735
1 0.219271 0.352022 0.021875 0.022059
1 0.107031 0.371324 0.014062 0.016544
1 0.502604 0.382812 0.040625 0.045037
1 0.7 0.092371 0.042708 0.102022
1 0.97526 0.061581 0.049479 0.123162
1 0.789062 0.474724 0.015625 0.107537
1 0.854427 0.603401 0.019271 0.024816
1 0.588281 0.490349 0.014062 0.013787
1 0.463802 0.860754 0.019271 0.019301
1 0.611719 0.954963 0.017188 0.016544
1 0.872656 0.980699 0.029688 0.038603
1 0.881771 0.898897 0.047917 0.080882
1 0.910417 0.992188 0.01875 0.015625
1 0.976823 0.954044 0.045312 0.055147
