1 0.147917 0.484835 0.034375 0.076287
1 0.098958 0.471507 0.0375 0.064338
1 0.638542 0.462316 0.053125 0.049632
1 0.278906 0.475643 0.027604 0.08364
1 0.641667 0.429688 0.008333 0.015625
1 0.438281 0.462776 0.051562 0.092831
1 0.214583 0.441636 0.01875 0.050551
1 0.548438 0.448989 0.033333 0.070772
1 0.480729 0.41636 0.059375 0.055147
1 0.764323 0.419118 0.032812 0.069853
1 0.878125 0.403952 0.033333 0.048713
1 0.390365 0.424632 0.045312 0.101103
1 0.58151 0.419118 0.044271 0.095588
1 0.840365 0.412224 0.060938 0.087316
1 0.932031 0.392923 0.020312 0.050551
1 0.676042 0.402574 0.042708 0.079044
1 0.289844 0.409926 0.058854 0.099265
1 0.732552 0.400735 0.053646 0.095588
