1 0.078906 0.038143 0.027604 0.063419
1 0.1875 0.849265 0.086458 0.064338
1 0.665104 0.420037 0.017708 0.071691
1 0.585417 0.439798 0.065625 0.118566
1 0.288542 0.06296 0.120833 0.098346
1 0.396354 0.313419 0.052083 0.066176
1 0.057552 0.637868 0.024479 0.042279
1 0.083073 0.599724 0.030729 0.039522
1 0.067448 0.086397 0.020312 0.023897
1 0.07526 0.121783 0.010938 0.013787
1 0.220312 0.047794 0.015625 0.038603
1 0.446354 0.658088 0.015625 0.022059
1 0.625 0.830882 0.014583 0.03125
1 0.55625 0.347426 0.0125 0.036765
1 0.804948 0.310662 0.024479 0.007353
1 0.789062 0.224724 0.014583 0.017463
1 0.719271 0.129136 0.026042 0.054228
1 0.811198 0.02068 0.011979 0.019301
1 0.890365 0.008732 0.011979 0.017463
