0 0.822135 0.972426 0.023438 0.055147
0 0.063281 0.920496 0.092188 0.159007
0 0.428646 0.841912 0.145833 0.237132
0 0.021875 0.695312 0.04375 0.124081
0 0.786458 0.735754 0.122917 0.215993
0 0.613802 0.661305 0.082812 0.14614
0 0.241667 0.684283 0.117708 0.20864
0 0.7625 0.659926 0.113542 0.159926
0 0.885677 0.64568 0.059896 0.133272
0 0.46875 0.668658 0.13125 0.201287
0 0.077083 0.622702 0.08125 0.138787
0 0.408333 0.573529 0.109375 0.21875
0 0.758073 0.443474 0.065104 0.142463
0 0.083854 0.339614 0.111458 0.131434
0 0.38724 0.280331 0.088021 0.126838
0 0.719531 0.180607 0.103646 0.159007
0 0.07526 0.148438 0.093229 0.151654
0 0.384896 0.073989 0.08125 0.120404
0 0.052604 0.066176 0.105208 0.132353
