1 0.104427 0.878676 0.048438 0.073529
1 0.232292 0.097886 0.103125 0.195772
1 0.298698 0.123162 0.122396 0.216912
1 0.424479 0.399816 0.070833 0.086397
1 0.461458 0.447151 0.083333 0.109375
1 0.573177 0.153952 0.139062 0.217831
1 0.666146 0.252757 0.15 0.286765
1 0.954688 0.946232 0.026042 0.050551
1 0.576823 0.815257 0.018229 0.025735
1 0.142188 0.915441 0.041667 0.079044
1 0.128125 0.990809 0.008333 0.018382
1 0.089062 0.957261 0.033333 0.046875
1 0.738542 0.908548 0.123958 0.182904
1 0.533333 0.309283 0.169792 0.221507
1 0.848438 0.66682 0.128125 0.278493
1 0.81875 0.119945 0.1 0.219669
1 0.084635 0.477482 0.086979 0.16636
1 0.223438 0.764706 0.154167 0.279412
