1 0.31224 0.98989 0.010938 0.020221
1 0.685677 0.950827 0.013021 0.02114
1 0.699479 0.880055 0.014583 0.011949
0 0.752604 0.881434 0.025 0.077206
1 0.549479 0.83364 0.017708 0.023897
1 0.922135 0.804688 0.011979 0.028493
1 0.00625 0.792279 0.0125 0.038603
1 0.310938 0.779412 0.025 0.027574
0 0.123177 0.723805 0.041146 0.085478
1 0.267448 0.680147 0.011979 0.023897
0 0.636719 0.700827 0.039062 0.094669
1 0.886198 0.569393 0.015104 0.015625
1 0.078906 0.532629 0.011979 0.022978
1 0.760156 0.47886 0.015104 0.022059
0 0.009115 0.488051 0.018229 0.056985
1 0.185677 0.438879 0.008854 0.02114
1 0.467448 0.413603 0.013021 0.018382
1 0.607292 0.414062 0.013542 0.02114
0 0.494792 0.43796 0.052083 0.10386
1 0.885938 0.366268 0.011458 0.011949
1 0.260938 0.330882 0.014583 0.036765
1 0.634115 0.317096 0.019271 0.038603
1 0.745052 0.234375 0.007812 0.020221
1 0.339062 0.148438 0.009375 0.028493
1 0.572917 0.082261 0.016667 0.017463
1 0.601042 0.077665 0.016667 0.02114
1 0.397656 0.022059 0.016146 0.012868
