1 0.590885 0.545956 0.038021 0.0625
1 0.554688 0.190717 0.044792 0.08364
1 0.563542 0.817555 0.028125 0.061581
1 0.707031 0.84329 0.018229 0.039522
0 0.897656 0.817096 0.027604 0.042279
0 0.89974 0.522518 0.039062 0.07261
1 0.670052 0.116268 0.040104 0.063419
1 0.184375 0.317096 0.009375 0.033088
0 0.457552 0.558364 0.074479 0.092831
0 0.478906 0.253676 0.086979 0.119485
0 0.469271 0.940257 0.053125 0.069853
1 0.177865 0.308824 0.009896 0.018382
1 0.84375 0.045037 0.014583 0.03125
1 0.357812 0.977482 0.030208 0.045037
