0 0.589323 0.217831 0.206771 0.079044
0 0.871094 0.631893 0.109896 0.370404
1 0.158073 0.880055 0.014062 0.01011
1 0.154427 0.892463 0.016146 0.011029
1 0.017708 0.721967 0.014583 0.011949
1 0.059635 0.565257 0.016146 0.011029
1 0.111719 0.376838 0.020312 0.016544
1 0.180469 0.149357 0.010938 0.037684
1 0.284375 0.794577 0.009375 0.037684
1 0.439062 0.90625 0.009375 0.034926
1 0.50026 0.851103 0.024479 0.011029
1 0.392448 0.661765 0.020312 0.018382
1 0.325781 0.642463 0.008854 0.023897
1 0.58776 0.509191 0.005729 0.038603
1 0.638021 0.821232 0.008333 0.039522
1 0.714844 0.616268 0.006771 0.035846
1 0.976042 0.698529 0.015625 0.009191
1 0.982552 0.644761 0.009896 0.037684
1 0.9875 0.59375 0.014583 0.014706
1 0.970052 0.584559 0.011979 0.042279
1 0.911198 0.445312 0.020312 0.032169
1 0.826562 0.324908 0.007292 0.045037
1 0.726823 0.119945 0.006771 0.028493
