1 0.06875 0.354779 0.059375 0.091912
1 0.36901 0.754596 0.019271 0.011029
1 0.399479 0.730699 0.007292 0.029412
1 0.632812 0.460938 0.009375 0.015625
1 0.476562 0.596967 0.008333 0.035846
1 0.665885 0.21829 0.007812 0.024816
1 0.65026 0.373621 0.020312 0.02114
1 0.988542 0.564338 0.022917 0.051471
1 0.660677 0.853401 0.021354 0.04136
1 0.484635 0.974265 0.021354 0.051471
1 0.482031 0.526654 0.039062 0.033088
1 0.439583 0.660846 0.015625 0.071691
1 0.567969 0.415441 0.024479 0.027574
1 0.686198 0.168199 0.024479 0.023897
1 0.651562 0.190257 0.026042 0.027574
1 0.314323 0.94807 0.014062 0.074449
1 0.747135 0.043658 0.018229 0.070772
1 0.694271 0.130515 0.021875 0.023897
1 0.610156 0.27114 0.008854 0.047794
1 0.320833 0.875 0.0125 0.012868
