1 0.176562 0.206342 0.035417 0.056066
1 0.047917 0.157169 0.027083 0.025735
1 0.026823 0.439798 0.004688 0.034007
1 0.202604 0.452206 0.009375 0.03125
1 0.723177 0.168199 0.028646 0.060662
1 0.724219 0.411305 0.020312 0.057904
1 0.703125 0.859835 0.020833 0.034007
1 0.757031 0.85386 0.039062 0.025735
1 0.401302 0.92739 0.024479 0.009191
1 0.363542 0.859835 0.017708 0.015625
1 0.272917 0.811581 0.019792 0.040441
1 0.220052 0.863051 0.040104 0.053309
1 0.018229 0.51011 0.011458 0.027574
1 0.013802 0.960478 0.022396 0.014706
1 0.053385 0.928309 0.013021 0.014706
1 0.203646 0.582261 0.020833 0.026654
1 0.209115 0.129136 0.027604 0.015625
1 0.252083 0.094669 0.014583 0.027574
1 0.3375 0.799632 0.014583 0.012868
1 0.668229 0.409926 0.011458 0.029412
1 0.723177 0.264246 0.019271 0.046875
1 0.834375 0.399357 0.013542 0.022978
1 0.85651 0.880974 0.021354 0.019301
1 0.944531 0.659007 0.008854 0.016544
1 0.982292 0.649357 0.020833 0.02114
1 0.611719 0.838235 0.027604 0.042279
1 0.628125 0.875919 0.044792 0.117647
1 0.555208 0.798713 0.040625 0.066176
1 0.522135 0.650735 0.023438 0.091912
1 0.375 0.012868 0.023958 0.022059
1 0.354688 0.507353 0.014583 0.022059
1 0.619792 0.07261 0.023958 0.09375
