1 0.786458 0.990349 0.021875 0.019301
1 0.579427 0.985754 0.044271 0.028493
1 0.94401 0.834559 0.008854 0.020221
1 0.538802 0.868566 0.106771 0.176471
1 0.566406 0.748621 0.010938 0.017463
1 0.288021 0.72932 0.022917 0.043199
1 0.990365 0.64568 0.019271 0.048713
1 0.798438 0.649357 0.047917 0.094669
1 0.935156 0.504136 0.011979 0.026654
1 0.004167 0.500919 0.008333 0.020221
1 0.526042 0.455882 0.011458 0.018382
1 0.533333 0.421875 0.008333 0.016544
1 0.474219 0.567555 0.108854 0.315257
1 0.407292 0.425551 0.072917 0.079044
1 0.767969 0.397978 0.052604 0.0625
1 0.841927 0.374081 0.016146 0.044118
1 0.363802 0.278952 0.108854 0.203125
1 0.845833 0.167279 0.069792 0.022059
1 0.297917 0.136029 0.022917 0.020221
1 0.463802 0.034926 0.011979 0.022059
1 0.963542 0.037224 0.072917 0.074449
1 0.280729 0.125 0.123958 0.25
1 0.197135 0.03125 0.053646 0.0625
