1 0.276302 0.875 0.013021 0.027574
1 0.642708 0.691636 0.019792 0.043199
1 0.011719 0.65671 0.006771 0.019301
1 0.970573 0.623621 0.044271 0.065257
1 0.892448 0.631893 0.071354 0.138787
1 0.469792 0.581801 0.029167 0.079044
1 0.685156 0.59375 0.065104 0.145221
1 0.548438 0.534926 0.017708 0.034926
1 0.499219 0.555147 0.068229 0.128676
1 0.167708 0.503676 0.066667 0.145221
1 0.253906 0.429228 0.008854 0.018382
1 0.905208 0.399357 0.022917 0.024816
1 0.457552 0.339154 0.011979 0.016544
1 0.388802 0.34375 0.010938 0.044118
1 0.607031 0.253676 0.030729 0.115809
1 0.859115 0.085938 0.007812 0.017463
1 0.103385 0.071691 0.011979 0.023897
1 0.945052 0.87546 0.015104 0.037684
