1 0.582552 0.872702 0.016146 0.035846
1 0.29974 0.865809 0.015104 0.03125
1 0.718229 0.776195 0.196875 0.390625
1 0.925781 0.421415 0.009896 0.026654
1 0.966406 0.39614 0.014062 0.03125
1 0.567188 0.358456 0.007292 0.018382
1 0.261198 0.300092 0.009896 0.05239
1 0.490104 0.452206 0.219792 0.419118
1 0.301562 0.310662 0.116667 0.275735
1 0.257552 0.147978 0.169271 0.295956
1 0.145573 0.097886 0.165104 0.195772
1 0.069271 0.035846 0.091667 0.071691
1 0.008073 0.01057 0.005729 0.02114
1 0.899479 0.05193 0.201042 0.10386
1 0.814062 0.88511 0.134375 0.229779
1 0.958854 0.16682 0.082292 0.16636
1 0.89349 0.946691 0.101562 0.106618
1 0.280729 0.964154 0.041667 0.071691
1 0.017708 0.985754 0.025 0.028493
