1 0.730208 0.948989 0.036458 0.05239
1 0.617448 0.80239 0.045312 0.099265
1 0.603385 0.758732 0.042188 0.063419
1 0.515104 0.682904 0.0125 0.029412
1 0.53125 0.670956 0.01875 0.033088
1 0.546615 0.66636 0.010938 0.040441
1 0.490625 0.610754 0.011458 0.043199
1 0.503646 0.590533 0.015625 0.07261
1 0.415885 0.518382 0.017188 0.049632
1 0.366146 0.48943 0.040625 0.129596
1 0.401562 0.440257 0.014583 0.055147
1 0.367188 0.388787 0.019792 0.036765
1 0.66849 0.389246 0.038021 0.085478
1 0.269792 0.290901 0.035417 0.056066
1 0.471615 0.294577 0.103646 0.144301
1 0.45599 0.230699 0.005729 0.029412
1 0.240104 0.251838 0.030208 0.082721
1 0.520052 0.224724 0.046354 0.098346
1 0.369531 0.229779 0.063021 0.117647
1 0.163281 0.134651 0.024479 0.04136
1 0.351562 0.095129 0.067708 0.120404
1 0.132292 0.044118 0.016667 0.053309
1 0.1125 0.045956 0.017708 0.056985
1 0.327083 0.050551 0.086458 0.101103
1 0.246094 0.033548 0.032812 0.067096
1 0.088281 0.03171 0.035938 0.063419
1 0.142708 0.101103 0.010417 0.018382
1 0.22526 0.225184 0.014062 0.027574
1 0.338542 0.357077 0.008333 0.017463
1 0.328906 0.368107 0.006771 0.02114
1 0.340625 0.392923 0.007292 0.022978
1 0.314323 0.388327 0.010938 0.024816
1 0.315104 0.461397 0.011458 0.025735
1 0.408854 0.170037 0.016667 0.040441
1 0.644271 0.193934 0.014583 0.025735
1 0.888542 0.57307 0.0125 0.017463
1 0.455729 0.548254 0.008333 0.024816
1 0.466146 0.522978 0.023958 0.051471
1 0.925521 0.971507 0.038542 0.056985
