1 0.020052 0.14568 0.040104 0.07261
1 0.110938 0.149357 0.020833 0.019301
1 0.00599 0.448529 0.011979 0.033088
1 0.038802 0.841452 0.016146 0.019301
1 0.078385 0.976103 0.018229 0.029412
1 0.149219 0.212316 0.023438 0.029412
1 0.167188 0.255515 0.015625 0.027574
1 0.202865 0.28079 0.021354 0.026654
1 0.241927 0.301471 0.017188 0.038603
1 0.435156 0.117647 0.015104 0.018382
1 0.596615 0.125 0.010938 0.016544
1 0.695312 0.118107 0.014583 0.015625
1 0.742969 0.107996 0.010938 0.019301
1 0.778906 0.07261 0.022396 0.027574
1 0.799479 0.07261 0.009375 0.034926
1 0.904167 0.151195 0.011458 0.013787
1 0.580208 0.444853 0.022917 0.033088
1 0.508594 0.507812 0.017188 0.017463
1 0.464323 0.694393 0.010938 0.011949
1 0.594271 0.829963 0.025 0.036765
1 0.628646 0.542739 0.030208 0.057904
1 0.66224 0.516544 0.018229 0.044118
1 0.676823 0.490349 0.008854 0.022978
1 0.689062 0.530331 0.027083 0.055147
1 0.724219 0.66636 0.009896 0.025735
1 0.679948 0.561581 0.010938 0.023897
1 0.886979 0.691636 0.014583 0.035846
1 0.919271 0.741728 0.023958 0.060662
1 0.944531 0.764246 0.038021 0.111213
0 0.097917 0.150735 0.075 0.137868
0 0.544531 0.529412 0.069271 0.056985
0 0.35026 0.378676 0.044271 0.060662
0 0.028385 0.076287 0.056771 0.121324
0 0.861198 0.659926 0.082812 0.233456
1 0.55026 0.490809 0.016146 0.033088
