1 0.40026 0.97932 0.011979 0.04136
1 0.332292 0.954044 0.052083 0.080882
0 0.973698 0.921875 0.052604 0.15625
1 0.291667 0.866728 0.034375 0.077206
1 0.173177 0.81296 0.021354 0.045037
1 0.067188 0.78079 0.010417 0.022978
1 0.351562 0.723346 0.020833 0.025735
0 0.814583 0.706342 0.098958 0.164522
1 0.739583 0.606618 0.014583 0.029412
1 0.533073 0.574449 0.016146 0.029412
1 0.385156 0.569853 0.014062 0.027574
1 0.953646 0.567096 0.020833 0.049632
0 0.589062 0.539522 0.098958 0.211397
1 0.696875 0.44761 0.016667 0.034926
1 0.469531 0.366268 0.030729 0.07261
0 0.399479 0.382812 0.091667 0.190257
0 0.291927 0.310662 0.059896 0.088235
1 0.28724 0.234835 0.027604 0.037684
1 0.946354 0.195312 0.013542 0.022978
0 0.108594 0.178309 0.050521 0.090074
1 0.752865 0.14568 0.020312 0.043199
1 0.660417 0.106618 0.017708 0.027574
1 0.240885 0.064798 0.011979 0.02114
