1 0.353125 0.470129 0.08125 0.125919
1 0.488542 0.469669 0.04375 0.068015
1 0.624479 0.391085 0.051042 0.092831
1 0.629948 0.44807 0.085938 0.096507
1 0.089583 0.592371 0.020833 0.015625
1 0.145312 0.703125 0.034375 0.055147
1 0.234375 0.580882 0.013542 0.027574
1 0.244531 0.554688 0.017188 0.022978
1 0.402083 0.294577 0.020833 0.035846
1 0.350521 0.539522 0.029167 0.040441
1 0.366667 0.546875 0.0125 0.027574
1 0.380469 0.542739 0.017188 0.026654
1 0.403906 0.552849 0.008854 0.015625
1 0.438021 0.564798 0.015625 0.022978
1 0.458854 0.563419 0.0125 0.023897
1 0.47474 0.555607 0.013021 0.030331
1 0.475 0.517004 0.008333 0.015625
1 0.480729 0.540901 0.008333 0.015625
1 0.499479 0.526654 0.009375 0.033088
1 0.619792 0.129596 0.016667 0.029412
1 0.641927 0.522518 0.011979 0.035846
1 0.632812 0.54182 0.009375 0.028493
1 0.61276 0.563879 0.015104 0.026654
1 0.602604 0.590533 0.009375 0.026654
1 0.748698 0.417739 0.153646 0.313419
1 0.74349 0.595129 0.105729 0.193934
1 0.802604 0.534926 0.035417 0.047794
1 0.808073 0.555607 0.055729 0.131434
1 0.898438 0.420956 0.203125 0.376838
1 0.833073 0.205882 0.130729 0.213235
1 0.919792 0.277114 0.048958 0.109375
1 0.930729 0.526195 0.063542 0.142463
1 0.100781 0.496783 0.057812 0.105699
