1 0.105208 0.391085 0.034375 0.087316
1 0.14401 0.384651 0.014062 0.028493
1 0.132552 0.51057 0.015104 0.017463
1 0.136198 0.53125 0.013021 0.022059
1 0.098698 0.563419 0.013021 0.025735
1 0.253906 0.165901 0.023438 0.043199
1 0.377344 0.409007 0.011979 0.020221
1 0.402865 0.542279 0.010938 0.018382
1 0.463542 0.48989 0.01875 0.029412
1 0.471354 0.15671 0.011458 0.015625
1 0.654427 0.567555 0.010938 0.017463
1 0.846875 0.532169 0.013542 0.025735
1 0.859115 0.118107 0.013021 0.026654
1 0.753906 0.03079 0.021354 0.034007
1 0.028125 0.336397 0.021875 0.038603
1 0.030729 0.374081 0.020833 0.027574
1 0.040365 0.919118 0.019271 0.036765
1 0.082812 0.936581 0.011458 0.016544
1 0.275 0.836857 0.008333 0.02114
1 0.478125 0.88557 0.008333 0.019301
1 0.501042 0.525276 0.015625 0.019301
1 0.294531 0.336397 0.011979 0.020221
1 0.591667 0.201287 0.013542 0.018382
1 0.552083 0.490809 0.01875 0.051471
1 0.75625 0.755515 0.028125 0.036765
1 0.677083 0.486213 0.009375 0.014706
1 0.958333 0.02114 0.0125 0.029412
1 0.980729 0.007353 0.019792 0.014706
1 0.098698 0.761949 0.014062 0.023897
1 0.521354 0.591452 0.03125 0.057904
1 0.971875 0.03079 0.021875 0.034007
1 0.39349 0.66682 0.025521 0.043199
1 0.433594 0.735294 0.020312 0.055147
1 0.45026 0.607537 0.022396 0.047794
1 0.472135 0.727022 0.028646 0.036765
1 0.457031 0.821691 0.018229 0.045956
1 0.484635 0.931985 0.015104 0.040441
1 0.403125 0.191176 0.030208 0.049632
1 0.994271 0.068934 0.011458 0.03125
1 0.947917 0.01011 0.013542 0.020221
