1 0.17474 0.160846 0.013021 0.023897
1 0.360156 0.590993 0.010938 0.020221
1 0.466927 0.54182 0.013021 0.017463
1 0.540365 0.601103 0.009896 0.016544
1 0.861719 0.40579 0.010938 0.017463
1 0.911198 0.393842 0.023438 0.026654
1 0.732292 0.662684 0.007292 0.016544
1 0.778906 0.768382 0.029688 0.042279
1 0.811719 0.795496 0.013021 0.015625
1 0.826302 0.807904 0.015104 0.022059
1 0.357292 0.213235 0.026042 0.047794
1 0.76901 0.22932 0.018229 0.028493
1 0.493229 0.558364 0.015625 0.026654
1 0.517708 0.529412 0.032292 0.058824
