1 0.333333 0.705882 0.013542 0.075368
1 0.639323 0.09329 0.016146 0.013787
1 0.616406 0.137868 0.044271 0.121324
1 0.657031 0.168658 0.030729 0.034007
1 0.58125 0.151195 0.015625 0.013787
1 0.588021 0.189338 0.017708 0.034926
1 0.577083 0.258272 0.027083 0.033088
1 0.595312 0.299632 0.041667 0.066176
1 0.520833 0.459099 0.070833 0.074449
1 0.523177 0.504136 0.018229 0.037684
1 0.489583 0.622702 0.040625 0.059743
1 0.478646 0.676471 0.039583 0.055147
1 0.45651 0.701287 0.032812 0.045956
1 0.454948 0.75046 0.027604 0.045037
1 0.436458 0.792279 0.019792 0.038603
1 0.432292 0.64614 0.042708 0.060662
1 0.616927 0.236673 0.025521 0.059743
1 0.629948 0.036765 0.026562 0.049632
1 0.540365 0.339154 0.036979 0.044118
1 0.401302 0.384191 0.017188 0.023897
