1 0.676823 0.590533 0.016146 0.056066
1 0.70026 0.602941 0.005729 0.082721
1 0.788281 0.556985 0.008854 0.025735
1 0.766406 0.546415 0.016146 0.039522
1 0.816927 0.56204 0.025521 0.08364
1 0.786979 0.527114 0.028125 0.057904
1 0.536979 0.495404 0.004167 0.038603
1 0.288802 0.418199 0.015104 0.011029
1 0.313021 0.420037 0.020833 0.036765
1 0.339323 0.419118 0.031771 0.049632
1 0.697396 0.503676 0.163542 0.227941
1 0.123177 0.392923 0.018229 0.024816
1 0.251042 0.389706 0.008333 0.027574
1 0.153385 0.384191 0.007812 0.023897
1 0.722396 0.394301 0.026042 0.077206
1 0.857552 0.223346 0.057812 0.080882
1 0.775521 0.074449 0.01875 0.044118
1 0.407812 0.433824 0.0375 0.049632
1 0.896354 0.580882 0.039583 0.055147
1 0.563802 0.4375 0.067188 0.117647
1 0.947917 0.573989 0.039583 0.078125
1 0.440104 0.435202 0.021875 0.061581
1 0.61224 0.457721 0.017188 0.036765
1 0.28125 0.118107 0.027083 0.045037
1 0.107812 0.370864 0.0125 0.02114
1 0.019271 0.32307 0.010417 0.026654
1 0.776562 0.576746 0.014583 0.02114
