0 0.527604 0.42693 0.141667 0.157169
1 0.023177 0.018382 0.010938 0.03125
1 0.239583 0.15625 0.023958 0.012868
1 0.041927 0.251379 0.009896 0.024816
1 0.117188 0.424632 0.021875 0.033088
1 0.050781 0.758272 0.016146 0.016544
1 0.105208 0.952206 0.01875 0.029412
1 0.161458 0.951746 0.022917 0.035846
1 0.463281 0.051011 0.029688 0.035846
1 0.500521 0.141544 0.016667 0.014706
1 0.503125 0.241728 0.008333 0.03125
1 0.683594 0.245404 0.009896 0.040441
1 0.739323 0.198989 0.016146 0.05239
1 0.879948 0.160386 0.006771 0.035846
1 0.856771 0.338695 0.0125 0.019301
1 0.378646 0.805607 0.021875 0.028493
1 0.49349 0.75 0.022396 0.018382
1 0.533854 0.79182 0.007292 0.02114
1 0.776042 0.884191 0.013542 0.03125
1 0.807031 0.785846 0.014062 0.012868
1 0.858333 0.814338 0.010417 0.042279
1 0.969531 0.823529 0.014062 0.027574
