1 0.091927 0.060202 0.128646 0.120404
1 0.057812 0.223805 0.098958 0.201287
1 0.052083 0.119026 0.038542 0.037684
1 0.027865 0.11443 0.011979 0.022978
1 0.027865 0.348346 0.010938 0.049632
1 0.017188 0.370404 0.034375 0.154412
1 0.016927 0.48943 0.033854 0.096507
1 0.011719 0.630974 0.023438 0.017463
1 0.003125 0.753217 0.00625 0.028493
1 0.0375 0.755055 0.013542 0.024816
1 0.114062 0.77114 0.007292 0.016544
1 0.197656 0.360754 0.026562 0.026654
1 0.174219 0.232996 0.028646 0.043199
1 0.161979 0.175551 0.010417 0.020221
1 0.251823 0.209099 0.034896 0.034007
1 0.369271 0.075827 0.004167 0.028493
1 0.446615 0.182904 0.011979 0.036765
1 0.479167 0.238511 0.022917 0.032169
1 0.446875 0.528493 0.029167 0.038603
1 0.421875 0.668658 0.045833 0.065257
1 0.507292 0.696232 0.027083 0.008272
1 0.490104 0.835018 0.029167 0.043199
0 0.445312 0.959099 0.055208 0.081801
1 0.349479 0.90671 0.023958 0.032169
1 0.011719 0.98989 0.016146 0.020221
1 0.736719 0.845588 0.020312 0.034926
1 0.744531 0.873162 0.011979 0.060662
1 0.805729 0.27068 0.075 0.090993
1 0.872135 0.243107 0.026562 0.045037
1 0.920052 0.414062 0.009896 0.017463
1 0.735417 0.051471 0.020833 0.033088
1 0.635156 0.081342 0.020312 0.030331
0 0.566406 0.103401 0.122396 0.206801
0 0.515885 0.558824 0.106771 0.233456
