1 0.66276 0.922335 0.034896 0.026654
1 0.841927 0.809743 0.016146 0.033088
1 0.241406 0.807445 0.006771 0.028493
1 0.708073 0.766544 0.011979 0.027574
1 0.71901 0.755515 0.011979 0.025735
1 0.68724 0.724265 0.016146 0.034926
1 0.039323 0.68796 0.013021 0.032169
1 0.127344 0.686581 0.036979 0.038603
1 0.595833 0.651654 0.014583 0.027574
1 0.729427 0.591912 0.020312 0.091912
1 0.496354 0.599265 0.035417 0.119485
1 0.564323 0.513787 0.007812 0.027574
1 0.704688 0.51057 0.005208 0.026654
1 0.16849 0.40671 0.053646 0.048713
1 0.660156 0.392463 0.014062 0.025735
1 0.615104 0.37546 0.011458 0.02114
1 0.422656 0.314798 0.065104 0.089154
1 0.667708 0.31204 0.065625 0.087316
1 0.272135 0.331342 0.067188 0.125919
1 0.94349 0.275735 0.007812 0.023897
1 0.046615 0.068934 0.093229 0.137868
1 0.561979 0.876838 0.010417 0.022059
1 0.579688 0.871783 0.011458 0.030331
1 0.582031 0.900276 0.014062 0.022978
1 0.65651 0.894301 0.031771 0.023897
1 0.905469 0.678768 0.011979 0.011949
1 0.713021 0.557445 0.014583 0.030331
1 0.715365 0.588235 0.014062 0.020221
1 0.701562 0.555147 0.016667 0.025735
