1 0.233854 0.113051 0.020833 0.025735
1 0.315104 0.317555 0.015625 0.028493
1 0.377865 0.378676 0.014062 0.038603
1 0.079427 0.494945 0.117188 0.199449
1 0.071875 0.744945 0.03125 0.065257
1 0.036198 0.690257 0.008854 0.016544
1 0.269271 0.869485 0.036458 0.023897
1 0.407812 0.92693 0.014583 0.034007
1 0.555729 0.988511 0.03125 0.022978
1 0.729427 0.749081 0.007812 0.016544
1 0.991146 0.082261 0.017708 0.056066
1 0.959375 0.430607 0.027083 0.034007
1 0.495312 0.46921 0.072917 0.151654
1 0.92474 0.637408 0.096354 0.164522
1 0.20599 0.015165 0.040104 0.026654
