1 0.213542 0.992647 0.009375 0.014706
1 0.047396 0.94807 0.0125 0.026654
1 0.109375 0.959559 0.042708 0.068015
1 0.708594 0.849265 0.029688 0.038603
1 0.205729 0.892923 0.11875 0.13511
1 0.142708 0.794118 0.013542 0.034926
1 0.200781 0.734835 0.023438 0.046875
1 0.845312 0.712316 0.01875 0.033088
1 0.230469 0.680607 0.013021 0.032169
1 0.591406 0.644761 0.007812 0.022978
1 0.359896 0.640165 0.073958 0.111213
1 0.36276 0.598346 0.016146 0.034926
1 0.561979 0.563879 0.017708 0.035846
1 0.204688 0.484375 0.038542 0.051471
1 0.220052 0.455423 0.020312 0.032169
1 0.523177 0.413603 0.010938 0.018382
1 0.351302 0.401654 0.013021 0.023897
1 0.423698 0.445772 0.075521 0.126838
1 0.660677 0.390625 0.010938 0.029412
1 0.3875 0.332721 0.008333 0.016544
1 0.386719 0.314798 0.008854 0.013787
1 0.24349 0.314338 0.017188 0.034926
1 0.521875 0.30193 0.06875 0.142463
1 0.29349 0.236673 0.008854 0.017463
1 0.018229 0.215533 0.036458 0.030331
1 0.208333 0.119945 0.020833 0.04136
1 0.138802 0.064798 0.022396 0.070772
1 0.270833 0.028952 0.026042 0.048713
