0 0.507552 0.43704 0.082812 0.221507
1 0.442969 0.501379 0.009896 0.032169
1 0.390365 0.523438 0.019271 0.02114
0 0.55651 0.613511 0.014062 0.024816
0 0.897917 0.902574 0.0125 0.022059
1 0.889844 0.935662 0.024479 0.034926
1 0.857031 0.919118 0.019271 0.03125
1 0.211198 0.306526 0.011979 0.019301
1 0.177604 0.230239 0.023958 0.078125
1 0.186979 0.283548 0.011458 0.019301
1 0.119792 0.170956 0.011458 0.023897
0 0.026562 0.067096 0.053125 0.040441
0 0.311719 0.159926 0.099479 0.194853
0 0.375 0.386949 0.016667 0.03125
1 0.025781 0.538603 0.026562 0.038603
1 0.207292 0.250919 0.011458 0.012868
1 0.22474 0.254136 0.007812 0.022978
0 0.110417 0.215074 0.039583 0.051471
1 0.227344 0.290901 0.011979 0.024816
1 0.224479 0.313419 0.010417 0.016544
1 0.341406 0.045037 0.013021 0.016544
1 0.555469 0.032629 0.009896 0.019301
1 0.945573 0.17739 0.007812 0.029412
1 0.984115 0.439338 0.021354 0.023897
1 0.579427 0.788603 0.004688 0.038603
1 0.535156 0.588235 0.009896 0.012868
