1 0.055469 0.057904 0.110938 0.115809
1 0.004948 0.150735 0.009896 0.0625
1 0.025 0.488051 0.05 0.095588
1 0.016146 0.741728 0.032292 0.154412
1 0.516406 0.057445 0.049479 0.090993
1 0.989323 0.277114 0.021354 0.068934
1 0.935677 0.664982 0.021354 0.02114
1 0.496875 0.5 0.510417 1.0
1 0.080208 0.152114 0.079167 0.133272
1 0.018229 0.263327 0.036458 0.142463
1 0.853646 0.850643 0.167708 0.298713
1 0.335938 0.547335 0.076042 0.256434
1 0.869271 0.676011 0.105208 0.118566
1 0.966927 0.639246 0.066146 0.133272
1 0.169792 0.610294 0.154167 0.286765
1 0.811198 0.263327 0.097396 0.179228
1 0.963542 0.769301 0.072917 0.134191
1 0.770573 0.071691 0.095312 0.126838
1 0.929948 0.912684 0.080729 0.174632
1 0.065104 0.775276 0.104167 0.249081
1 0.975781 0.919577 0.048438 0.160846
1 0.652865 0.451746 0.092188 0.107537
1 0.064062 0.253217 0.059375 0.203125
