1 0.027604 0.074908 0.055208 0.149816
1 0.41849 0.419118 0.073438 0.196691
1 0.50599 0.431526 0.145312 0.190257
1 0.627604 0.618566 0.091667 0.170956
1 0.740365 0.517004 0.015104 0.028493
1 0.60625 0.11443 0.0125 0.030331
1 0.296354 0.115809 0.017708 0.020221
1 0.463802 0.034007 0.007812 0.027574
1 0.908333 0.018842 0.007292 0.037684
1 0.884115 0.116268 0.010938 0.019301
1 0.958594 0.313879 0.011979 0.030331
1 0.759635 0.644761 0.011979 0.024816
1 0.200781 0.232996 0.044271 0.092831
1 0.947917 0.914982 0.089583 0.102022
1 0.91901 0.845129 0.088021 0.157169
1 0.25 0.898438 0.009375 0.05239
