1 0.649479 0.69761 0.028125 0.056985
1 0.74349 0.650735 0.031771 0.042279
1 0.929948 0.251379 0.020312 0.026654
0 0.551562 0.53125 0.102083 0.194853
0 0.405469 0.56296 0.128646 0.14614
1 0.014844 0.121783 0.014062 0.01011
1 0.083073 0.092371 0.017188 0.026654
1 0.198958 0.571691 0.017708 0.038603
1 0.222396 0.550551 0.028125 0.047794
1 0.426302 0.292279 0.010938 0.025735
1 0.560938 0.449908 0.017708 0.030331
1 0.898698 0.069393 0.014062 0.024816
1 0.982812 0.025276 0.010417 0.030331
0 0.990625 0.523438 0.01875 0.089154
