1 0.211719 0.877757 0.033854 0.069853
1 0.401042 0.901195 0.1125 0.164522
1 0.833594 0.821691 0.038021 0.016544
1 0.014323 0.81296 0.014062 0.094669
1 0.583333 0.804228 0.05 0.099265
1 0.544792 0.759191 0.0125 0.018382
1 0.383594 0.647059 0.022396 0.040441
1 0.570833 0.604779 0.013542 0.025735
1 0.671875 0.527114 0.048958 0.050551
1 0.803906 0.493566 0.019271 0.036765
1 0.079948 0.486213 0.009896 0.023897
1 0.404167 0.462316 0.027083 0.040441
1 0.473958 0.549632 0.194792 0.327206
1 0.527865 0.325368 0.010938 0.029412
1 0.802604 0.282169 0.061458 0.099265
1 0.622656 0.363051 0.118229 0.286765
1 0.841927 0.193474 0.060938 0.037684
1 0.190104 0.180147 0.01875 0.040441
1 0.745312 0.173254 0.011458 0.043199
1 0.903385 0.136489 0.036979 0.07261
1 0.405208 0.107996 0.0125 0.017463
1 0.752344 0.023897 0.025521 0.047794
1 0.061719 0.744026 0.034896 0.048713
