1 0.661458 0.965993 0.01875 0.023897
1 0.692708 0.918199 0.028125 0.038603
1 0.727604 0.877298 0.021875 0.057904
1 0.205729 0.838695 0.0125 0.017463
1 0.69375 0.850184 0.036458 0.055147
1 0.335938 0.847886 0.035417 0.070772
1 0.501302 0.891085 0.070312 0.168199
1 0.651823 0.828125 0.017188 0.077206
1 0.498698 0.674632 0.040104 0.040441
1 0.692969 0.589614 0.009896 0.017463
1 0.157031 0.590074 0.039062 0.045956
1 0.986198 0.45864 0.018229 0.022059
1 0.805208 0.388327 0.025 0.089154
1 0.93776 0.369485 0.038021 0.075368
1 0.858073 0.226562 0.118229 0.234375
1 0.429948 0.185202 0.074479 0.171875
1 0.497656 0.463235 0.400521 0.880515
1 0.225781 0.025276 0.016146 0.050551
1 0.939323 0.09375 0.121354 0.1875
1 0.461979 0.944853 0.030208 0.110294
1 0.738542 0.984835 0.013542 0.030331
