1 0.150781 0.013787 0.009896 0.014706
1 0.276562 0.08364 0.008333 0.020221
1 0.138542 0.559283 0.011458 0.024816
1 0.215365 0.553309 0.022396 0.036765
0 0.253125 0.613051 0.015625 0.045956
1 0.342448 0.259651 0.015104 0.030331
1 0.358854 0.313419 0.030208 0.079044
1 0.38151 0.36489 0.013021 0.03125
1 0.398958 0.370404 0.015625 0.038603
1 0.397396 0.431526 0.013542 0.026654
1 0.383073 0.512868 0.006771 0.03125
1 0.427865 0.465533 0.013021 0.032169
1 0.458594 0.463695 0.024479 0.030331
1 0.470052 0.534926 0.009896 0.012868
1 0.608854 0.215993 0.022917 0.047794
1 0.633333 0.142923 0.028125 0.026654
1 0.699479 0.433824 0.020833 0.040441
1 0.745052 0.610754 0.016146 0.024816
1 0.540885 0.599724 0.013021 0.019301
1 0.551823 0.629136 0.017188 0.046875
1 0.519271 0.683824 0.019792 0.034926
0 0.557292 0.727022 0.008333 0.038603
1 0.597135 0.751379 0.024479 0.046875
1 0.613802 0.787684 0.020312 0.027574
1 0.614323 0.826746 0.016146 0.039522
1 0.688281 0.910846 0.031771 0.033088
1 0.68099 0.955882 0.016146 0.034926
1 0.704688 0.964614 0.011458 0.017463
0 0.690365 0.805147 0.119271 0.200368
0 0.428646 0.283088 0.107292 0.148897
0 0.527344 0.474265 0.097396 0.180147
