1 0.015365 0.132812 0.030729 0.070772
1 0.067188 0.16636 0.035417 0.060662
1 0.105729 0.247702 0.014583 0.022978
1 0.28125 0.318015 0.032292 0.075368
1 0.259896 0.363971 0.013542 0.025735
1 0.283073 0.363051 0.016146 0.014706
1 0.26875 0.409007 0.019792 0.038603
1 0.334896 0.326287 0.020833 0.016544
1 0.342448 0.408088 0.035938 0.075368
1 0.31901 0.411305 0.016146 0.024816
1 0.36276 0.460478 0.029688 0.049632
1 0.39349 0.491268 0.008854 0.030331
1 0.407812 0.45818 0.030208 0.063419
1 0.440365 0.525276 0.019271 0.032169
1 0.510417 0.496783 0.022917 0.057904
1 0.522917 0.569393 0.026042 0.068934
1 0.564062 0.612132 0.041667 0.045956
1 0.584115 0.700827 0.013021 0.034007
1 0.607031 0.636029 0.047396 0.075368
1 0.654167 0.675092 0.033333 0.037684
1 0.642708 0.716452 0.017708 0.048713
1 0.677604 0.688879 0.016667 0.022978
1 0.69349 0.766085 0.018229 0.045037
1 0.729167 0.732537 0.013542 0.045956
1 0.748438 0.748162 0.010417 0.025735
1 0.770573 0.723805 0.008854 0.02114
1 0.792188 0.762408 0.014583 0.013787
1 0.770052 0.783548 0.015104 0.022978
1 0.779427 0.755974 0.024479 0.046875
1 0.19974 0.235754 0.020312 0.05239
1 0.110156 0.193474 0.034896 0.08364
1 0.858073 0.867647 0.026562 0.040441
1 0.892448 0.897059 0.032812 0.053309
1 0.476042 0.503217 0.030208 0.068934
1 0.16901 0.248162 0.031771 0.060662
1 0.814583 0.787224 0.017708 0.050551
1 0.245833 0.286305 0.030208 0.039522
1 0.08724 0.367647 0.008854 0.023897
1 0.079167 0.116728 0.00625 0.033088
1 0.329427 0.253217 0.008854 0.032169
1 0.821094 0.055147 0.011979 0.044118
1 0.984115 0.442555 0.017188 0.057904
