1 0.459115 0.858456 0.019271 0.053309
1 0.561979 0.28079 0.032292 0.074449
1 0.552865 0.240809 0.033854 0.038603
1 0.51901 0.503676 0.033854 0.047794
1 0.520573 0.713235 0.043229 0.060662
1 0.039844 0.452665 0.041146 0.10386
1 0.496354 0.363971 0.011458 0.033088
1 0.488542 0.532629 0.017708 0.028493
1 0.471094 0.759651 0.021354 0.039522
1 0.427865 0.910846 0.011979 0.022059
1 0.452344 0.696232 0.017188 0.02114
1 0.509115 0.600184 0.039062 0.051471
1 0.515885 0.654412 0.031771 0.036765
1 0.580729 0.009191 0.039583 0.018382
1 0.576823 0.082721 0.016146 0.016544
1 0.59375 0.108456 0.008333 0.014706
1 0.549479 0.198989 0.011458 0.013787
1 0.442708 0.297335 0.009375 0.013787
1 0.479167 0.86443 0.021875 0.037684
1 0.404948 0.98943 0.011979 0.02114
1 0.98099 0.680147 0.026562 0.027574
