1 0.017969 0.450827 0.010938 0.017463
1 0.078646 0.049632 0.020833 0.018382
1 0.196615 0.386489 0.024479 0.045037
0 0.45625 0.037224 0.028125 0.022978
1 0.472396 0.227941 0.013542 0.012868
0 0.479688 0.293199 0.010417 0.016544
1 0.43099 0.434743 0.004688 0.044118
1 0.47474 0.512868 0.027604 0.040441
1 0.841406 0.042739 0.010938 0.02114
1 0.870833 0.520221 0.025 0.016544
1 0.838281 0.585478 0.007812 0.040441
0 0.533073 0.865809 0.021354 0.113971
0 0.520312 0.717371 0.023958 0.078125
0 0.461458 0.445772 0.047917 0.060662
