1 0.649219 0.965533 0.015104 0.050551
1 0.511979 0.852022 0.045833 0.097426
1 0.872135 0.631893 0.058854 0.136949
1 0.035417 0.462776 0.070833 0.056066
1 0.052865 0.22932 0.024479 0.024816
1 0.121354 0.048254 0.008333 0.032169
1 0.98125 0.03171 0.009375 0.034007
1 0.067708 0.184283 0.135417 0.35386
1 0.546094 0.490809 0.650521 0.981618
1 0.82474 0.523438 0.350521 0.204963
1 0.876302 0.674632 0.247396 0.169118
1 0.903646 0.899357 0.192708 0.201287
1 0.634896 0.979779 0.030208 0.040441
1 0.992969 0.012868 0.014062 0.025735
