1 0.216667 0.461397 0.026042 0.042279
1 0.298177 0.464154 0.019271 0.036765
1 0.328646 0.460018 0.01875 0.045037
1 0.382552 0.44807 0.030729 0.068934
1 0.549479 0.446232 0.019792 0.144301
1 0.679427 0.522518 0.083854 0.061581
1 0.776562 0.545496 0.0125 0.034007
1 0.948438 0.556985 0.011458 0.022059
1 0.501042 0.511489 0.042708 0.078125
1 0.588802 0.46875 0.024479 0.086397
1 0.641927 0.487132 0.106771 0.101103
1 0.882552 0.513787 0.060938 0.056985
1 0.98151 0.528033 0.018229 0.07261
1 0.058594 0.18796 0.029688 0.032169
1 0.408073 0.759191 0.008854 0.027574
