1 0.550781 0.803309 0.123438 0.238971
1 0.838802 0.679228 0.110938 0.194853
1 0.107292 0.621783 0.08125 0.140625
1 0.411719 0.626838 0.091146 0.152574
1 0.493229 0.413603 0.135417 0.220588
1 0.761198 0.361213 0.108854 0.202206
1 0.921354 0.362132 0.125 0.211397
1 0.614583 0.128217 0.072917 0.113051
1 0.829688 0.140165 0.096875 0.16636
1 0.69974 0.183364 0.147396 0.295037
1 0.20625 0.253676 0.019792 0.056985
1 0.938542 0.617188 0.122917 0.258272
1 0.808073 0.58318 0.011979 0.017463
1 0.708333 0.013787 0.041667 0.027574
