1 0.064323 0.899357 0.035938 0.039522
0 0.451823 0.462776 0.010938 0.026654
1 0.463021 0.473805 0.008333 0.022978
1 0.558333 0.892004 0.027083 0.043199
1 0.646875 0.808824 0.016667 0.066176
1 0.964323 0.899357 0.005729 0.039522
1 0.798698 0.59375 0.017188 0.012868
0 0.913542 0.575368 0.010417 0.014706
1 0.969271 0.309743 0.026042 0.03125
0 0.653646 0.490349 0.060417 0.170037
0 0.06901 0.325368 0.128646 0.134191
0 0.190365 0.413603 0.024479 0.023897
1 0.117969 0.511949 0.008854 0.034926
1 0.949479 0.18704 0.005208 0.034007
1 0.895052 0.365349 0.025521 0.030331
1 0.804688 0.324908 0.009375 0.015625
1 0.491667 0.914522 0.008333 0.044118
