0 0.067188 0.450368 0.105208 0.086397
1 0.11224 0.496324 0.014062 0.036765
1 0.076823 0.674632 0.052604 0.091912
1 0.100521 0.251838 0.019792 0.036765
1 0.284375 0.33364 0.016667 0.009191
1 0.34974 0.021599 0.007812 0.035846
1 0.407812 0.539522 0.003125 0.038603
1 0.296094 0.653952 0.015104 0.04136
0 0.523438 0.5625 0.071875 0.095588
1 0.01224 0.759651 0.004688 0.030331
1 0.402344 0.877298 0.015104 0.032169
1 0.555208 0.971507 0.015625 0.012868
1 0.466146 0.772518 0.016667 0.011949
1 0.504427 0.517463 0.010938 0.014706
1 0.610677 0.303768 0.017188 0.063419
