1 0.996354 0.990349 0.007292 0.019301
1 0.921615 0.982537 0.042188 0.034926
1 0.18776 0.974265 0.015104 0.029412
1 0.976302 0.96921 0.009896 0.061581
1 0.530208 0.925092 0.011458 0.022978
1 0.164323 0.911765 0.009896 0.025735
1 0.896615 0.898897 0.010938 0.027574
1 0.248958 0.941636 0.070833 0.116728
1 0.975521 0.778033 0.009375 0.022978
1 0.0625 0.75046 0.017708 0.028493
1 0.545052 0.745404 0.015104 0.033088
1 0.358594 0.766544 0.132812 0.198529
1 0.619531 0.65671 0.019271 0.039522
1 0.476042 0.602482 0.010417 0.022978
1 0.36276 0.579504 0.010938 0.015625
1 0.421094 0.579504 0.029688 0.048713
1 0.978125 0.575368 0.04375 0.084559
1 0.389844 0.511489 0.066146 0.068934
1 0.707292 0.459559 0.015625 0.025735
1 0.817708 0.448989 0.016667 0.022978
1 0.972656 0.40671 0.008854 0.015625
1 0.35599 0.388327 0.017188 0.024816
1 0.821354 0.344669 0.013542 0.022059
1 0.839062 0.326287 0.015625 0.029412
1 0.422135 0.388787 0.160938 0.275735
1 0.705469 0.25046 0.016146 0.028493
1 0.467969 0.237592 0.009896 0.02114
1 0.740625 0.238511 0.016667 0.032169
1 0.778906 0.173713 0.021354 0.038603
1 0.150521 0.077206 0.008333 0.022059
1 0.2125 0.029871 0.019792 0.030331
1 0.52526 0.069853 0.103646 0.139706
