1 0.257292 0.113511 0.026042 0.024816
1 0.301823 0.101562 0.029688 0.100184
1 0.459375 0.454044 0.021875 0.029412
1 0.49974 0.545956 0.009896 0.014706
1 0.543229 0.518842 0.042708 0.054228
1 0.747656 0.9375 0.115104 0.082721
1 0.407292 0.265165 0.052083 0.113051
1 0.582031 0.59329 0.055729 0.048713
1 0.744792 0.848346 0.051042 0.03125
1 0.29401 0.055147 0.039062 0.110294
1 0.349219 0.13557 0.071354 0.147978
1 0.41849 0.342831 0.014062 0.023897
1 0.501042 0.473346 0.059375 0.066176
1 0.820573 0.964154 0.018229 0.014706
1 0.81276 0.990809 0.015104 0.018382
1 0.740885 0.888787 0.021354 0.044118
1 0.523958 0.554688 0.011458 0.034007
1 0.485938 0.438879 0.010417 0.015625
1 0.446615 0.400735 0.058854 0.053309
