1 0.426823 0.044118 0.017188 0.042279
1 0.490885 0.063879 0.039062 0.068934
1 0.433333 0.137408 0.007292 0.028493
1 0.598958 0.589154 0.032292 0.056985
1 0.507031 0.596507 0.041146 0.101103
1 0.493229 0.558364 0.015625 0.039522
1 0.496094 0.38511 0.019271 0.029412
1 0.74349 0.569393 0.028646 0.011949
1 0.905208 0.306526 0.021875 0.011949
1 0.984896 0.077665 0.010417 0.061581
1 0.923958 0.579044 0.014583 0.040441
1 0.667969 0.851562 0.019271 0.030331
1 0.477344 0.860754 0.026562 0.050551
1 0.441146 0.751838 0.023958 0.042279
1 0.521615 0.726562 0.020312 0.045037
1 0.396354 0.747243 0.015625 0.034926
1 0.296354 0.553309 0.023958 0.016544
1 0.265104 0.535386 0.010417 0.024816
1 0.106771 0.608456 0.026042 0.044118
1 0.151562 0.758732 0.011458 0.030331
0 0.431771 0.517463 0.198958 0.360294
0 0.545312 0.915441 0.110417 0.167279
0 0.32474 0.034926 0.052604 0.069853
1 0.114844 0.055607 0.007812 0.019301
1 0.081771 0.234835 0.042708 0.02114
1 0.134375 0.267004 0.0125 0.035846
1 0.172396 0.211397 0.030208 0.023897
1 0.299219 0.922794 0.006771 0.022059
1 0.517448 0.552849 0.017188 0.028493
1 0.616667 0.275735 0.013542 0.016544
1 0.733073 0.477482 0.009896 0.013787
1 0.850521 0.03171 0.009375 0.022978
