0 0.497135 0.579963 0.039062 0.084559
1 0.082552 0.390625 0.022396 0.016544
1 0.241667 0.542739 0.020833 0.013787
1 0.160938 0.018382 0.010417 0.03125
1 0.160156 0.251379 0.007812 0.039522
1 0.273698 0.100643 0.007812 0.019301
1 0.565365 0.048713 0.025521 0.014706
1 0.844792 0.131893 0.0125 0.026654
1 0.914062 0.376379 0.03125 0.008272
1 0.654948 0.51011 0.021354 0.009191
1 0.63776 0.795037 0.005729 0.027574
1 0.698698 0.976103 0.023438 0.03125
1 0.915885 0.912684 0.013021 0.016544
1 0.909115 0.590533 0.018229 0.019301
