1 0.511719 0.649816 0.089062 0.158088
1 0.480729 0.380515 0.045833 0.112132
1 0.193229 0.181985 0.015625 0.011029
1 0.13724 0.375 0.013021 0.025735
1 0.150521 0.426471 0.025 0.025735
1 0.08724 0.482077 0.024479 0.030331
1 0.454948 0.092371 0.025521 0.05239
1 0.433073 0.026654 0.052604 0.053309
1 0.448958 0.160386 0.0125 0.022978
1 0.56276 0.009651 0.026562 0.019301
1 0.506771 0.752298 0.00625 0.04136
1 0.624219 0.603401 0.008854 0.024816
1 0.677083 0.751379 0.017708 0.019301
1 0.752083 0.741728 0.016667 0.022059
1 0.80599 0.439798 0.011979 0.028493
