0 0.984635 0.912224 0.030729 0.131434
0 0.011198 0.259651 0.022396 0.032169
1 0.248177 0.295037 0.007812 0.034926
1 0.199219 0.68796 0.004688 0.037684
1 0.146875 0.840533 0.010417 0.02114
1 0.376042 0.652114 0.017708 0.02114
1 0.603906 0.961397 0.011979 0.044118
1 0.750781 0.731158 0.021354 0.011949
1 0.845833 0.743107 0.016667 0.011949
1 0.813542 0.570312 0.008333 0.022978
1 0.808333 0.363051 0.008333 0.044118
1 0.494531 0.287684 0.016146 0.022059
1 0.427604 0.142923 0.014583 0.019301
1 0.8875 0.118107 0.0125 0.013787
0 0.466406 0.502298 0.083854 0.138787
0 0.589323 0.585018 0.035938 0.184743
0 0.339583 0.453585 0.044792 0.096507
0 0.167708 0.359375 0.036458 0.073529
0 0.708333 0.77114 0.025 0.068015
