1 0.040625 0.297335 0.017708 0.030331
1 0.056771 0.318474 0.03125 0.059743
1 0.011719 0.653952 0.010938 0.019301
1 0.072656 0.443934 0.009896 0.025735
1 0.079167 0.976562 0.017708 0.028493
1 0.125781 0.346967 0.021354 0.057904
1 0.12474 0.295956 0.023438 0.044118
1 0.266146 0.215993 0.011458 0.034926
1 0.320052 0.668199 0.016146 0.03125
1 0.570573 0.082261 0.021354 0.017463
1 0.658854 0.821232 0.010417 0.011949
0 0.570052 0.962316 0.032812 0.075368
0 0.682812 0.935662 0.15 0.128676
0 0.475 0.482996 0.173958 0.23989
