1 0.87526 0.85386 0.039062 0.071691
1 0.863281 0.793658 0.036979 0.059743
1 0.810417 0.69807 0.029167 0.045037
1 0.523438 0.529412 0.047917 0.064338
1 0.194531 0.155331 0.017188 0.066176
1 0.066927 0.037684 0.044271 0.075368
1 0.154948 0.068015 0.009896 0.020221
1 0.273177 0.170956 0.007812 0.016544
1 0.286198 0.174173 0.007812 0.019301
1 0.383333 0.254136 0.014583 0.039522
1 0.396094 0.289522 0.021354 0.056985
1 0.420833 0.335938 0.008333 0.017463
1 0.429427 0.366728 0.010938 0.027574
1 0.436719 0.379136 0.010938 0.024816
1 0.471875 0.399357 0.0125 0.024816
1 0.50026 0.371783 0.006771 0.017463
1 0.513281 0.44807 0.006771 0.024816
1 0.508594 0.480239 0.007812 0.02114
1 0.561458 0.522518 0.016667 0.065257
1 0.61849 0.496783 0.092188 0.127757
1 0.657552 0.606158 0.007812 0.019301
1 0.66901 0.615809 0.010938 0.016544
1 0.682812 0.586857 0.011458 0.02114
1 0.802083 0.734375 0.010417 0.025735
1 0.841406 0.719669 0.011979 0.018382
1 0.855729 0.74954 0.009375 0.019301
1 0.845573 0.744026 0.013021 0.017463
1 0.976823 0.863971 0.028646 0.051471
1 0.072135 0.923254 0.014062 0.034007
1 0.066406 0.953585 0.015104 0.024816
1 0.77474 0.205423 0.015104 0.046875
