1 0.453646 0.655331 0.013542 0.020221
1 0.479688 0.652574 0.021875 0.027574
1 0.248958 0.018842 0.011458 0.037684
1 0.290885 0.221967 0.084896 0.217831
1 0.458854 0.599724 0.040625 0.155331
1 0.302604 0.212776 0.016667 0.037684
1 0.489583 0.697151 0.008333 0.019301
1 0.229688 0.078125 0.059375 0.090074
1 0.220573 0.050092 0.021354 0.068934
1 0.190365 0.092831 0.013021 0.016544
1 0.290365 0.012868 0.013021 0.016544
1 0.677083 0.138787 0.020833 0.025735
1 0.834115 0.03079 0.008854 0.02114
1 0.634375 0.428309 0.05625 0.090074
1 0.24375 0.514246 0.029167 0.076287
1 0.497656 0.61489 0.022396 0.047794
1 0.477604 0.685662 0.016667 0.025735
1 0.525521 0.766085 0.020833 0.013787
1 0.502344 0.735294 0.052604 0.090074
1 0.598958 0.939798 0.022917 0.035846
1 0.78151 0.928309 0.008854 0.023897
1 0.531771 0.790441 0.014583 0.042279
1 0.552865 0.819853 0.031771 0.095588
1 0.378906 0.412684 0.081771 0.264706
