1 0.627344 0.979779 0.005729 0.040441
1 0.061979 0.882812 0.020833 0.061581
1 0.202344 0.842831 0.009896 0.03125
1 0.43724 0.789522 0.009896 0.045956
1 0.08125 0.740349 0.016667 0.028493
1 0.507031 0.519301 0.029688 0.049632
1 0.169792 0.513327 0.022917 0.043199
1 0.572656 0.487592 0.010938 0.035846
1 0.46276 0.50046 0.056771 0.07261
1 0.765365 0.446691 0.014062 0.03125
1 0.671875 0.432904 0.01875 0.029412
1 0.479688 0.40625 0.010417 0.018382
1 0.405469 0.375 0.016146 0.042279
1 0.907552 0.372243 0.009896 0.038603
1 0.354688 0.276654 0.009375 0.023897
1 0.745052 0.078585 0.020312 0.024816
1 0.558073 0.044577 0.009896 0.089154
