1 0.03125 0.161305 0.0625 0.120404
1 0.222135 0.255515 0.044271 0.090074
1 0.19349 0.278033 0.052604 0.046875
1 0.339844 0.232077 0.025521 0.065257
1 0.352083 0.350184 0.014583 0.036765
1 0.176302 0.550551 0.015104 0.036765
1 0.190625 0.622243 0.015625 0.042279
0 0.274219 0.763787 0.121354 0.204044
1 0.225 0.808364 0.040625 0.048713
1 0.123698 0.959559 0.043229 0.03125
0 0.479688 0.560662 0.111458 0.205882
1 0.545833 0.615809 0.025 0.047794
0 0.704688 0.429228 0.104167 0.242647
0 0.951562 0.221048 0.096875 0.23989
1 0.911458 0.303768 0.020833 0.024816
1 0.864583 0.179228 0.023958 0.051471
1 0.780208 0.037224 0.053125 0.074449
1 0.685417 0.057904 0.082292 0.115809
1 0.082552 0.116728 0.007812 0.056985
1 0.040104 0.359835 0.014583 0.026654
1 0.201302 0.332261 0.008854 0.017463
1 0.248177 0.454504 0.010938 0.013787
1 0.223698 0.530331 0.018229 0.071691
1 0.207812 0.551011 0.011458 0.024816
1 0.398958 0.516544 0.016667 0.058824
1 0.589583 0.602941 0.008333 0.022059
1 0.714583 0.287684 0.020833 0.027574
1 0.815885 0.211397 0.015104 0.016544
1 0.811458 0.90579 0.021875 0.048713
1 0.352344 0.827206 0.030729 0.042279
1 0.005208 0.976103 0.010417 0.047794
