1 0.460677 0.525276 0.010938 0.022978
1 0.495833 0.525735 0.0125 0.029412
1 0.514062 0.526654 0.010417 0.018382
1 0.508594 0.494945 0.008854 0.015625
1 0.486979 0.600643 0.016667 0.034007
1 0.507031 0.632353 0.016146 0.033088
1 0.441667 0.855239 0.008333 0.02114
1 0.061719 0.834559 0.017188 0.025735
1 0.02526 0.409467 0.018229 0.037684
1 0.176823 0.180607 0.018229 0.026654
1 0.354167 0.39568 0.016667 0.024816
1 0.644792 0.105239 0.028125 0.037684
1 0.684635 0.267923 0.024479 0.045037
1 0.924219 0.190257 0.024479 0.049632
1 0.963281 0.198529 0.034896 0.044118
1 0.958333 0.106618 0.015625 0.029412
1 0.814583 0.417739 0.016667 0.028493
1 0.964323 0.456801 0.008854 0.023897
1 0.971615 0.600184 0.026562 0.022059
1 0.969792 0.626379 0.020833 0.043199
1 0.957292 0.8125 0.007292 0.016544
1 0.965365 0.915441 0.033854 0.071691
1 0.753385 0.724724 0.023438 0.037684
1 0.809896 0.59375 0.015625 0.036765
1 0.811198 0.551011 0.009896 0.030331
1 0.835156 0.538603 0.015104 0.029412
1 0.655729 0.538603 0.010417 0.018382
1 0.404948 0.06204 0.016146 0.024816
1 0.654427 0.449449 0.019271 0.033088
1 0.988802 0.908088 0.022396 0.058824
1 0.848177 0.987132 0.042188 0.025735
1 0.548177 0.334099 0.017188 0.039522
1 0.420833 0.178768 0.015625 0.028493
1 0.430729 0.496783 0.013542 0.032169
1 0.359375 0.792739 0.014583 0.030331
1 0.68125 0.048254 0.0125 0.013787
1 0.763021 0.962776 0.007292 0.026654
1 0.441927 0.590074 0.020312 0.033088
1 0.461198 0.565257 0.041146 0.038603
