1 0.834896 0.596507 0.025 0.040441
1 0.947917 0.607996 0.029167 0.065257
1 0.884375 0.586857 0.016667 0.035846
1 0.764583 0.579044 0.063542 0.088235
1 0.634115 0.576287 0.024479 0.084559
1 0.603125 0.54136 0.013542 0.034926
1 0.906771 0.514706 0.015625 0.053309
1 0.232552 0.445312 0.016146 0.048713
1 0.250781 0.43704 0.026562 0.045037
1 0.303125 0.44761 0.038542 0.068015
1 0.176302 0.43796 0.028646 0.048713
1 0.211458 0.4375 0.021875 0.082721
1 0.385677 0.302849 0.030729 0.056066
1 0.602604 0.200368 0.034375 0.069853
1 0.033073 0.38511 0.066146 0.102941
1 0.070833 0.399816 0.017708 0.036765
1 0.089844 0.421875 0.035938 0.069853
1 0.109375 0.394301 0.022917 0.056985
1 0.132292 0.411765 0.016667 0.027574
1 0.136198 0.433364 0.011979 0.02114
1 0.176562 0.391544 0.022917 0.025735
1 0.266406 0.446232 0.010938 0.019301
1 0.279688 0.440257 0.014583 0.022059
1 0.341927 0.449908 0.021354 0.037684
1 0.416146 0.460018 0.045833 0.081801
1 0.88125 0.390625 0.017708 0.045956
1 0.51224 0.508732 0.147396 0.170037
1 0.65625 0.557904 0.0125 0.071691
1 0.677344 0.552849 0.028646 0.065257
1 0.708854 0.548254 0.028125 0.067096
