1 0.549479 0.94807 0.053125 0.076287
1 0.686719 0.856618 0.113021 0.183824
1 0.553125 0.722886 0.054167 0.124081
1 0.76224 0.309283 0.102604 0.195772
1 0.900521 0.293658 0.113542 0.289522
1 0.123177 0.311121 0.152604 0.33364
1 0.571875 0.320772 0.230208 0.461397
1 0.339062 0.394761 0.336458 0.624081
1 0.583594 0.039982 0.078646 0.079963
1 0.007031 0.384651 0.014062 0.022978
1 0.040104 0.494026 0.080208 0.078125
1 0.010938 0.566176 0.021875 0.056985
1 0.044271 0.709559 0.088542 0.112132
1 0.05599 0.831801 0.111979 0.170956
1 0.046094 0.960018 0.092188 0.079963
1 0.96875 0.325827 0.0625 0.315257
1 0.938542 0.939338 0.0125 0.020221
