1 0.307812 0.059283 0.010417 0.019301
1 0.339844 0.056526 0.043229 0.035846
1 0.351302 0.02068 0.027604 0.026654
1 0.38724 0.067555 0.010938 0.019301
1 0.366667 0.085938 0.026042 0.026654
1 0.419271 0.366268 0.014583 0.011949
1 0.436198 0.460938 0.022396 0.02114
1 0.432292 0.536765 0.013542 0.012868
1 0.49349 0.681526 0.065104 0.04136
1 0.528906 0.752757 0.047396 0.060662
1 0.592969 0.870404 0.023438 0.047794
1 0.451823 0.591912 0.031771 0.077206
1 0.348177 0.16682 0.045312 0.159007
1 0.421875 0.309283 0.008333 0.028493
