1 0.389583 0.983456 0.010417 0.020221
1 0.34401 0.967371 0.010938 0.019301
1 0.236198 0.954963 0.011979 0.014706
1 0.611198 0.955882 0.015104 0.023897
1 0.727344 0.954963 0.010938 0.022059
1 0.316667 0.944853 0.009375 0.014706
1 0.272656 0.94761 0.013021 0.020221
1 0.510417 0.939798 0.010417 0.019301
1 0.190104 0.938419 0.010417 0.016544
1 0.641667 0.92739 0.008333 0.018382
1 0.325521 0.907169 0.010417 0.022059
1 0.316406 0.899357 0.006771 0.019301
1 0.563021 0.891085 0.0125 0.013787
1 0.031771 0.892004 0.011458 0.02114
1 0.326302 0.879136 0.008854 0.019301
1 0.542188 0.853401 0.009375 0.015625
1 0.939583 0.873621 0.023958 0.085478
1 0.305729 0.840533 0.010417 0.019301
1 0.55026 0.818934 0.010938 0.018382
1 0.005469 0.777574 0.010938 0.012868
1 0.391406 0.681985 0.007812 0.020221
1 0.442188 0.678768 0.010417 0.015625
1 0.488542 0.67693 0.007292 0.02114
1 0.34349 0.676011 0.010938 0.022978
1 0.745052 0.651654 0.010938 0.014706
1 0.590885 0.625 0.011979 0.016544
1 0.342708 0.579044 0.0125 0.020221
1 0.201562 0.565717 0.0125 0.02114
1 0.651302 0.564338 0.006771 0.023897
1 0.333594 0.538143 0.011979 0.019301
1 0.676562 0.568474 0.058333 0.100184
1 0.617969 0.507353 0.045312 0.108456
1 0.134115 0.412224 0.011979 0.017463
1 0.344792 0.29182 0.053125 0.090993
1 0.317188 0.238051 0.010417 0.018382
1 0.4875 0.519761 0.345833 0.602022
1 0.41276 0.230699 0.055729 0.134191
1 0.983594 0.073989 0.007812 0.019301
1 0.679427 0.03171 0.010938 0.017463
1 0.125781 0.046415 0.055729 0.085478
1 0.096094 0.965993 0.047396 0.068015
1 0.053906 0.979779 0.036979 0.040441
