1 0.395833 0.988051 0.01875 0.023897
1 0.515625 0.889706 0.017708 0.020221
1 0.039583 0.891544 0.040625 0.0625
1 0.192188 0.789522 0.021875 0.036765
1 0.608073 0.643842 0.017188 0.063419
1 0.136719 0.609375 0.008854 0.023897
1 0.454427 0.61489 0.030729 0.051471
1 0.717708 0.691176 0.140625 0.211397
1 0.723958 0.51011 0.091667 0.066176
1 0.529688 0.452665 0.148958 0.276654
1 0.207292 0.297335 0.026042 0.045037
1 0.023698 0.271599 0.015104 0.032169
1 0.635417 0.150276 0.039583 0.184743
1 0.367708 0.131434 0.175 0.251838
