1 0.463021 0.313879 0.017708 0.035846
1 0.45026 0.516085 0.038021 0.094669
1 0.642448 0.785846 0.043229 0.033088
1 0.733854 0.970129 0.0375 0.034007
1 0.38776 0.129136 0.102604 0.164522
1 0.554167 0.470129 0.110417 0.102022
1 0.482292 0.358915 0.025 0.131434
1 0.39375 0.095129 0.0375 0.07261
1 0.615885 0.590993 0.079688 0.128676
1 0.204167 0.18796 0.008333 0.024816
1 0.226562 0.626379 0.011458 0.019301
1 0.657031 0.866728 0.019271 0.044118
1 0.678906 0.846507 0.014062 0.011029
1 0.69375 0.954504 0.007292 0.019301
1 0.701302 0.964154 0.007812 0.016544
1 0.683073 0.899816 0.007812 0.033088
1 0.734635 0.867647 0.090104 0.101103
