1 0.179167 0.044118 0.021875 0.045956
1 0.345573 0.17693 0.009896 0.019301
1 0.486458 0.429228 0.008333 0.033088
1 0.471875 0.290901 0.011458 0.015625
1 0.440885 0.601562 0.022396 0.039522
1 0.517448 0.473805 0.011979 0.028493
1 0.536719 0.561121 0.011979 0.011949
1 0.632031 0.591912 0.017188 0.022059
0 0.351562 0.137868 0.032292 0.053309
0 0.450521 0.241268 0.048958 0.079963
0 0.564583 0.524357 0.046875 0.065257
1 0.323177 0.965074 0.007812 0.018382
1 0.264583 0.642463 0.010417 0.025735
1 0.526823 0.39614 0.008854 0.016544
1 0.852344 0.831342 0.011979 0.030331
1 0.902083 0.863051 0.011458 0.020221
