1 0.490885 0.392004 0.177604 0.30239
1 0.178906 0.297794 0.116146 0.227941
1 0.040104 0.410846 0.009375 0.014706
1 0.142969 0.570312 0.008854 0.015625
1 0.183333 0.432445 0.007292 0.02114
1 0.197656 0.442096 0.009896 0.023897
1 0.307031 0.348805 0.008854 0.024816
1 0.276302 0.46875 0.010938 0.011029
1 0.253646 0.46875 0.013542 0.020221
1 0.256771 0.508732 0.0125 0.013787
1 0.240104 0.51057 0.009375 0.017463
1 0.249479 0.529412 0.011458 0.018382
1 0.230729 0.547794 0.008333 0.023897
1 0.249219 0.790901 0.046354 0.094669
1 0.172396 0.818015 0.00625 0.020221
1 0.136979 0.818474 0.008333 0.024816
1 0.109375 0.829504 0.009375 0.017463
1 0.143229 0.726562 0.014583 0.02114
0 0.88151 0.168199 0.236979 0.336397
