1 0.036198 0.25046 0.019271 0.045037
1 0.461719 0.561121 0.058854 0.20864
1 0.44974 0.44807 0.070312 0.070772
1 0.505469 0.451746 0.013021 0.019301
1 0.535677 0.288603 0.038021 0.014706
1 0.532552 0.212776 0.048438 0.125919
1 0.655729 0.058364 0.020833 0.026654
1 0.400521 0.714614 0.040625 0.087316
1 0.267708 0.903493 0.010417 0.038603
1 0.223177 0.920956 0.022396 0.033088
1 0.261719 0.982996 0.010938 0.02114
1 0.333073 0.950368 0.032812 0.055147
1 0.376302 0.9375 0.004688 0.045956
1 0.650781 0.67693 0.011979 0.026654
1 0.486198 0.426471 0.016146 0.068015
1 0.417188 0.557445 0.052083 0.092831
1 0.520312 0.390625 0.034375 0.117647
1 0.595833 0.037684 0.041667 0.075368
1 0.34974 0.76011 0.045312 0.084559
1 0.570833 0.188419 0.061458 0.040441
1 0.243229 0.985754 0.028125 0.028493
1 0.386979 0.859835 0.023958 0.008272
1 0.991667 0.425551 0.014583 0.045956
