1 0.085938 0.341912 0.038542 0.060662
1 0.277344 0.334099 0.031771 0.05239
1 0.09974 0.863511 0.042188 0.026654
1 0.245573 0.869026 0.005729 0.028493
1 0.266667 0.887868 0.005208 0.042279
1 0.380469 0.776654 0.024479 0.023897
1 0.385156 0.715074 0.015104 0.03125
1 0.420833 0.487592 0.009375 0.017463
1 0.428906 0.336397 0.009896 0.020221
1 0.442448 0.287684 0.032812 0.044118
0 0.543229 0.289982 0.035417 0.028493
1 0.49375 0.258272 0.022917 0.027574
1 0.498698 0.144761 0.033854 0.048713
1 0.473698 0.042739 0.006771 0.059743
1 0.505469 0.028493 0.036979 0.056985
1 0.532812 0.099265 0.01875 0.016544
1 0.573958 0.153952 0.010417 0.022978
1 0.568229 0.255055 0.038542 0.045037
1 0.585677 0.433824 0.008854 0.014706
1 0.581771 0.460018 0.014583 0.028493
1 0.526042 0.560662 0.027083 0.033088
1 0.576823 0.608456 0.019271 0.029412
1 0.550521 0.657169 0.06875 0.064338
1 0.489062 0.695772 0.022917 0.051471
1 0.605208 0.857077 0.044792 0.085478
1 0.552083 0.804228 0.021875 0.009191
1 0.491927 0.956801 0.032812 0.084559
1 0.467969 0.978401 0.011979 0.022978
0 0.560938 0.540901 0.11875 0.227022
1 0.02474 0.068474 0.022396 0.019301
1 0.151042 0.015165 0.013542 0.030331
