1 0.105208 0.317555 0.017708 0.015625
1 0.216406 0.661765 0.007812 0.016544
1 0.257292 0.752298 0.0125 0.013787
1 0.158333 0.75046 0.013542 0.019301
1 0.386198 0.520221 0.008854 0.025735
1 0.394271 0.420956 0.017708 0.079044
1 0.327344 0.222426 0.009896 0.020221
1 0.271354 0.123621 0.00625 0.032169
1 0.503906 0.399816 0.005729 0.023897
1 0.575521 0.716912 0.004167 0.053309
1 0.848438 0.77114 0.008333 0.020221
1 0.939062 0.644761 0.0125 0.028493
1 0.977604 0.43796 0.017708 0.026654
1 0.911198 0.042279 0.022396 0.03125
1 0.803646 0.294118 0.017708 0.007353
1 0.717969 0.292279 0.009896 0.040441
1 0.708073 0.265625 0.027604 0.016544
1 0.67526 0.272059 0.010938 0.040441
1 0.647396 0.268842 0.01875 0.015625
1 0.625 0.262408 0.005208 0.026654
1 0.540104 0.169118 0.021875 0.036765
1 0.552865 0.073529 0.005729 0.034926
1 0.521354 0.505974 0.05625 0.098346
