1 0.10026 0.15625 0.035938 0.023897
1 0.23724 0.311581 0.011979 0.020221
1 0.254688 0.39614 0.01875 0.009191
1 0.482552 0.817555 0.009896 0.017463
1 0.434635 0.924173 0.007812 0.024816
1 0.778125 0.568934 0.017708 0.023897
1 0.776823 0.750919 0.009896 0.018382
1 0.765365 0.862592 0.014062 0.017463
0 0.45625 0.953585 0.03125 0.090993
0 0.474219 0.734835 0.018229 0.094669
0 0.432812 0.461857 0.030208 0.090993
0 0.469792 0.061581 0.045833 0.049632
1 0.423958 0.244945 0.009375 0.013787
1 0.938021 0.480699 0.026042 0.018382
