1 0.378646 0.682904 0.127083 0.227941
1 0.624479 0.355239 0.029167 0.068934
1 0.035677 0.951287 0.071354 0.097426
1 0.403906 0.046875 0.086979 0.09375
1 0.474219 0.077665 0.036979 0.04136
1 0.475 0.170037 0.060417 0.069853
1 0.605208 0.022059 0.040625 0.044118
1 0.75599 0.034467 0.056771 0.056066
1 0.65026 0.515165 0.071354 0.10386
1 0.678125 0.605699 0.059375 0.09375
1 0.571875 0.619485 0.146875 0.248162
1 0.517708 0.85432 0.209375 0.29136
1 0.370833 0.851562 0.063542 0.182904
1 0.701823 0.904871 0.066146 0.190257
1 0.526042 0.362132 0.105208 0.117647
1 0.321875 0.275276 0.067708 0.127757
1 0.214583 0.870404 0.067708 0.115809
1 0.451042 0.434283 0.057292 0.131434
1 0.728646 0.414522 0.096875 0.202206
