1 0.052604 0.714614 0.044792 0.032169
1 0.11875 0.521599 0.039583 0.050551
1 0.159375 0.628676 0.020833 0.014706
1 0.296615 0.953585 0.018229 0.043199
1 0.235417 0.572151 0.01875 0.057904
1 0.305208 0.488971 0.027083 0.018382
1 0.358333 0.467371 0.01875 0.050551
1 0.271875 0.088235 0.046875 0.029412
1 0.372396 0.076746 0.021875 0.015625
1 0.891927 0.842371 0.027604 0.024816
1 0.820833 0.84421 0.0125 0.028493
1 0.422396 0.698529 0.2 0.242647
1 0.533594 0.161765 0.117188 0.1875
1 0.360677 0.613971 0.032812 0.064338
1 0.041927 0.389246 0.028646 0.013787
1 0.336458 0.085018 0.014583 0.035846
1 0.198438 0.628676 0.013542 0.022059
1 0.32526 0.987132 0.036979 0.025735
1 0.383854 0.985754 0.032292 0.028493
1 0.797396 0.219669 0.013542 0.033088
1 0.890625 0.267923 0.016667 0.011949
1 0.907812 0.15579 0.028125 0.054228
1 0.989844 0.063419 0.020312 0.012868
