1 0.033854 0.059743 0.032292 0.0625
1 0.177604 0.088695 0.016667 0.061581
1 0.405469 0.368107 0.014062 0.030331
1 0.409375 0.403493 0.029167 0.029412
1 0.645052 0.59421 0.010938 0.032169
1 0.656771 0.653493 0.015625 0.027574
1 0.516927 0.487592 0.044271 0.100184
1 0.533854 0.44807 0.032292 0.059743
1 0.328385 0.241728 0.028646 0.064338
1 0.826562 0.846507 0.028125 0.047794
1 0.934115 0.900735 0.026562 0.073529
1 0.794792 0.765165 0.054167 0.089154
1 0.553906 0.528033 0.032812 0.054228
1 0.89375 0.91682 0.042708 0.065257
1 0.984635 0.977941 0.030729 0.042279
