0 0.738802 0.710018 0.023438 0.026654
0 0.174479 0.303768 0.057292 0.131434
0 0.540885 0.51011 0.071354 0.102941
0 0.07474 0.176471 0.045312 0.174632
0 0.128385 0.285386 0.055729 0.098346
0 0.30599 0.442555 0.056771 0.098346
0 0.41849 0.524357 0.025521 0.068934
0 0.520573 0.585938 0.038021 0.129596
0 0.797656 0.744485 0.059896 0.073529
0 0.248958 0.436121 0.071875 0.067096
0 0.647656 0.605239 0.052604 0.124081
1 0.492448 0.067555 0.015104 0.019301
1 0.611719 0.153493 0.008854 0.036765
1 0.890625 0.029412 0.008333 0.020221
0 0.957812 0.03079 0.033333 0.061581
1 0.805208 0.396599 0.015625 0.024816
1 0.951042 0.835018 0.01875 0.04136
