1 0.053646 0.83318 0.029167 0.043199
1 0.136719 0.752757 0.019271 0.060662
1 0.282552 0.544118 0.014062 0.012868
0 0.386198 0.527574 0.017188 0.018382
1 0.425521 0.84375 0.00625 0.034926
1 0.578385 0.720588 0.013021 0.014706
1 0.448177 0.27114 0.026562 0.033088
1 0.820312 0.309283 0.027083 0.089154
1 0.976823 0.294118 0.046354 0.055147
1 0.978125 0.829504 0.04375 0.087316
0 0.120052 0.438419 0.075521 0.174632
0 0.825781 0.577665 0.086979 0.116728
0 0.528906 0.459099 0.023438 0.192096
1 0.090365 0.883272 0.018229 0.009191
1 0.359115 0.766544 0.008854 0.025735
1 0.365885 0.324908 0.032812 0.032169
1 0.427865 0.15579 0.010938 0.035846
1 0.76849 0.69761 0.008854 0.053309
1 0.557292 0.633732 0.023958 0.01011
