1 0.191927 0.136489 0.020312 0.039522
1 0.078385 0.011949 0.048438 0.023897
1 0.092448 0.423254 0.009896 0.026654
1 0.005469 0.68704 0.010938 0.039522
1 0.182552 0.507812 0.026562 0.046875
1 0.18724 0.726562 0.011979 0.02114
1 0.298958 0.808824 0.0125 0.011029
1 0.391667 0.827665 0.007292 0.022978
1 0.378125 0.350184 0.085417 0.183824
1 0.417708 0.410846 0.054167 0.125
1 0.585156 0.588235 0.090104 0.152574
1 0.54974 0.603401 0.016146 0.028493
1 0.661458 0.706801 0.016667 0.038603
1 0.830469 0.747243 0.014062 0.023897
1 0.907292 0.643382 0.01875 0.079044
1 0.968229 0.673713 0.008333 0.029412
1 0.794271 0.357537 0.013542 0.023897
1 0.516667 0.01011 0.011458 0.020221
1 0.627083 0.03171 0.007292 0.02114
1 0.296354 0.225184 0.159375 0.25
1 0.869792 0.862592 0.176042 0.274816
1 0.746615 0.758272 0.140104 0.196691
1 0.490885 0.527114 0.128646 0.221507
