1 0.813802 0.867647 0.086979 0.167279
1 0.891667 0.828125 0.113542 0.172794
1 0.160417 0.811581 0.119792 0.185662
1 0.053385 0.786765 0.058854 0.152574
1 0.591927 0.755974 0.064062 0.133272
1 0.508073 0.734375 0.056771 0.102941
1 0.107552 0.735754 0.090104 0.153493
1 0.036198 0.705423 0.072396 0.136949
1 0.147656 0.630974 0.127604 0.186581
1 0.445573 0.602941 0.090104 0.180147
1 0.067969 0.564338 0.132812 0.200368
1 0.267448 0.42739 0.095312 0.15625
1 0.60651 0.379596 0.066146 0.137868
1 0.348438 0.403952 0.115625 0.186581
1 0.055729 0.282169 0.111458 0.262868
1 0.363542 0.255974 0.105208 0.225184
1 0.216667 0.197151 0.111458 0.234375
1 0.33099 0.109835 0.080729 0.160846
1 0.654167 0.046875 0.061458 0.09375
1 0.463802 0.186581 0.219271 0.373162
1 0.259115 0.07307 0.105729 0.14614
1 0.122917 0.159926 0.1375 0.319853
1 0.025781 0.857077 0.051562 0.13511
1 0.0625 0.939798 0.084375 0.120404
1 0.227344 0.949449 0.060938 0.101103
1 0.126562 0.952665 0.04375 0.094669
1 0.010417 0.95864 0.020833 0.082721
1 0.025521 0.084099 0.051042 0.168199
1 0.746875 0.982077 0.019792 0.034007
