1 0.773698 0.879136 0.036979 0.070772
1 0.933073 0.943015 0.009896 0.095588
1 0.665365 0.398897 0.144271 0.25
1 0.598698 0.919118 0.059896 0.150735
1 0.69401 0.897518 0.068229 0.076287
1 0.030208 0.219669 0.044792 0.084559
1 0.190625 0.300092 0.028125 0.061581
1 0.189844 0.404412 0.032812 0.068015
1 0.540365 0.619945 0.023438 0.011949
1 0.504427 0.722426 0.032812 0.091912
1 0.520833 0.753217 0.033333 0.054228
1 0.629427 0.727941 0.016146 0.014706
1 0.594792 0.818474 0.015625 0.013787
1 0.658333 0.982537 0.019792 0.011029
1 0.854688 0.931526 0.034375 0.039522
