1 0.096094 0.804688 0.016146 0.032169
1 0.107552 0.5625 0.007812 0.023897
1 0.778906 0.027574 0.007812 0.023897
1 0.691667 0.276195 0.019792 0.015625
1 0.740365 0.378676 0.026562 0.011029
1 0.797396 0.559743 0.019792 0.03125
1 0.704427 0.543199 0.004688 0.029412
1 0.447656 0.617647 0.015104 0.047794
1 0.459115 0.672335 0.013021 0.02114
1 0.46875 0.740809 0.007292 0.018382
1 0.971094 0.232537 0.032812 0.014706
1 0.882812 0.772059 0.010417 0.044118
1 0.8375 0.795496 0.016667 0.02114
1 0.439583 0.836857 0.009375 0.024816
1 0.114062 0.90579 0.0125 0.01011
0 0.396354 0.964154 0.05625 0.069853
1 0.283073 0.058364 0.007812 0.035846
