1 0.638021 0.691636 0.108333 0.214154
1 0.403125 0.690257 0.129167 0.244485
1 0.511719 0.645221 0.086979 0.196691
1 0.161979 0.423713 0.010417 0.022059
1 0.576562 0.430147 0.10625 0.152574
1 0.66901 0.386949 0.077604 0.139706
1 0.369271 0.3125 0.303125 0.384191
1 0.204688 0.142463 0.0375 0.091912
1 0.9 0.190717 0.191667 0.249081
1 0.692188 0.158548 0.194792 0.317096
1 0.534635 0.042739 0.066146 0.085478
1 0.351823 0.101103 0.226562 0.202206
1 0.107812 0.057445 0.176042 0.11489
1 0.919271 0.644761 0.161458 0.513787
