1 0.139583 0.848805 0.039583 0.056066
1 0.197917 0.750919 0.038542 0.058824
1 0.445573 0.480239 0.022396 0.037684
1 0.465625 0.46875 0.03125 0.064338
1 0.571615 0.374081 0.018229 0.047794
1 0.584375 0.373621 0.022917 0.045037
1 0.595573 0.323529 0.013021 0.045956
1 0.64974 0.248621 0.023438 0.035846
1 0.644792 0.205882 0.046875 0.047794
1 0.738021 0.132353 0.016667 0.044118
1 0.751562 0.140625 0.017708 0.036765
1 0.760677 0.097886 0.028646 0.037684
1 0.776042 0.075827 0.021875 0.028493
1 0.780469 0.047794 0.018229 0.023897
1 0.795052 0.028033 0.019271 0.028493
1 0.811719 0.020221 0.006771 0.027574
1 0.369792 0.551011 0.033333 0.059743
1 0.541667 0.335938 0.027083 0.054228
1 0.195052 0.811121 0.024479 0.045037
1 0.572917 0.290441 0.025 0.040441
1 0.686979 0.164522 0.020833 0.047794
1 0.290104 0.669118 0.020833 0.045956
1 0.165885 0.801011 0.023438 0.039522
1 0.344271 0.625919 0.01875 0.040441
1 0.323177 0.637868 0.027604 0.027574
1 0.042188 0.962316 0.034375 0.023897
1 0.714583 0.180147 0.00625 0.038603
1 0.21224 0.465533 0.015104 0.04136
1 0.979167 0.503676 0.010417 0.027574
