1 0.353906 0.898438 0.008854 0.046875
1 0.35625 0.865349 0.014583 0.019301
1 0.369792 0.828125 0.009375 0.016544
1 0.404167 0.741268 0.011458 0.034007
1 0.431771 0.469669 0.069792 0.056985
1 0.583594 0.400735 0.018229 0.014706
1 0.471354 0.442096 0.028125 0.104779
1 0.553125 0.358915 0.0125 0.024816
1 0.558073 0.288603 0.008854 0.016544
1 0.542448 0.246324 0.029688 0.055147
1 0.603125 0.186581 0.008333 0.038603
1 0.702604 0.026195 0.022917 0.028493
1 0.253906 0.956342 0.022396 0.05239
1 0.254167 0.98943 0.013542 0.02114
