1 0.392188 0.028493 0.014583 0.036765
1 0.409896 0.05193 0.010417 0.019301
1 0.440625 0.122702 0.01875 0.056066
1 0.491146 0.307445 0.026042 0.037684
1 0.503646 0.34421 0.01875 0.032169
1 0.55026 0.474265 0.019271 0.038603
1 0.566406 0.497702 0.027604 0.030331
1 0.5375 0.518382 0.026042 0.042279
1 0.556771 0.78125 0.040625 0.056985
1 0.60625 0.930147 0.014583 0.027574
1 0.647656 0.943015 0.021354 0.034926
1 0.913802 0.847426 0.043229 0.055147
1 0.807292 0.047335 0.019792 0.030331
1 0.848698 0.037684 0.008854 0.049632
1 0.403646 0.10386 0.034375 0.088235
1 0.521354 0.439798 0.0375 0.065257
1 0.57474 0.59329 0.035938 0.05239
1 0.45651 0.575368 0.030729 0.051471
1 0.465885 0.232537 0.039062 0.034926
1 0.469531 0.407169 0.018229 0.044118
1 0.494792 0.402574 0.01875 0.03125
1 0.426302 0.013787 0.008854 0.014706
1 0.576562 0.707721 0.015625 0.047794
1 0.630208 0.98989 0.016667 0.020221
