1 0.340104 0.783088 0.0125 0.053309
1 0.231771 0.267004 0.0125 0.024816
1 0.517708 0.551471 0.05 0.060662
1 0.045573 0.12454 0.014062 0.017463
1 0.571875 0.028033 0.028125 0.032169
1 0.445833 0.16682 0.009375 0.017463
1 0.484115 0.130974 0.017188 0.011949
1 0.661979 0.006893 0.011458 0.013787
1 0.883333 0.12454 0.010417 0.026654
1 0.577865 0.326746 0.003646 0.045037
1 0.226823 0.862132 0.021354 0.011029
1 0.598438 0.42739 0.026042 0.009191
1 0.873698 0.779412 0.022396 0.033088
1 0.954167 0.918199 0.00625 0.044118
