1 0.985677 0.555147 0.019271 0.045956
1 0.954167 0.553768 0.028125 0.046875
1 0.439583 0.492188 0.020833 0.037684
1 0.41276 0.481158 0.017188 0.019301
1 0.388802 0.47886 0.013021 0.029412
1 0.554688 0.469669 0.014583 0.025735
1 0.364583 0.472886 0.01875 0.04136
1 0.407552 0.450368 0.022396 0.023897
1 0.659896 0.45818 0.057292 0.102022
1 0.235417 0.39568 0.036458 0.089154
1 0.008594 0.363971 0.015104 0.049632
1 0.169792 0.400276 0.077083 0.136949
1 0.105469 0.36489 0.033854 0.069853
1 0.084375 0.359835 0.021875 0.061581
1 0.039583 0.365809 0.035417 0.088235
1 0.116406 0.078585 0.020312 0.050551
1 0.627083 0.06204 0.083333 0.124081
