1 0.00599 0.976562 0.011979 0.034007
1 0.648698 0.808364 0.009896 0.019301
1 0.303646 0.690257 0.025 0.022059
1 0.407292 0.69761 0.077083 0.143382
1 0.04349 0.595588 0.086979 0.222426
1 0.605729 0.547794 0.102083 0.202206
1 0.953125 0.476103 0.036458 0.066176
1 0.742708 0.486673 0.066667 0.155331
1 0.21224 0.578125 0.204688 0.387868
1 0.874479 0.318934 0.095833 0.15625
1 0.01875 0.253676 0.0375 0.079044
1 0.916406 0.234835 0.027604 0.056066
1 0.76875 0.167279 0.079167 0.174632
1 0.040885 0.048713 0.028646 0.033088
1 0.572135 0.14568 0.201562 0.29136
1 0.975 0.431066 0.05 0.101103
1 0.978646 0.865809 0.042708 0.238971
1 0.985938 0.07261 0.028125 0.0625
