1 0.254167 0.019301 0.03125 0.038603
1 0.320312 0.073989 0.009375 0.013787
1 0.38125 0.189798 0.057292 0.136949
1 0.448177 0.441636 0.028646 0.046875
1 0.489583 0.481618 0.009375 0.016544
1 0.523698 0.471048 0.007812 0.019301
1 0.61849 0.701746 0.046354 0.074449
1 0.645312 0.686121 0.019792 0.045037
1 0.652083 0.755974 0.061458 0.107537
1 0.597656 0.619485 0.064062 0.113971
1 0.326562 0.146599 0.045833 0.090993
1 0.747135 0.922335 0.049479 0.090993
1 0.7375 0.829044 0.044792 0.086397
1 0.692969 0.795037 0.028646 0.064338
1 0.528125 0.539062 0.036458 0.048713
1 0.569531 0.544118 0.064062 0.113971
