1 0.392448 0.965533 0.020312 0.017463
1 0.975 0.970129 0.041667 0.059743
1 0.7625 0.887408 0.0125 0.035846
1 0.033854 0.880055 0.014583 0.024816
1 0.057031 0.856618 0.014062 0.034926
1 0.528385 0.859375 0.047396 0.113971
0 0.61875 0.870404 0.158333 0.193015
1 0.465365 0.699908 0.017188 0.030331
1 0.232292 0.653033 0.072917 0.153493
1 0.408854 0.585478 0.029167 0.058824
1 0.703906 0.588235 0.033854 0.079044
1 0.169531 0.431526 0.008854 0.019301
0 0.521094 0.484835 0.155729 0.223346
1 0.182552 0.398897 0.020312 0.053309
1 0.669531 0.380974 0.010938 0.02114
1 0.636198 0.392923 0.022396 0.045037
1 0.176302 0.307445 0.007812 0.017463
1 0.638542 0.28125 0.023958 0.040441
1 0.18776 0.189338 0.030729 0.068015
1 0.653385 0.10432 0.011979 0.028493
1 0.289062 0.067096 0.011458 0.029412
0 0.198698 0.007353 0.027604 0.014706
1 0.008854 0.007353 0.0125 0.014706
1 0.396354 0.973805 0.10625 0.050551
