1 0.85651 0.300092 0.049479 0.063419
1 0.592188 0.267463 0.1125 0.1875
1 0.127604 0.48989 0.025 0.03125
1 0.279948 0.116728 0.009896 0.020221
1 0.639583 0.105699 0.010417 0.014706
1 0.689844 0.189338 0.006771 0.018382
1 0.685156 0.224724 0.011979 0.022978
1 0.657812 0.303309 0.0125 0.012868
1 0.648438 0.322151 0.013542 0.017463
1 0.704948 0.255055 0.007812 0.017463
1 0.713802 0.248162 0.011979 0.016544
1 0.718229 0.285386 0.011458 0.017463
1 0.706771 0.434743 0.008333 0.014706
1 0.842708 0.460478 0.010417 0.012868
1 0.986719 0.646599 0.007812 0.02114
1 0.832812 0.518842 0.013542 0.013787
1 0.83099 0.565717 0.009896 0.017463
1 0.78776 0.47932 0.008854 0.026654
1 0.594792 0.558824 0.007292 0.022059
1 0.583073 0.912224 0.008854 0.013787
