1 0.090104 0.859835 0.023958 0.032169
1 0.18125 0.857077 0.0125 0.043199
1 0.117969 0.871783 0.110938 0.140625
1 0.468229 0.793199 0.055208 0.038603
1 0.130729 0.804688 0.023958 0.079963
1 0.290625 0.692555 0.035417 0.085478
1 0.722396 0.669577 0.021875 0.057904
1 0.334115 0.611673 0.026562 0.078125
1 0.013802 0.582261 0.027604 0.045037
1 0.427083 0.556066 0.014583 0.025735
1 0.117188 0.533548 0.014583 0.028493
1 0.526302 0.511029 0.005729 0.027574
1 0.092448 0.508732 0.013021 0.026654
1 0.820052 0.474265 0.020312 0.045956
1 0.290885 0.568474 0.122396 0.245404
1 0.401042 0.346507 0.013542 0.056985
1 0.852865 0.319393 0.066146 0.048713
1 0.91224 0.184283 0.015104 0.034007
1 0.480208 0.464154 0.552083 0.601103
1 0.819271 0.210938 0.078125 0.210478
1 0.548177 0.080882 0.011979 0.049632
1 0.765104 0.84329 0.232292 0.313419
1 0.061198 0.908548 0.122396 0.182904
1 0.003125 0.288143 0.00625 0.028493
