1 0.140625 0.869945 0.022917 0.054228
1 0.230469 0.790441 0.024479 0.029412
1 0.167969 0.869945 0.019271 0.067096
1 0.32474 0.650276 0.014062 0.046875
1 0.327344 0.61443 0.018229 0.037684
1 0.483333 0.396599 0.0125 0.034007
1 0.566406 0.225643 0.025521 0.046875
1 0.58099 0.22932 0.006771 0.035846
1 0.583594 0.203125 0.021354 0.014706
1 0.60625 0.161305 0.016667 0.02114
1 0.607292 0.140165 0.025 0.022978
1 0.623698 0.150276 0.009896 0.015625
1 0.619792 0.172335 0.0125 0.046875
1 0.771875 0.011949 0.008333 0.023897
1 0.296094 0.667739 0.021354 0.039522
1 0.097656 0.926471 0.029688 0.025735
1 0.444271 0.420956 0.016667 0.038603
1 0.53099 0.314798 0.013021 0.046875
1 0.25651 0.696691 0.011979 0.036765
1 0.192188 0.84375 0.010417 0.044118
1 0.350781 0.534007 0.016146 0.018382
1 0.520052 0.34421 0.007812 0.046875
1 0.41901 0.473346 0.006771 0.044118
1 0.484115 0.352482 0.011979 0.048713
1 0.178906 0.886949 0.017188 0.056985
