1 0.07526 0.120404 0.010938 0.022059
1 0.05 0.829963 0.014583 0.040441
1 0.63125 0.236213 0.01875 0.036765
1 0.679167 0.107537 0.011458 0.022059
1 0.520312 0.034007 0.014583 0.020221
1 0.402604 0.167739 0.010417 0.02114
1 0.14349 0.068474 0.029688 0.043199
1 0.159115 0.092831 0.014062 0.033088
1 0.154167 0.126379 0.01875 0.022978
1 0.232292 0.211857 0.013542 0.039522
1 0.248958 0.237132 0.0125 0.014706
1 0.371615 0.471967 0.014062 0.013787
1 0.547135 0.618566 0.011979 0.022059
1 0.623177 0.660846 0.019271 0.03125
1 0.69349 0.745864 0.018229 0.035846
0 0.048177 0.05193 0.034896 0.10386
0 0.423958 0.419118 0.05625 0.152574
0 0.876302 0.93704 0.073438 0.124081
1 0.644792 0.658088 0.011458 0.011029
1 0.627604 0.678768 0.0125 0.017463
1 0.920052 0.434743 0.018229 0.051471
