1 0.049219 0.34421 0.023438 0.032169
1 0.16276 0.376379 0.075521 0.140625
1 0.191927 0.430147 0.044271 0.071691
1 0.24375 0.257353 0.063542 0.128676
1 0.276823 0.337776 0.059896 0.170037
1 0.314062 0.244945 0.06875 0.131434
1 0.332031 0.349265 0.105729 0.15625
1 0.342708 0.401195 0.039583 0.08364
1 0.206771 0.451746 0.021875 0.02114
1 0.21849 0.432445 0.006771 0.02114
1 0.225781 0.457261 0.010938 0.013787
1 0.201823 0.485294 0.006771 0.018382
1 0.209896 0.473346 0.010417 0.016544
1 0.215625 0.500919 0.009375 0.014706
1 0.238802 0.467371 0.008854 0.034007
1 0.228646 0.436581 0.010417 0.022059
1 0.247396 0.433824 0.011458 0.025735
1 0.258594 0.443474 0.007812 0.02114
1 0.403646 0.362592 0.011458 0.024816
1 0.34974 0.455423 0.014062 0.030331
1 0.340104 0.465533 0.0125 0.032169
1 0.438542 0.411765 0.013542 0.011029
1 0.479427 0.388787 0.007812 0.016544
1 0.590104 0.439338 0.010417 0.014706
1 0.061458 0.377298 0.032292 0.063419
1 0.681771 0.292279 0.117708 0.220588
1 0.742448 0.352941 0.057812 0.117647
