1 0.504167 0.049632 0.011458 0.016544
1 0.616927 0.273897 0.026562 0.023897
1 0.716927 0.653033 0.044271 0.037684
1 0.521354 0.903033 0.028125 0.02114
1 0.52526 0.851562 0.018229 0.043199
1 0.51276 0.820312 0.035938 0.034007
1 0.504427 0.653033 0.019271 0.024816
1 0.507031 0.632812 0.039062 0.015625
1 0.517448 0.560662 0.030729 0.025735
1 0.523438 0.514246 0.05 0.065257
1 0.514583 0.47886 0.040625 0.014706
1 0.503906 0.456801 0.026562 0.029412
1 0.530469 0.369026 0.024479 0.024816
1 0.529948 0.346507 0.010938 0.029412
1 0.523958 0.224724 0.029167 0.015625
1 0.535938 0.175092 0.039583 0.028493
1 0.517188 0.191636 0.0125 0.011949
1 0.130469 0.770221 0.032812 0.049632
1 0.520052 0.043199 0.008854 0.023897
1 0.847396 0.375919 0.007292 0.03125
1 0.527604 0.430607 0.032292 0.061581
1 0.539583 0.894761 0.007292 0.035846
1 0.511458 0.601562 0.027083 0.034007
1 0.507031 0.579044 0.011979 0.023897
1 0.524219 0.96875 0.029688 0.049632
1 0.513542 0.699908 0.021875 0.037684
1 0.502865 0.025735 0.020312 0.033088
1 0.507031 0.772978 0.038021 0.040441
