1 0.022917 0.426011 0.009375 0.02114
1 0.115104 0.400735 0.011458 0.012868
1 0.221094 0.68796 0.022396 0.030331
1 0.266927 0.412224 0.018229 0.022978
1 0.328646 0.434743 0.0125 0.018382
1 0.364323 0.46829 0.024479 0.037684
1 0.420573 0.512868 0.032812 0.027574
1 0.448958 0.528493 0.013542 0.042279
1 0.554688 0.525735 0.010417 0.029412
1 0.599479 0.554228 0.008333 0.025735
1 0.664583 0.597426 0.05 0.064338
1 0.709115 0.607537 0.021354 0.038603
1 0.766406 0.66636 0.019271 0.051471
1 0.753125 0.700827 0.023958 0.032169
1 0.85599 0.702665 0.010938 0.017463
1 0.91276 0.704044 0.009896 0.03125
1 0.663281 0.323989 0.015104 0.019301
0 0.984635 0.670037 0.030729 0.086397
0 0.635677 0.543658 0.063021 0.170037
0 0.040365 0.307904 0.064062 0.159926
0 0.684375 0.612132 0.029167 0.060662
0 0.144271 0.408088 0.016667 0.130515
0 0.450521 0.454044 0.091667 0.108456
0 0.211979 0.383272 0.120833 0.130515
0 0.314583 0.351103 0.123958 0.134191
0 0.911198 0.753217 0.082812 0.059743
0 0.555469 0.526195 0.068229 0.13511
