1 0.007031 0.335018 0.014062 0.04136
1 0.052604 0.405331 0.105208 0.134191
1 0.032031 0.546875 0.064062 0.145221
1 0.043229 0.84329 0.086458 0.234375
1 0.067188 0.948529 0.085417 0.102941
1 0.883594 0.056066 0.036979 0.082721
1 0.667448 0.017004 0.025521 0.034007
1 0.554948 0.82307 0.107812 0.217831
1 0.661458 0.902114 0.090625 0.195772
1 0.760156 0.915441 0.125521 0.169118
1 0.638021 0.136949 0.039583 0.088235
1 0.678906 0.116728 0.048438 0.069853
1 0.670833 0.173713 0.040625 0.077206
1 0.703385 0.176011 0.066146 0.087316
1 0.665104 0.270221 0.044792 0.079044
1 0.692969 0.295037 0.033854 0.060662
1 0.709375 0.347426 0.038542 0.112132
1 0.679948 0.347426 0.034896 0.091912
1 0.650521 0.34375 0.051042 0.097426
1 0.648958 0.471048 0.169792 0.206801
1 0.716927 0.426011 0.070312 0.054228
1 0.746615 0.519761 0.152604 0.243566
1 0.777604 0.684283 0.134375 0.263787
1 0.703125 0.662224 0.089583 0.188419
1 0.650781 0.57261 0.071354 0.108456
1 0.70625 0.825368 0.036458 0.051471
