1 0.400781 0.131434 0.011979 0.012868
1 0.409115 0.178768 0.011979 0.013787
1 0.454427 0.292739 0.010938 0.026654
1 0.459115 0.349724 0.026562 0.032169
1 0.441667 0.362592 0.01875 0.032169
1 0.454688 0.481158 0.026042 0.045037
1 0.472656 0.512868 0.007812 0.022059
1 0.480729 0.556985 0.016667 0.029412
1 0.494271 0.588695 0.01875 0.037684
1 0.495573 0.715993 0.007812 0.023897
1 0.692448 0.691636 0.009896 0.022978
1 0.608594 0.594669 0.006771 0.025735
1 0.591667 0.486673 0.0375 0.056066
1 0.860677 0.306066 0.015104 0.033088
1 0.579167 0.595588 0.042708 0.068015
1 0.473698 0.387868 0.034896 0.064338
1 0.730208 0.352941 0.041667 0.079044
1 0.7125 0.668199 0.021875 0.042279
1 0.935156 0.103401 0.018229 0.017463
