1 0.92474 0.465533 0.060938 0.125919
1 0.758333 0.306066 0.063542 0.119485
1 0.104167 0.359375 0.130208 0.143382
1 0.298177 0.506893 0.039062 0.079963
1 0.38099 0.411305 0.141146 0.147978
1 0.215625 0.529871 0.095833 0.190257
1 0.876302 0.382812 0.079688 0.105699
1 0.094792 0.532629 0.165625 0.210478
1 0.702083 0.426011 0.023958 0.138787
1 0.194531 0.401654 0.030729 0.075368
1 0.534635 0.339614 0.131771 0.188419
1 0.578385 0.815717 0.057812 0.105699
1 0.654427 0.34329 0.019271 0.034007
1 0.684635 0.481618 0.021354 0.038603
1 0.9875 0.380515 0.023958 0.033088
