1 0.048177 0.787224 0.014062 0.022978
1 0.078646 0.472426 0.017708 0.018382
1 0.051562 0.411765 0.020833 0.020221
1 0.109635 0.346048 0.008854 0.019301
1 0.373177 0.178768 0.014062 0.013787
1 0.68099 0.033548 0.011979 0.013787
1 0.715885 0.022059 0.020312 0.023897
1 0.960677 0.786305 0.020312 0.026654
1 0.353125 0.863051 0.026042 0.033088
1 0.37526 0.838235 0.029688 0.018382
1 0.410677 0.805147 0.053646 0.051471
1 0.455469 0.78171 0.016146 0.024816
0 0.496615 0.452665 0.055729 0.212316
0 0.401823 0.692096 0.034896 0.176471
0 0.639844 0.154412 0.094271 0.126838
1 0.023177 0.911305 0.008854 0.015625
