1 0.113542 0.872702 0.030208 0.054228
1 0.891406 0.472886 0.055729 0.170037
1 0.26901 0.410386 0.026562 0.046875
1 0.517708 0.475184 0.176042 0.400735
1 0.276302 0.26011 0.027604 0.055147
1 0.227083 0.178309 0.038542 0.040441
1 0.285677 0.106618 0.053646 0.09375
1 0.096875 0.371783 0.19375 0.743566
1 0.919271 0.164982 0.161458 0.329963
1 0.008594 0.859835 0.017188 0.070772
1 0.017708 0.972886 0.035417 0.054228
1 0.103125 0.972886 0.070833 0.054228
1 0.063802 0.895221 0.006771 0.023897
1 0.786198 0.63511 0.010938 0.011029
1 0.615104 0.544118 0.011458 0.011029
1 0.745312 0.44807 0.016667 0.024816
1 0.586198 0.008272 0.019271 0.016544
1 0.624219 0.038143 0.043229 0.076287
