1 0.009375 0.596048 0.015625 0.046875
1 0.086979 0.566176 0.017708 0.029412
1 0.20625 0.045037 0.020833 0.064338
1 0.346354 0.13511 0.035417 0.049632
1 0.438542 0.076746 0.046875 0.085478
1 0.389323 0.74954 0.051562 0.07261
1 0.476042 0.659007 0.047917 0.044118
1 0.484896 0.69807 0.041667 0.050551
1 0.511458 0.65625 0.019792 0.0625
1 0.584896 0.731618 0.082292 0.15625
0 0.233594 0.296415 0.167188 0.454963
0 0.071094 0.258732 0.142188 0.278493
0 0.476042 0.443015 0.383333 0.318015
1 0.489844 0.973346 0.020312 0.053309
1 0.522917 0.976103 0.045833 0.047794
0 0.875521 0.490809 0.248958 0.490809
0 0.960156 0.43704 0.079688 0.054228
