1 0.553385 0.558824 0.023438 0.047794
1 0.43125 0.457261 0.0375 0.079963
1 0.007292 0.704963 0.014583 0.023897
1 0.052604 0.669118 0.010417 0.014706
1 0.067708 0.667279 0.016667 0.03125
1 0.289323 0.386029 0.009896 0.014706
1 0.142708 0.193474 0.008333 0.02114
1 0.203906 0.116268 0.015104 0.017463
1 0.235677 0.092371 0.032812 0.054228
1 0.446094 0.383732 0.011979 0.019301
1 0.453646 0.411305 0.007292 0.017463
1 0.479948 0.492188 0.014062 0.015625
1 0.478125 0.261029 0.00625 0.034926
1 0.788281 0.032169 0.014062 0.020221
1 0.829427 0.108456 0.013021 0.014706
1 0.140365 0.949449 0.079688 0.101103
1 0.323438 0.976103 0.036458 0.047794
1 0.217969 0.888787 0.015104 0.022059
1 0.241667 0.984835 0.01875 0.030331
1 0.425521 0.988051 0.027083 0.023897
1 0.472396 0.992647 0.015625 0.014706
