1 0.244531 0.701287 0.009896 0.040441
1 0.441406 0.749081 0.022396 0.016544
1 0.327865 0.935202 0.014062 0.024816
1 0.145312 0.836857 0.007292 0.045037
1 0.122917 0.78125 0.016667 0.034926
1 0.448698 0.02068 0.006771 0.032169
1 0.73125 0.143382 0.014583 0.036765
1 0.822135 0.143842 0.020312 0.026654
1 0.748698 0.409007 0.036979 0.055147
1 0.940365 0.522059 0.045312 0.020221
1 0.553906 0.567555 0.098438 0.124081
1 0.514062 0.469669 0.051042 0.147059
1 0.352344 0.215074 0.051562 0.082721
1 0.30651 0.100184 0.057812 0.060662
1 0.634375 0.84329 0.03125 0.118566
1 0.058073 0.952665 0.004688 0.037684
1 0.092708 0.918199 0.005208 0.034926
1 0.327344 0.981618 0.020312 0.036765
1 0.202083 0.363511 0.00625 0.04136
1 0.25625 0.313419 0.010417 0.029412
1 0.319271 0.371324 0.01875 0.045956
1 0.295052 0.491728 0.010938 0.044118
1 0.449479 0.57307 0.004167 0.034007
1 0.385417 0.514246 0.007292 0.028493
1 0.390625 0.396599 0.0125 0.026654
1 0.532812 0.380974 0.019792 0.028493
1 0.66849 0.940257 0.008854 0.03125
1 0.6875 0.839154 0.005208 0.044118
1 0.896875 0.889246 0.010417 0.028493
1 0.967708 0.881893 0.013542 0.04136
1 0.995052 0.33364 0.009896 0.036765
1 0.526562 0.242647 0.014583 0.033088
1 0.527865 0.200368 0.015104 0.020221
1 0.636458 0.011949 0.007292 0.023897
1 0.70651 0.009191 0.009896 0.018382
1 0.735938 0.034926 0.020833 0.018382
1 0.689583 0.133272 0.00625 0.022059
