1 0.248438 0.036765 0.039583 0.045956
1 0.241667 0.179688 0.09375 0.127757
1 0.178906 0.31204 0.118229 0.164522
1 0.255469 0.332721 0.054688 0.130515
1 0.188542 0.401195 0.086458 0.118566
1 0.25026 0.926011 0.107812 0.144301
1 0.551823 0.055147 0.101562 0.110294
1 0.636458 0.472426 0.220833 0.384191
1 0.695573 0.609835 0.110938 0.105699
1 0.814323 0.095129 0.066146 0.109375
1 0.923958 0.258272 0.102083 0.202206
1 0.839062 0.289522 0.016667 0.018382
1 0.858854 0.342831 0.1125 0.290441
1 0.872656 0.714154 0.119271 0.148897
1 0.879948 0.951287 0.099479 0.086397
1 0.390365 0.276195 0.094271 0.215993
1 0.590625 0.192096 0.076042 0.194853
1 0.905208 0.824449 0.097917 0.163603
1 0.038802 0.115349 0.070312 0.087316
1 0.641146 0.841912 0.092708 0.202206
1 0.935156 0.661305 0.054688 0.127757
1 0.419271 0.02114 0.030208 0.042279
1 0.859635 0.045496 0.050521 0.074449
1 0.974219 0.118566 0.043229 0.091912
1 0.988021 0.425551 0.023958 0.086397
1 0.983594 0.528493 0.032812 0.056985
1 0.009115 0.238971 0.018229 0.075368
