1 0.296094 0.988511 0.010938 0.015625
1 0.56875 0.986673 0.01875 0.02114
1 0.476042 0.982077 0.028125 0.035846
1 0.279427 0.959559 0.029688 0.047794
1 0.503906 0.90579 0.018229 0.022978
1 0.584375 0.881434 0.010417 0.012868
1 0.240365 0.898438 0.070312 0.10386
1 0.486979 0.850643 0.015625 0.032169
1 0.93099 0.784007 0.019271 0.018382
1 0.452865 0.769301 0.015104 0.018382
1 0.03125 0.755515 0.009375 0.03125
1 0.334635 0.703585 0.014062 0.013787
1 0.301302 0.705882 0.051562 0.097426
0 0.446615 0.589614 0.148438 0.331801
1 0.139062 0.351103 0.011458 0.020221
0 0.359635 0.40579 0.125521 0.204963
1 0.95 0.252298 0.007292 0.017463
0 0.280208 0.214154 0.076042 0.143382
1 0.739583 0.134191 0.009375 0.016544
1 0.346615 0.130515 0.025521 0.038603
0 0.966406 0.074449 0.067188 0.148897
0 0.913802 0.019301 0.023438 0.038603
0 0.608594 0.878217 0.147396 0.243566
