1 0.501562 0.464614 0.017708 0.046875
1 0.17474 0.779412 0.020312 0.027574
1 0.184115 0.75046 0.011979 0.054228
1 0.159896 0.772059 0.021875 0.044118
1 0.955208 0.366268 0.0375 0.065257
1 0.890365 0.097886 0.025521 0.015625
1 0.765104 0.286305 0.00625 0.05239
1 0.572656 0.417279 0.005729 0.058824
1 0.133073 0.837776 0.009896 0.04136
1 0.118229 0.813419 0.008333 0.033088
1 0.347135 0.621324 0.026562 0.064338
1 0.032812 0.915441 0.028125 0.034926
1 0.235677 0.786765 0.016146 0.036765
1 0.10651 0.894761 0.018229 0.028493
1 0.979167 0.055147 0.022917 0.049632
1 0.457031 0.542279 0.015104 0.03125
1 0.229688 0.746324 0.023958 0.018382
1 0.810417 0.221507 0.023958 0.086397
1 0.090104 0.356158 0.019792 0.048713
1 0.51276 0.466912 0.013021 0.011029
1 0.336719 0.643382 0.018229 0.014706
1 0.922396 0.102022 0.007292 0.023897
