1 0.203646 0.993107 0.0125 0.013787
1 0.614583 0.935202 0.0125 0.019301
1 0.476302 0.931066 0.021354 0.034926
1 0.028385 0.884651 0.022396 0.037684
1 0.216146 0.848805 0.032292 0.076287
1 0.08151 0.684743 0.015104 0.023897
1 0.810417 0.604779 0.016667 0.047794
0 0.438802 0.550551 0.057812 0.082721
0 0.775521 0.554228 0.094792 0.104779
1 0.141146 0.513327 0.061458 0.094669
1 0.240625 0.450368 0.013542 0.027574
1 0.460417 0.429228 0.007292 0.020221
1 0.3625 0.423254 0.010417 0.022978
0 0.072656 0.375919 0.145312 0.248162
1 0.098698 0.244945 0.010938 0.022978
1 0.24401 0.274357 0.054688 0.105699
0 0.566927 0.368566 0.147396 0.402574
1 0.401823 0.178309 0.032812 0.077206
1 0.473958 0.129596 0.016667 0.036765
1 0.583073 0.024357 0.038021 0.048713
1 0.276042 0.013327 0.030208 0.026654
1 0.015365 0.035846 0.030729 0.071691
