1 0.091927 0.806526 0.015104 0.011949
1 0.29401 0.848346 0.011979 0.014706
1 0.548958 0.556066 0.014583 0.018382
1 0.577865 0.48989 0.009896 0.018382
1 0.62474 0.439798 0.010938 0.013787
1 0.571354 0.219669 0.01875 0.038603
1 0.651823 0.326746 0.011979 0.02114
0 0.798438 0.194853 0.011458 0.020221
1 0.891927 0.195312 0.006771 0.04136
1 0.78724 0.52114 0.035938 0.060662
1 0.744792 0.59421 0.063542 0.090993
0 0.5375 0.484835 0.085417 0.188419
0 0.359375 0.779412 0.013542 0.027574
0 0.183854 0.931066 0.027083 0.055147
0 0.421094 0.681526 0.013021 0.045037
1 0.057812 0.512868 0.015625 0.055147
1 0.280729 0.200827 0.007292 0.034007
0 0.083854 0.986673 0.022917 0.026654
0 0.023177 0.985754 0.021354 0.028493
1 0.467969 0.988051 0.015104 0.023897
1 0.920052 0.865809 0.033854 0.03125
