1 0.036458 0.045956 0.06875 0.060662
1 0.138542 0.089614 0.0125 0.035846
1 0.17526 0.162684 0.018229 0.018382
1 0.227344 0.194853 0.008854 0.023897
1 0.295833 0.227022 0.00625 0.022059
1 0.533854 0.43796 0.010417 0.030331
1 0.617969 0.536765 0.016146 0.007353
1 0.659896 0.554228 0.017708 0.022059
1 0.74401 0.65625 0.018229 0.016544
1 0.784635 0.686121 0.014062 0.026654
1 0.827344 0.712316 0.016146 0.027574
1 0.873958 0.715074 0.021875 0.016544
1 0.976823 0.904871 0.018229 0.02114
1 0.604427 0.480239 0.044271 0.070772
1 0.78099 0.66682 0.050521 0.022978
1 0.49401 0.482996 0.036979 0.022978
1 0.938542 0.064798 0.017708 0.026654
1 0.024219 0.021599 0.008854 0.02114
1 0.200781 0.137868 0.070312 0.113971
