0 0.279948 0.028952 0.052604 0.057904
1 0.335677 0.473346 0.011979 0.014706
1 0.3875 0.487592 0.00625 0.024816
1 0.573958 0.074449 0.019792 0.027574
1 0.652865 0.121783 0.020312 0.05239
1 0.908333 0.301011 0.004167 0.035846
1 0.942969 0.693015 0.018229 0.044118
1 0.76875 0.81204 0.017708 0.024816
1 0.815885 0.921415 0.011979 0.015625
1 0.677344 0.690257 0.010938 0.040441
0 0.615104 0.961857 0.072917 0.076287
1 0.521354 0.896599 0.011458 0.015625
1 0.478906 0.959099 0.009896 0.028493
1 0.365104 0.779871 0.010417 0.035846
0 0.45 0.549173 0.090625 0.184743
1 0.09349 0.477482 0.013021 0.037684
1 0.046615 0.573989 0.021354 0.05239
