1 0.65651 0.93796 0.006771 0.019301
1 0.217708 0.806526 0.014583 0.026654
1 0.419271 0.743107 0.028125 0.068934
1 0.946615 0.526654 0.016146 0.023897
1 0.055729 0.345588 0.00625 0.03125
1 0.050781 0.311121 0.013021 0.022978
1 0.495573 0.360294 0.135938 0.163603
1 0.953646 0.272059 0.034375 0.042279
1 0.008333 0.113051 0.007292 0.018382
1 0.152604 0.065717 0.0125 0.024816
1 0.546615 0.853401 0.313021 0.293199
1 0.203385 0.901654 0.073438 0.196691
1 0.757552 0.98943 0.017188 0.02114
1 0.453125 0.599265 0.00625 0.022059
1 0.724219 0.736213 0.009896 0.044118
