1 0.648177 0.538143 0.015104 0.043199
1 0.347135 0.589154 0.023438 0.011029
1 0.389323 0.109835 0.014062 0.032169
1 0.416146 0.081342 0.01875 0.032169
1 0.430208 0.028493 0.011458 0.029412
1 0.676823 0.186581 0.031771 0.056985
1 0.545312 0.391544 0.044792 0.121324
1 0.736979 0.525735 0.019792 0.025735
1 0.726302 0.565717 0.009896 0.019301
1 0.828906 0.588235 0.013021 0.018382
1 0.994271 0.51011 0.008333 0.033088
1 0.586719 0.732077 0.013021 0.026654
1 0.865885 0.973805 0.011979 0.022978
1 0.969271 0.967371 0.013542 0.030331
1 0.977344 0.911765 0.018229 0.022059
0 0.466667 0.461857 0.116667 0.078125
0 0.708854 0.060662 0.046875 0.121324
1 0.294792 0.747243 0.015625 0.018382
1 0.455729 0.897518 0.01875 0.017463
