1 0.086198 0.173713 0.034896 0.068015
1 0.097135 0.810202 0.016146 0.026654
1 0.200521 0.235294 0.020833 0.051471
1 0.542708 0.099265 0.033333 0.036765
1 0.744792 0.148897 0.042708 0.047794
1 0.867188 0.134191 0.016667 0.044118
1 0.827604 0.214154 0.032292 0.047794
1 0.661458 0.579963 0.021875 0.040441
1 0.590625 0.738051 0.027083 0.03125
1 0.736458 0.661305 0.01875 0.034007
1 0.720052 0.652114 0.015104 0.057904
1 0.701562 0.862132 0.017708 0.053309
1 0.71849 0.982077 0.021354 0.028493
1 0.803646 0.678309 0.0375 0.011029
1 0.839062 0.761949 0.028125 0.049632
1 0.96276 0.790441 0.024479 0.049632
1 0.861719 0.634651 0.008854 0.039522
1 0.888542 0.592371 0.05 0.059743
0 0.535938 0.52068 0.082292 0.147978
1 0.371615 0.943015 0.013021 0.034926
