1 0.398438 0.454044 0.041667 0.073529
1 0.24349 0.182904 0.011979 0.014706
1 0.381771 0.045037 0.016667 0.034926
1 0.458594 0.066636 0.008854 0.019301
1 0.545052 0.390625 0.020312 0.040441
1 0.61224 0.378217 0.011979 0.028493
1 0.716146 0.544577 0.014583 0.026654
1 0.767188 0.782169 0.016667 0.016544
1 0.938021 0.81296 0.027083 0.037684
1 0.445052 0.65579 0.015104 0.017463
1 0.330469 0.663603 0.007812 0.038603
1 0.216667 0.646599 0.007292 0.02114
0 0.500521 0.442555 0.077083 0.118566
0 0.609896 0.175092 0.048958 0.081801
1 0.072396 0.025735 0.025 0.036765
0 0.308333 0.986673 0.048958 0.026654
1 0.803646 0.276654 0.028125 0.029412
