1 0.313542 0.317096 0.042708 0.066176
1 0.478385 0.379136 0.044271 0.059743
1 0.567969 0.346967 0.014062 0.032169
1 0.680208 0.085018 0.030208 0.046875
1 0.707031 0.065257 0.035938 0.079044
1 0.931771 0.120864 0.0125 0.02114
1 0.428646 0.571691 0.017708 0.018382
1 0.433333 0.548254 0.017708 0.01011
1 0.322656 0.581342 0.011979 0.019301
1 0.027344 0.487132 0.054688 0.150735
1 0.454948 0.800092 0.023438 0.034007
1 0.515365 0.964614 0.020312 0.028493
1 0.503125 0.930607 0.011458 0.024816
1 0.503906 0.801011 0.008854 0.017463
1 0.632552 0.845129 0.011979 0.026654
1 0.579688 0.665441 0.022917 0.071691
1 0.741406 0.84329 0.089062 0.186581
1 0.778906 0.866268 0.040104 0.070772
1 0.896615 0.96921 0.058854 0.054228
1 0.401302 0.444853 0.083854 0.137868
1 0.846354 0.97932 0.015625 0.04136
1 0.671354 0.677849 0.057292 0.153493
1 0.407031 0.986673 0.031771 0.026654
1 0.127865 0.571691 0.014062 0.014706
1 0.426042 0.849265 0.044792 0.084559
1 0.335417 0.71829 0.01875 0.05239
1 0.539583 0.061581 0.014583 0.023897
1 0.692708 0.758732 0.025 0.057904
