0 0.027344 0.454504 0.054688 0.090993
1 0.031771 0.435202 0.014583 0.037684
1 0.011979 0.4375 0.023958 0.049632
1 0.178125 0.466452 0.013542 0.054228
0 0.233333 0.472886 0.016667 0.061581
1 0.142188 0.597886 0.017708 0.035846
1 0.095833 0.049173 0.032292 0.054228
0 0.520312 0.356618 0.2625 0.334559
1 0.508073 0.504596 0.026562 0.047794
1 0.535938 0.284926 0.022917 0.012868
1 0.653385 0.225643 0.009896 0.032169
1 0.595052 0.620404 0.057812 0.071691
1 0.61901 0.575827 0.017188 0.026654
1 0.685417 0.500919 0.014583 0.042279
1 0.71224 0.563879 0.035938 0.039522
1 0.739583 0.462776 0.0125 0.015625
1 0.745833 0.444853 0.016667 0.022059
1 0.817188 0.453125 0.017708 0.040441
1 0.855208 0.675551 0.011458 0.03125
1 0.618229 0.69761 0.016667 0.047794
0 0.947656 0.465074 0.104688 0.446691
0 0.994792 0.578585 0.010417 0.050551
1 0.821875 0.053309 0.01875 0.047794
1 0.835677 0.819853 0.008854 0.034926
1 0.57474 0.940717 0.024479 0.026654
1 0.744531 0.710478 0.017188 0.009191
