0 0.529948 0.443934 0.082812 0.159926
0 0.379688 0.681066 0.055208 0.126838
0 0.238802 0.875 0.060938 0.090074
1 0.023438 0.154412 0.021875 0.016544
1 0.174479 0.047335 0.010417 0.02114
1 0.071615 0.556985 0.022396 0.038603
1 0.048958 0.634191 0.014583 0.011029
1 0.082292 0.903493 0.016667 0.060662
1 0.2 0.831342 0.027083 0.046875
1 0.247917 0.658548 0.021875 0.01011
1 0.186719 0.634651 0.014062 0.019301
1 0.199219 0.575827 0.004688 0.032169
1 0.485156 0.232077 0.011979 0.022978
0 0.620833 0.140625 0.029167 0.075368
0 0.727083 0.007812 0.015625 0.015625
1 0.792708 0.679228 0.026042 0.018382
1 0.966667 0.672335 0.00625 0.04136
1 0.953906 0.799632 0.018229 0.034926
