1 0.264323 0.893842 0.010938 0.019301
1 0.384375 0.670496 0.011458 0.017463
1 0.369271 0.511949 0.014583 0.014706
1 0.391927 0.471507 0.017188 0.022059
1 0.433854 0.426471 0.01875 0.012868
1 0.465104 0.430607 0.0125 0.02114
1 0.470312 0.463235 0.01875 0.022059
1 0.545833 0.285846 0.014583 0.014706
1 0.598958 0.360294 0.008333 0.025735
1 0.622135 0.277574 0.009896 0.027574
1 0.633333 0.115809 0.009375 0.016544
1 0.657552 0.079504 0.024479 0.034007
1 0.678646 0.063419 0.0125 0.027574
1 0.692448 0.042279 0.009896 0.016544
1 0.709375 0.034467 0.023958 0.04136
1 0.735156 0.027574 0.017188 0.033088
1 0.761719 0.022518 0.013021 0.019301
1 0.271615 0.987592 0.022396 0.024816
0 0.377344 0.591452 0.104688 0.111213
0 0.498177 0.288603 0.078646 0.255515
0 0.204688 0.970129 0.055208 0.057904
1 0.914583 0.474724 0.00625 0.022978
