1 0.503385 0.561581 0.034896 0.073529
1 0.534896 0.274816 0.04375 0.084559
1 0.56901 0.177849 0.058854 0.11489
1 0.696615 0.068015 0.022396 0.038603
1 0.947917 0.693934 0.104167 0.352941
1 0.859375 0.403952 0.28125 0.581801
1 0.790104 0.262408 0.039583 0.045037
1 0.772917 0.165441 0.040625 0.09375
1 0.74401 0.149816 0.017188 0.042279
1 0.750521 0.430147 0.021875 0.042279
1 0.78724 0.393842 0.024479 0.039522
1 0.671875 0.492188 0.140625 0.263787
1 0.663802 0.237132 0.048438 0.143382
1 0.629427 0.210018 0.025521 0.022978
1 0.62474 0.249081 0.029688 0.0625
1 0.586979 0.286765 0.067708 0.099265
1 0.559115 0.367647 0.015104 0.029412
1 0.345312 0.528952 0.026042 0.039522
1 0.24375 0.711397 0.042708 0.058824
1 0.20599 0.691636 0.048438 0.147978
1 0.221875 0.794577 0.078125 0.092831
1 0.108854 0.589614 0.019792 0.034007
1 0.088281 0.619026 0.024479 0.043199
1 0.079167 0.573989 0.025 0.054228
1 0.010938 0.671415 0.019792 0.04136
1 0.336458 0.461397 0.078125 0.125
1 0.255208 0.615349 0.029167 0.08364
1 0.325521 0.676011 0.033333 0.048713
