0 0.511719 0.392463 0.042188 0.080882
0 0.482292 0.697151 0.025 0.050551
0 0.458854 0.163143 0.022917 0.045037
1 0.014844 0.116268 0.016146 0.02114
1 0.092188 0.931526 0.023958 0.030331
1 0.291927 0.222886 0.016146 0.026654
1 0.320052 0.101103 0.009896 0.018382
1 0.340625 0.074449 0.013542 0.014706
1 0.621615 0.0625 0.014062 0.014706
1 0.409375 0.466912 0.0125 0.020221
1 0.426823 0.509191 0.006771 0.038603
1 0.445052 0.534007 0.009896 0.036765
1 0.889844 0.348805 0.015104 0.015625
1 0.853385 0.783088 0.018229 0.012868
1 0.642188 0.723805 0.010417 0.017463
1 0.59349 0.846507 0.013021 0.023897
1 0.618229 0.850643 0.007292 0.039522
