1 0.075781 0.409007 0.021354 0.038603
1 0.079688 0.340074 0.010417 0.012868
1 0.270573 0.887408 0.021354 0.028493
1 0.686198 0.839154 0.013021 0.014706
1 0.505208 0.633732 0.0125 0.05239
1 0.429688 0.354779 0.01875 0.03125
1 0.542969 0.013327 0.014062 0.024816
1 0.617188 0.066176 0.010417 0.047794
1 0.792969 0.112132 0.010938 0.018382
1 0.889323 0.120864 0.007812 0.02114
1 0.553385 0.296415 0.036979 0.068934
1 0.37474 0.654412 0.074479 0.134191
1 0.413542 0.609835 0.017708 0.032169
1 0.410938 0.543199 0.039583 0.060662
1 0.448177 0.508272 0.051562 0.101103
1 0.472396 0.425092 0.040625 0.063419
1 0.477083 0.474265 0.017708 0.049632
1 0.490104 0.446232 0.01875 0.030331
