1 0.205208 0.284007 0.054167 0.108456
1 0.145312 0.357996 0.1125 0.147978
1 0.167188 0.57261 0.084375 0.115809
1 0.19375 0.440717 0.08125 0.155331
1 0.663021 0.59375 0.166667 0.448529
1 0.658073 0.192096 0.007812 0.018382
1 0.682812 0.237132 0.019792 0.025735
1 0.633854 0.251838 0.027083 0.042279
1 0.616667 0.082721 0.029167 0.051471
1 0.802865 0.803768 0.057812 0.151654
1 0.747396 0.884651 0.078125 0.090993
1 0.911979 0.566636 0.171875 0.250919
1 0.263802 0.102022 0.101562 0.204044
1 0.116406 0.067096 0.120312 0.134191
1 0.858854 0.740349 0.085417 0.175551
1 0.020833 0.254136 0.041667 0.171875
1 0.350781 0.466912 0.105729 0.147059
1 0.375781 0.792279 0.057812 0.09375
1 0.98099 0.919118 0.036979 0.159926
1 0.502865 0.186121 0.120312 0.227022
1 0.848438 0.383732 0.067708 0.08364
1 0.669531 0.282169 0.035938 0.045956
1 0.798177 0.335938 0.080729 0.179228
1 0.510938 0.928309 0.041667 0.075368
1 0.786719 0.944393 0.065104 0.111213
1 0.036198 0.980239 0.027604 0.039522
1 0.76849 0.605239 0.024479 0.028493
1 0.606771 0.25 0.014583 0.022059
1 0.714583 0.393382 0.035417 0.090074
