1 0.227604 0.092371 0.019792 0.019301
1 0.246615 0.091912 0.042188 0.038603
1 0.286719 0.090993 0.009896 0.014706
1 0.340625 0.143842 0.035417 0.034007
1 0.376562 0.017923 0.015625 0.034007
1 0.539323 0.007353 0.017188 0.014706
1 0.503646 0.142004 0.007292 0.019301
1 0.536979 0.157629 0.00625 0.034007
1 0.59375 0.182445 0.0125 0.039522
1 0.595573 0.110754 0.020312 0.019301
1 0.463542 0.272059 0.009375 0.016544
1 0.260677 0.33364 0.018229 0.022059
1 0.245833 0.54182 0.008333 0.013787
1 0.38099 0.569393 0.013021 0.046875
1 0.647656 0.521599 0.009896 0.022978
1 0.704167 0.233456 0.004167 0.036765
1 0.751042 0.193015 0.020833 0.011029
1 0.74974 0.091912 0.004688 0.044118
1 0.773438 0.282169 0.016667 0.018382
1 0.917708 0.21921 0.011458 0.034007
1 0.93724 0.152574 0.014062 0.03125
1 0.958073 0.007812 0.009896 0.015625
1 0.967188 0.741728 0.010417 0.012868
1 0.904427 0.810662 0.021354 0.045956
1 0.945312 0.868107 0.030208 0.05239
1 0.907292 0.919118 0.020833 0.03125
1 0.958333 0.793658 0.01875 0.015625
1 0.745573 0.963695 0.010938 0.034007
1 0.53776 0.734835 0.019271 0.013787
1 0.45026 0.909926 0.023438 0.051471
1 0.391667 0.923713 0.030208 0.03125
1 0.405208 0.987592 0.030208 0.024816
1 0.223177 0.957721 0.006771 0.027574
1 0.151302 0.863051 0.005729 0.023897
1 0.103646 0.64614 0.008333 0.033088
1 0.067708 0.840993 0.014583 0.018382
1 0.151562 0.946691 0.008333 0.020221
1 0.004688 0.975643 0.009375 0.013787
1 0.721354 0.988051 0.022917 0.014706
1 0.288542 0.519761 0.148958 0.107537
1 0.508333 0.47932 0.132292 0.29136
1 0.759115 0.419577 0.104688 0.149816
1 0.914583 0.367647 0.069792 0.139706
