1 0.259896 0.027574 0.055208 0.055147
1 0.085156 0.038143 0.017188 0.030331
1 0.36276 0.017463 0.035938 0.034926
1 0.254948 0.308364 0.099479 0.16636
1 0.314323 0.390625 0.093229 0.150735
1 0.21849 0.57261 0.026562 0.042279
1 0.115104 0.642004 0.008333 0.019301
1 0.335156 0.639706 0.009896 0.018382
1 0.421615 0.226562 0.009896 0.017463
1 0.403385 0.358915 0.038021 0.068934
1 0.535156 0.275735 0.032812 0.091912
1 0.534896 0.37454 0.010417 0.017463
1 0.510156 0.459559 0.013021 0.016544
1 0.546875 0.438419 0.048958 0.073529
1 0.677865 0.570312 0.019271 0.032169
1 0.5 0.581342 0.1 0.186581
1 0.760156 0.042739 0.018229 0.034007
1 0.888542 0.581342 0.071875 0.043199
1 0.951562 0.690717 0.017708 0.022978
1 0.892188 0.904871 0.013542 0.022978
1 0.971094 0.969669 0.054688 0.060662
1 0.714062 0.935202 0.010417 0.013787
1 0.036458 0.799632 0.0125 0.020221
1 0.588542 0.085478 0.1125 0.170956
