1 0.360677 0.794577 0.009896 0.026654
1 0.407812 0.802849 0.029167 0.070772
1 0.226042 0.735294 0.021875 0.09375
1 0.516667 0.744485 0.11875 0.174632
1 0.257031 0.634651 0.053646 0.081801
1 0.69375 0.612592 0.032292 0.063419
1 0.388281 0.556066 0.085938 0.139706
1 0.00625 0.407629 0.0125 0.043199
1 0.454427 0.444393 0.065104 0.13511
1 0.519271 0.433824 0.079167 0.148897
1 0.3625 0.441636 0.129167 0.221507
1 0.849479 0.309283 0.041667 0.122243
1 0.772396 0.304228 0.053125 0.169118
1 0.066406 0.202665 0.014062 0.039522
1 0.202865 0.252757 0.209896 0.25
1 0.352344 0.185202 0.090104 0.182904
1 0.515104 0.165441 0.085417 0.211397
1 0.157812 0.110754 0.120833 0.192096
1 0.872135 0.079963 0.070312 0.159926
1 0.029948 0.100184 0.059896 0.200368
1 0.027865 0.244485 0.008854 0.018382
1 0.205729 0.705423 0.010417 0.013787
1 0.296354 0.02114 0.064583 0.042279
1 0.476823 0.019301 0.038021 0.038603
1 0.460417 0.630974 0.007292 0.017463
1 0.370052 0.054688 0.084896 0.109375
