1 0.495052 0.46829 0.020312 0.045037
1 0.498698 0.829044 0.017188 0.014706
1 0.585156 0.931526 0.024479 0.024816
1 0.4625 0.866268 0.0125 0.017463
1 0.430208 0.892923 0.008333 0.032169
1 0.285417 0.918658 0.014583 0.030331
1 0.106771 0.857537 0.017708 0.051471
1 0.117708 0.915441 0.011458 0.047794
1 0.067708 0.587316 0.023958 0.007353
1 0.067708 0.361213 0.020833 0.045956
1 0.069792 0.321232 0.0125 0.035846
1 0.161458 0.110294 0.022917 0.014706
1 0.380208 0.261029 0.0125 0.03125
1 0.534635 0.332721 0.028646 0.034926
1 0.610417 0.211397 0.010417 0.033088
1 0.678125 0.193015 0.013542 0.033088
1 0.716667 0.050092 0.015625 0.034007
1 0.754427 0.027574 0.047396 0.03125
1 0.873698 0.122243 0.057812 0.071691
1 0.83724 0.157169 0.020312 0.034926
1 0.777604 0.196232 0.033333 0.039522
1 0.933594 0.398897 0.015104 0.040441
1 0.959375 0.435662 0.008333 0.047794
1 0.963021 0.465074 0.019792 0.016544
1 0.807812 0.520221 0.03125 0.049632
1 0.672656 0.414062 0.011979 0.030331
1 0.821094 0.707721 0.027604 0.005515
1 0.34401 0.182445 0.042188 0.120404
1 0.741146 0.794118 0.079167 0.112132
1 0.584635 0.605239 0.059896 0.092831
1 0.528906 0.476562 0.070312 0.118566
1 0.097656 0.533088 0.013021 0.018382
1 0.117448 0.545037 0.007812 0.023897
1 0.123958 0.560202 0.004167 0.028493
1 0.138021 0.75046 0.004167 0.035846
1 0.150781 0.822151 0.018229 0.024816
1 0.170833 0.934283 0.010417 0.017463
1 0.816927 0.870404 0.023438 0.012868
1 0.633594 0.578125 0.006771 0.040441
1 0.835417 0.4375 0.014583 0.027574
1 0.883073 0.020221 0.010938 0.016544
