0 0.47526 0.434743 0.084896 0.141544
1 0.111458 0.182904 0.00625 0.025735
1 0.127604 0.930607 0.015625 0.024816
1 0.273438 0.723805 0.016667 0.022978
1 0.264062 0.66636 0.0125 0.029412
1 0.326042 0.443015 0.015625 0.016544
1 0.344271 0.411765 0.014583 0.025735
1 0.297135 0.132812 0.019271 0.024816
1 0.367448 0.097886 0.007812 0.056066
1 0.502865 0.28171 0.007812 0.02114
1 0.571875 0.331801 0.033333 0.018382
1 0.897656 0.133272 0.007812 0.042279
1 0.841406 0.370864 0.015104 0.019301
1 0.554167 0.809743 0.013542 0.058824
1 0.593229 0.830423 0.007292 0.034007
1 0.677344 0.797335 0.010938 0.037684
1 0.891406 0.529412 0.023438 0.034926
