1 0.121875 0.615349 0.013542 0.022978
1 0.179427 0.942096 0.015104 0.022059
1 0.273438 0.817096 0.029167 0.055147
1 0.436979 0.904871 0.013542 0.026654
1 0.465365 0.659926 0.016146 0.03125
1 0.464062 0.462776 0.015625 0.019301
1 0.476823 0.424173 0.010938 0.015625
1 0.361979 0.191636 0.0125 0.011949
1 0.31849 0.090533 0.013021 0.017463
1 0.548177 0.264706 0.006771 0.022059
1 0.765104 0.073529 0.022917 0.058824
1 0.679167 0.175092 0.021875 0.065257
1 0.782812 0.170037 0.021875 0.053309
1 0.55 0.763787 0.034375 0.045956
1 0.506771 0.534007 0.038542 0.053309
1 0.302344 0.68704 0.017188 0.032169
1 0.651042 0.820772 0.007292 0.023897
1 0.96849 0.352482 0.010938 0.017463
1 0.91901 0.123621 0.014062 0.015625
