1 0.265625 0.103401 0.009375 0.024816
1 0.30651 0.155331 0.013021 0.022059
1 0.295052 0.188879 0.014062 0.022978
1 0.28099 0.252298 0.011979 0.024816
1 0.29401 0.399816 0.013021 0.023897
1 0.342708 0.182445 0.008333 0.017463
1 0.378125 0.224265 0.0125 0.018382
1 0.394792 0.315717 0.023958 0.028493
1 0.416406 0.361673 0.030729 0.059743
1 0.442448 0.339614 0.015104 0.019301
1 0.406771 0.211397 0.008333 0.016544
1 0.476562 0.262868 0.009375 0.016544
1 0.496875 0.303309 0.013542 0.029412
1 0.58099 0.224724 0.011979 0.015625
1 0.516406 0.34421 0.006771 0.019301
1 0.507031 0.408088 0.019271 0.023897
1 0.496094 0.438879 0.010938 0.02114
1 0.425781 0.485294 0.021354 0.029412
1 0.536979 0.430147 0.013542 0.023897
1 0.620052 0.507353 0.010938 0.023897
1 0.572396 0.579504 0.009375 0.022978
1 0.70651 0.681985 0.009896 0.016544
1 0.67474 0.754136 0.027604 0.090993
1 0.666927 0.784926 0.023438 0.073529
1 0.690365 0.818934 0.014062 0.023897
1 0.55651 0.95818 0.013021 0.02114
1 0.872917 0.877298 0.011458 0.02114
1 0.710156 0.942096 0.009896 0.020221
1 0.701823 0.936121 0.009896 0.015625
1 0.682552 0.908548 0.028646 0.046875
1 0.65651 0.877757 0.013021 0.025735
1 0.66276 0.92739 0.036979 0.066176
1 0.742188 0.957721 0.044792 0.082721
1 0.565625 0.642004 0.040625 0.07261
1 0.542708 0.507353 0.04375 0.066176
1 0.316406 0.303309 0.038021 0.069853
1 0.534375 0.598346 0.033333 0.073529
1 0.378385 0.42739 0.022396 0.044118
1 0.220833 0.032629 0.022917 0.039522
1 0.466667 0.441636 0.022917 0.035846
1 0.689062 0.567555 0.016667 0.028493
1 0.627344 0.752757 0.038021 0.069853
1 0.382812 0.134651 0.008333 0.015625
1 0.503125 0.040441 0.010417 0.014706
1 0.666667 0.640625 0.009375 0.012868
