1 0.486458 0.082721 0.107292 0.128676
1 0.589062 0.063419 0.0625 0.126838
1 0.507031 0.342371 0.139062 0.309743
1 0.56224 0.65579 0.192188 0.386949
1 0.708854 0.719669 0.228125 0.518382
1 0.827344 0.605699 0.065104 0.110294
1 0.901042 0.702665 0.1125 0.217831
1 0.858073 0.502757 0.053646 0.101103
1 0.7375 0.466452 0.066667 0.11489
1 0.726823 0.305147 0.030729 0.077206
1 0.804167 0.273897 0.025 0.03125
1 0.107552 0.848805 0.202604 0.30239
1 0.403906 0.585018 0.136979 0.26011
1 0.264583 0.720588 0.079167 0.154412
1 0.96224 0.431985 0.074479 0.152574
1 0.013542 0.734375 0.027083 0.095588
1 0.320573 0.045037 0.026562 0.053309
1 0.613802 0.258272 0.025521 0.03125
1 0.698438 0.326287 0.039583 0.097426
1 0.730729 0.378676 0.022917 0.022059
1 0.98151 0.318474 0.036979 0.045037
1 0.938542 0.508272 0.01875 0.040441
1 0.986719 0.253676 0.024479 0.084559
