1 0.128385 0.794577 0.018229 0.037684
1 0.128385 0.555607 0.011979 0.035846
1 0.142448 0.543658 0.010938 0.046875
1 0.14974 0.58318 0.013021 0.019301
1 0.164583 0.534007 0.021875 0.016544
1 0.18099 0.563879 0.015104 0.015625
1 0.203125 0.577665 0.009375 0.022978
1 0.267969 0.549632 0.020312 0.022059
1 0.309896 0.544577 0.008333 0.015625
1 0.504427 0.544577 0.021354 0.008272
1 0.542969 0.503217 0.008854 0.019301
1 0.558594 0.571691 0.011979 0.018382
1 0.577083 0.505515 0.020833 0.018382
1 0.592708 0.528952 0.015625 0.015625
1 0.663802 0.46875 0.019271 0.036765
1 0.666667 0.498621 0.022917 0.008272
1 0.773958 0.475643 0.009375 0.037684
1 0.20026 0.077665 0.038021 0.10386
1 0.645833 0.572151 0.067708 0.067096
1 0.005729 0.556066 0.011458 0.023897
1 0.007292 0.581342 0.014583 0.01011
1 0.702865 0.589154 0.008854 0.033088
