1 0.575521 0.942555 0.048958 0.05239
1 0.866927 0.93704 0.031771 0.056066
1 0.677865 0.778493 0.055729 0.082721
1 0.602344 0.699908 0.015104 0.056066
1 0.634635 0.664062 0.023438 0.050551
1 0.103646 0.61443 0.017708 0.026654
1 0.591927 0.609375 0.013021 0.03125
1 0.540885 0.589614 0.004688 0.035846
1 0.535417 0.536765 0.047917 0.115809
1 0.435156 0.350643 0.028646 0.048713
1 0.315104 0.209099 0.010417 0.022978
1 0.326302 0.215993 0.021354 0.058824
1 0.221615 0.081342 0.072396 0.151654
1 0.030208 0.954504 0.054167 0.090993
1 0.828385 0.955882 0.032812 0.088235
