1 0.123438 0.797794 0.064583 0.090074
1 0.982292 0.638787 0.009375 0.020221
1 0.053906 0.712316 0.107812 0.238971
1 0.083854 0.609375 0.028125 0.045956
1 0.765885 0.624081 0.081771 0.141544
1 0.15 0.538603 0.041667 0.079044
1 0.247135 0.467371 0.014062 0.019301
1 0.019792 0.410846 0.014583 0.025735
1 0.515104 0.621324 0.242708 0.448529
1 0.72474 0.392004 0.039062 0.054228
1 0.347396 0.371783 0.009375 0.017463
1 0.846094 0.356158 0.021354 0.019301
1 0.065885 0.377757 0.057812 0.084559
1 0.879167 0.325368 0.060417 0.097426
1 0.228646 0.284467 0.00625 0.022978
1 0.764583 0.256893 0.035417 0.05239
1 0.227083 0.225643 0.03125 0.046875
1 0.263542 0.245404 0.08125 0.145221
1 0.071094 0.653952 0.016146 0.039522
1 0.058073 0.704044 0.020312 0.036765
