1 0.271615 0.129596 0.023438 0.047794
1 0.479427 0.835478 0.028646 0.049632
0 0.44401 0.508272 0.029688 0.056985
1 0.57474 0.397518 0.026562 0.054228
1 0.497135 0.365349 0.008854 0.015625
1 0.41875 0.235754 0.010417 0.011949
1 0.483333 0.198989 0.085417 0.147978
1 0.484375 0.276654 0.05625 0.053309
1 0.544531 0.196232 0.027604 0.063419
1 0.571094 0.175092 0.024479 0.074449
0 0.508594 0.679228 0.107812 0.161765
0 0.627344 0.84421 0.093229 0.179228
0 0.349479 0.257812 0.098958 0.16636
1 0.561458 0.039062 0.020833 0.030331
