1 0.98776 0.911305 0.023438 0.037684
1 0.858594 0.863051 0.019271 0.033088
1 0.467448 0.826746 0.034896 0.057904
1 0.888802 0.581342 0.017188 0.035846
1 0.648698 0.576287 0.044271 0.079044
1 0.449219 0.555147 0.018229 0.040441
1 0.636979 0.539522 0.013542 0.022059
1 0.757292 0.538603 0.017708 0.044118
1 0.380729 0.457721 0.028125 0.0625
1 0.435677 0.347426 0.018229 0.029412
1 0.532812 0.357077 0.027083 0.050551
1 0.471094 0.348805 0.021354 0.059743
1 0.36875 0.266544 0.01875 0.042279
1 0.441667 0.13511 0.026042 0.038603
1 0.952865 0.086857 0.019271 0.05239
1 0.591927 0.884191 0.076562 0.231618
1 0.790104 0.923713 0.103125 0.152574
1 0.35 0.93704 0.021875 0.125919
1 0.452865 0.980699 0.023438 0.038603
1 0.161979 0.994026 0.0875 0.011949
1 0.696354 0.056985 0.027083 0.029412
