1 0.402604 0.42693 0.014583 0.035846
1 0.659115 0.971507 0.009896 0.027574
1 0.477083 0.863051 0.009375 0.03125
1 0.617188 0.173713 0.044792 0.071691
1 0.590104 0.174632 0.007292 0.016544
1 0.582812 0.227022 0.013542 0.036765
1 0.539062 0.375919 0.023958 0.055147
1 0.526823 0.431985 0.041146 0.0625
1 0.500521 0.48943 0.028125 0.070772
1 0.499219 0.537684 0.040104 0.058824
1 0.478646 0.585478 0.017708 0.029412
1 0.415365 0.682904 0.015104 0.038603
1 0.402865 0.807445 0.031771 0.030331
1 0.315625 0.97886 0.041667 0.036765
1 0.573698 0.305607 0.032812 0.061581
1 0.641146 0.042739 0.0375 0.07261
1 0.442969 0.633732 0.033854 0.065257
1 0.428385 0.716912 0.029688 0.047794
1 0.632552 0.011949 0.006771 0.022059
