1 0.51224 0.820312 0.010938 0.015625
1 0.527865 0.821232 0.014062 0.034007
1 0.104948 0.818934 0.020312 0.038603
1 0.127604 0.828585 0.028125 0.076287
1 0.398698 0.785846 0.011979 0.023897
1 0.420052 0.778493 0.026562 0.038603
1 0.664844 0.738051 0.016146 0.014706
1 0.469792 0.691636 0.016667 0.017463
1 0.688281 0.634191 0.006771 0.020221
1 0.886719 0.670956 0.043229 0.106618
1 0.533073 0.624081 0.011979 0.038603
1 0.377344 0.637868 0.018229 0.066176
1 0.482292 0.627298 0.007292 0.061581
1 0.416406 0.67739 0.092188 0.174632
1 0.49349 0.602482 0.004688 0.035846
1 0.675781 0.596507 0.011979 0.051471
1 0.444271 0.578585 0.016667 0.022978
1 0.433594 0.572151 0.011979 0.035846
1 0.515104 0.536305 0.00625 0.02114
1 0.486458 0.543199 0.0125 0.069853
1 0.98724 0.536765 0.025521 0.0625
1 0.276823 0.503217 0.021354 0.050551
1 0.220573 0.477941 0.011979 0.022059
1 0.933594 0.471967 0.011979 0.030331
1 0.799219 0.452206 0.025521 0.03125
1 0.976562 0.431066 0.007292 0.025735
1 0.52474 0.43704 0.006771 0.037684
1 0.908073 0.457721 0.038021 0.079044
1 0.06276 0.436581 0.017188 0.056985
1 0.608594 0.400735 0.006771 0.018382
1 0.951562 0.393382 0.008333 0.018382
1 0.135938 0.374081 0.007292 0.020221
1 0.191406 0.356618 0.008854 0.016544
1 0.924219 0.355239 0.013021 0.022978
1 0.186458 0.341912 0.0125 0.014706
1 0.936458 0.350184 0.014583 0.049632
1 0.072656 0.335018 0.011979 0.024816
1 0.114844 0.34375 0.043229 0.080882
1 0.829167 0.31296 0.009375 0.026654
1 0.308854 0.311121 0.0125 0.026654
1 0.277344 0.29136 0.017188 0.018382
1 0.290104 0.284926 0.007292 0.016544
1 0.902083 0.276195 0.009375 0.019301
1 0.96875 0.371783 0.0625 0.217831
1 0.517448 0.294577 0.014062 0.067096
1 0.722656 0.41682 0.215104 0.315257
1 0.396615 0.272518 0.006771 0.026654
1 0.855729 0.252298 0.011458 0.022978
1 0.327344 0.261029 0.006771 0.060662
1 0.84349 0.231618 0.006771 0.018382
1 0.275521 0.245404 0.034375 0.060662
1 0.015625 0.262868 0.03125 0.108456
1 0.242448 0.459559 0.484896 0.507353
1 0.789323 0.213235 0.015104 0.022059
1 0.393229 0.19761 0.0125 0.027574
1 0.377344 0.179228 0.009896 0.016544
1 0.419531 0.182904 0.006771 0.033088
1 0.183073 0.167739 0.010938 0.017463
1 0.439844 0.170956 0.015104 0.060662
1 0.414844 0.210938 0.036979 0.16636
1 0.095833 0.201746 0.152083 0.204963
1 0.861198 0.075827 0.005729 0.02114
1 0.703646 0.069393 0.011458 0.017463
1 0.23125 0.011489 0.011458 0.022978
