1 0.309115 0.313419 0.023438 0.027574
1 0.385677 0.590993 0.020312 0.045956
1 0.42474 0.835938 0.020312 0.02114
1 0.482812 0.764706 0.038542 0.066176
1 0.534115 0.543199 0.003646 0.047794
1 0.622135 0.471967 0.018229 0.026654
1 0.639062 0.487132 0.01875 0.009191
1 0.954948 0.318934 0.014062 0.038603
1 0.738021 0.654412 0.015625 0.069853
1 0.728646 0.981158 0.009375 0.037684
1 0.814844 0.746324 0.020312 0.012868
1 0.897917 0.717831 0.015625 0.022059
1 0.960417 0.963235 0.079167 0.073529
1 0.425521 0.448989 0.058333 0.182904
1 0.855208 0.925551 0.055208 0.113971
1 0.572135 0.605699 0.027604 0.102941
1 0.034635 0.238051 0.010938 0.029412
