0 0.258854 0.903493 0.045833 0.095588
0 0.382031 0.693934 0.071354 0.064338
0 0.590104 0.26011 0.028125 0.101103
0 0.480469 0.477022 0.019271 0.080882
0 0.691146 0.099724 0.071875 0.100184
1 0.095312 0.991268 0.008333 0.017463
1 0.172656 0.46921 0.018229 0.013787
1 0.296615 0.377757 0.015104 0.014706
1 0.225781 0.085478 0.016146 0.022059
1 0.345833 0.018382 0.016667 0.016544
1 0.472917 0.098805 0.014583 0.017463
1 0.470573 0.717831 0.016146 0.016544
1 0.572396 0.738051 0.010417 0.016544
1 0.7125 0.603401 0.010417 0.013787
1 0.771875 0.826287 0.011458 0.016544
1 0.802344 0.949449 0.018229 0.022059
