1 0.282292 0.803309 0.020833 0.034926
1 0.573177 0.797335 0.007812 0.026654
1 0.663802 0.692096 0.013021 0.020221
1 0.581771 0.683824 0.014583 0.033088
1 0.536719 0.657629 0.010938 0.019301
1 0.91224 0.617188 0.010938 0.022978
1 0.076042 0.605239 0.009375 0.015625
0 0.810938 0.620864 0.048958 0.089154
0 0.532031 0.590074 0.099479 0.123162
1 0.223698 0.536305 0.013021 0.024816
0 0.636198 0.609375 0.136979 0.174632
1 0.828125 0.543658 0.038542 0.090993
1 0.704427 0.506434 0.009896 0.029412
1 0.084375 0.506893 0.027083 0.035846
0 0.13151 0.558364 0.113021 0.170037
1 0.725521 0.463695 0.035417 0.017463
0 0.383854 0.57307 0.132292 0.250919
0 0.032552 0.539062 0.065104 0.206801
1 0.976562 0.391544 0.011458 0.018382
1 0.157812 0.354779 0.010417 0.069853
1 0.108854 0.32261 0.01875 0.025735
1 0.458073 0.259651 0.016146 0.028493
1 0.198698 0.258272 0.014062 0.0625
1 0.876042 0.144301 0.0125 0.029412
1 0.974479 0.119026 0.022917 0.054228
1 0.333333 0.090074 0.011458 0.016544
1 0.113021 0.044118 0.013542 0.025735
1 0.7375 0.047794 0.020833 0.047794
1 0.251042 0.006893 0.011458 0.013787
1 0.954948 0.859835 0.009896 0.024816
