1 0.461979 0.23989 0.020833 0.029412
1 0.12526 0.454963 0.064062 0.080882
1 0.080469 0.117188 0.014062 0.04136
1 0.113281 0.564798 0.010938 0.035846
1 0.141927 0.777114 0.024479 0.024816
1 0.052865 0.070772 0.105729 0.112132
1 0.021354 0.349265 0.042708 0.036765
1 0.009375 0.545037 0.01875 0.071691
1 0.023177 0.618107 0.046354 0.05239
1 0.072135 0.670956 0.144271 0.145221
1 0.041927 0.78125 0.083854 0.055147
1 0.054427 0.858915 0.108854 0.028493
1 0.097656 0.859835 0.195312 0.280331
1 0.51901 0.62454 0.070312 0.193934
1 0.478646 0.453125 0.066667 0.185662
1 0.960156 0.963695 0.017188 0.07261
1 0.991667 0.987132 0.016667 0.025735
1 0.848958 0.525276 0.023958 0.050551
1 0.609115 0.586857 0.015104 0.01011
