1 0.795312 0.959099 0.011458 0.02114
1 0.983333 0.951287 0.026042 0.033088
1 0.234115 0.933824 0.017188 0.034926
1 0.553906 0.936121 0.025521 0.043199
1 0.721354 0.876838 0.029167 0.036765
1 0.421094 0.850184 0.020312 0.027574
1 0.977865 0.840074 0.015104 0.036765
1 0.778125 0.825368 0.016667 0.029412
1 0.692188 0.80193 0.019792 0.059743
1 0.980208 0.766085 0.014583 0.024816
1 0.669792 0.767463 0.017708 0.053309
1 0.010677 0.540441 0.021354 0.108456
1 0.06849 0.48989 0.031771 0.047794
1 0.550521 0.472886 0.029167 0.035846
1 0.592188 0.507353 0.113542 0.15625
1 0.699219 0.4375 0.019271 0.069853
1 0.271875 0.485754 0.092708 0.173713
1 0.795833 0.409007 0.020833 0.053309
1 0.148698 0.454044 0.068229 0.152574
1 0.014323 0.404412 0.028646 0.0625
1 0.632031 0.398897 0.099479 0.095588
1 0.01849 0.229779 0.036979 0.097426
1 0.288802 0.01057 0.017188 0.02114
1 0.238281 0.03125 0.061979 0.0625
1 0.164583 0.013327 0.014583 0.026654
1 0.128906 0.012868 0.013021 0.025735
1 0.805208 0.522518 0.389583 0.954963
1 0.785938 0.986213 0.007292 0.027574
1 0.996615 0.829963 0.006771 0.101103
1 0.435156 0.13511 0.009896 0.016544
1 0.501042 0.13511 0.03125 0.040441
1 0.683333 0.008732 0.022917 0.017463
1 0.794531 0.445312 0.014062 0.022978
1 0.783854 0.474265 0.017708 0.020221
