1 0.054688 0.748162 0.01875 0.036765
1 0.388021 0.548713 0.008333 0.03125
1 0.407031 0.662224 0.008854 0.013787
1 0.459635 0.623621 0.011979 0.015625
1 0.505208 0.147059 0.017708 0.03125
1 0.584115 0.298254 0.021354 0.046875
1 0.925781 0.637408 0.020312 0.013787
1 0.739583 0.771599 0.015625 0.019301
1 0.873958 0.928768 0.015625 0.035846
1 0.975781 0.757812 0.030729 0.054228
0 0.523438 0.329504 0.172917 0.298713
0 0.058073 0.690257 0.116146 0.139706
1 0.035156 0.215993 0.023438 0.066176
1 0.053125 0.338695 0.026042 0.034007
1 0.134375 0.20864 0.014583 0.0625
1 0.141927 0.347886 0.023438 0.04136
1 0.125781 0.360294 0.015104 0.029412
1 0.315365 0.344669 0.008854 0.029412
1 0.388021 0.176471 0.008333 0.022059
0 0.989062 0.019301 0.021875 0.038603
1 0.933333 0.051011 0.0125 0.017463
1 0.919792 0.195312 0.00625 0.022978
1 0.988802 0.26011 0.017188 0.012868
