1 0.492969 0.980699 0.024479 0.038603
1 0.745833 0.92739 0.017708 0.034926
1 0.824479 0.909926 0.03125 0.051471
1 0.079427 0.883732 0.039062 0.079963
1 0.682552 0.773897 0.008854 0.016544
1 0.398958 0.767923 0.0125 0.024816
1 0.139844 0.711397 0.007812 0.069853
1 0.252083 0.660846 0.03125 0.071691
1 0.548177 0.626379 0.010938 0.017463
1 0.48151 0.544577 0.027604 0.061581
1 0.079427 0.530331 0.015104 0.033088
1 0.35599 0.494485 0.018229 0.036765
1 0.240885 0.457261 0.045312 0.067096
0 0.558854 0.487592 0.132292 0.129596
1 0.186979 0.404412 0.011458 0.018382
1 0.215885 0.358915 0.020312 0.035846
1 0.835156 0.355699 0.018229 0.03125
1 0.140625 0.24954 0.033333 0.037684
0 0.420312 0.300092 0.085417 0.175551
1 0.204688 0.216912 0.011458 0.022059
1 0.41901 0.201746 0.013021 0.028493
1 0.492969 0.177849 0.013021 0.019301
1 0.394792 0.11443 0.03125 0.02114
1 0.864583 0.104779 0.010417 0.023897
0 0.142969 0.098805 0.127604 0.19761
