1 0.172396 0.024816 0.039583 0.045956
1 0.530208 0.125 0.028125 0.045956
1 0.584635 0.319853 0.051562 0.115809
1 0.550521 0.296415 0.027083 0.035846
1 0.68724 0.365349 0.050521 0.063419
1 0.854167 0.74954 0.025 0.045037
1 0.526823 0.601562 0.050521 0.102022
1 0.490365 0.527114 0.045312 0.105699
1 0.528906 0.370404 0.032812 0.058824
1 0.292969 0.848805 0.035938 0.035846
1 0.28724 0.793658 0.049479 0.081801
1 0.329688 0.82261 0.033333 0.045956
1 0.160417 0.136029 0.032292 0.079044
1 0.16224 0.189798 0.031771 0.024816
1 0.190365 0.143382 0.009896 0.025735
1 0.759115 0.711857 0.007812 0.019301
1 0.65599 0.987592 0.038021 0.024816
