1 0.49349 0.464614 0.018229 0.056066
1 0.440104 0.182445 0.011458 0.035846
1 0.434635 0.076746 0.019271 0.065257
1 0.695573 0.169118 0.027604 0.012868
1 0.742708 0.050551 0.016667 0.03125
1 0.813021 0.321232 0.016667 0.022978
1 0.710677 0.365349 0.010938 0.043199
1 0.764323 0.909467 0.016146 0.013787
1 0.567188 0.58364 0.0375 0.058824
1 0.121354 0.495404 0.009375 0.012868
1 0.230729 0.47932 0.014583 0.011949
1 0.33125 0.320772 0.010417 0.012868
1 0.757812 0.159467 0.010417 0.026654
1 0.967188 0.381434 0.029167 0.016544
1 0.955729 0.927849 0.008333 0.019301
1 0.735938 0.786305 0.015625 0.019301
1 0.710677 0.722426 0.016146 0.023897
