1 0.336719 0.914062 0.010938 0.02114
1 0.153906 0.90579 0.017188 0.037684
1 0.213281 0.823529 0.018229 0.03125
1 0.440625 0.824908 0.017708 0.039522
1 0.501042 0.779871 0.017708 0.039522
1 0.871354 0.763787 0.014583 0.033088
1 0.426823 0.737132 0.014062 0.03125
1 0.491146 0.734375 0.0125 0.036765
1 0.9875 0.694393 0.0125 0.032169
1 0.690625 0.706342 0.05625 0.079963
1 0.529427 0.671875 0.020312 0.033088
1 0.328906 0.566176 0.011979 0.033088
1 0.219792 0.572151 0.1 0.120404
1 0.091667 0.607537 0.158333 0.266544
1 0.135938 0.449449 0.057292 0.148897
1 0.355208 0.36489 0.016667 0.033088
1 0.19401 0.36489 0.019271 0.038603
1 0.139583 0.380055 0.057292 0.105699
1 0.197135 0.289982 0.016146 0.026654
1 0.495052 0.459099 0.210938 0.370404
1 0.602604 0.255974 0.0125 0.017463
1 0.613281 0.193015 0.056771 0.097426
1 0.18125 0.141544 0.010417 0.016544
1 0.707031 0.118107 0.016146 0.022978
1 0.730208 0.175551 0.061458 0.193015
1 0.429948 0.107077 0.108854 0.057904
1 0.040625 0.039062 0.019792 0.037684
1 0.247396 0.026654 0.009375 0.014706
1 0.82474 0.158088 0.350521 0.316176
1 0.92474 0.511949 0.150521 0.321691
1 0.727344 0.953125 0.115104 0.09375
1 0.592969 0.960478 0.055729 0.079044
