1 0.174219 0.881434 0.007812 0.016544
1 0.10026 0.788143 0.030729 0.028493
1 0.777083 0.600184 0.0125 0.014706
1 0.758594 0.598346 0.018229 0.042279
1 0.772656 0.576746 0.009896 0.022978
1 0.707292 0.542279 0.010417 0.016544
1 0.738021 0.533088 0.013542 0.009191
1 0.534375 0.501838 0.015625 0.034926
1 0.502604 0.49954 0.017708 0.030331
1 0.659896 0.546415 0.140625 0.125919
1 0.580208 0.522059 0.039583 0.080882
1 0.560156 0.495864 0.022396 0.07261
1 0.380729 0.467371 0.017708 0.030331
1 0.451562 0.466912 0.028125 0.03125
1 0.353385 0.459099 0.013021 0.032169
1 0.307552 0.447151 0.014062 0.028493
1 0.466927 0.444853 0.006771 0.03125
1 0.439583 0.446232 0.023958 0.048713
1 0.270052 0.422794 0.013021 0.036765
1 0.67526 0.369485 0.017188 0.027574
1 0.110156 0.361673 0.015104 0.035846
1 0.697396 0.357537 0.005208 0.03125
1 0.007552 0.309743 0.015104 0.033088
1 0.61224 0.317555 0.024479 0.057904
1 0.568229 0.303768 0.016667 0.035846
1 0.667969 0.284467 0.009896 0.035846
1 0.170573 0.132353 0.030729 0.055147
1 0.067708 0.352022 0.065625 0.088235
1 0.144531 0.350184 0.024479 0.044118
1 0.248177 0.421875 0.017188 0.025735
1 0.161719 0.232537 0.016146 0.042279
