1 0.238802 0.365349 0.032812 0.037684
1 0.018229 0.59421 0.036458 0.028493
1 0.121094 0.430147 0.068229 0.042279
1 0.06875 0.295496 0.022917 0.043199
1 0.138802 0.258732 0.019271 0.037684
1 0.147396 0.121783 0.027083 0.02114
1 0.255469 0.068474 0.035938 0.026654
1 0.325 0.058364 0.013542 0.028493
1 0.3625 0.183824 0.025 0.045956
1 0.324479 0.287684 0.017708 0.040441
1 0.263802 0.227482 0.015104 0.032169
1 0.29401 0.575827 0.020312 0.017463
1 0.385938 0.626379 0.038542 0.011949
1 0.543229 0.959099 0.048958 0.04136
1 0.670833 0.909467 0.008333 0.030331
1 0.689323 0.985294 0.033854 0.009191
1 0.726823 0.96921 0.007812 0.037684
1 0.772656 0.95864 0.023438 0.0625
1 0.81875 0.975643 0.025 0.046875
1 0.803385 0.939798 0.017188 0.015625
1 0.856771 0.897978 0.023958 0.03125
1 0.895573 0.382812 0.014062 0.057904
1 0.603125 0.259191 0.010417 0.014706
1 0.5625 0.266085 0.011458 0.035846
1 0.548958 0.159926 0.014583 0.020221
1 0.616406 0.117647 0.005729 0.042279
1 0.96276 0.022978 0.010938 0.045956
1 0.008073 0.560202 0.013021 0.022978
1 0.132812 0.370404 0.014583 0.009191
1 0.127083 0.321232 0.015625 0.017463
1 0.397656 0.043199 0.009896 0.012868
1 0.460938 0.063879 0.008333 0.032169
1 0.447396 0.474724 0.00625 0.022978
1 0.624479 0.462776 0.016667 0.011949
1 0.703906 0.254136 0.015104 0.011949
1 0.990104 0.238051 0.019792 0.014706
1 0.958854 0.254596 0.007292 0.029412
1 0.990104 0.30239 0.0125 0.018382
1 0.959375 0.346507 0.016667 0.049632
1 0.956771 0.41682 0.086458 0.307904
1 0.973438 0.475184 0.007292 0.020221
1 0.961198 0.639246 0.007812 0.030331
1 0.622135 0.943015 0.013021 0.018382
1 0.536458 0.868107 0.023958 0.006434
1 0.461458 0.970129 0.007292 0.019301
1 0.277865 0.868107 0.018229 0.037684
1 0.221615 0.834099 0.008854 0.017463
1 0.078906 0.959559 0.014062 0.025735
1 0.126302 0.638787 0.128646 0.198529
1 0.790365 0.988051 0.027604 0.023897
1 0.785938 0.482077 0.134375 0.263787
1 0.509115 0.487592 0.173438 0.337316
1 0.340104 0.350184 0.066667 0.113971
1 0.823698 0.057445 0.052604 0.105699
1 0.892188 0.028033 0.032292 0.048713
1 0.74401 0.049173 0.016146 0.05239
1 0.411198 0.274816 0.059896 0.077206
1 0.355208 0.120404 0.027083 0.051471
1 0.524479 0.081342 0.022917 0.061581
1 0.342708 0.819393 0.017708 0.04136
1 0.130469 0.382353 0.021354 0.03125
1 0.880208 0.074449 0.017708 0.033088
1 0.189062 0.184743 0.032292 0.038603
1 0.9875 0.112592 0.019792 0.079963
1 0.698177 0.378217 0.028646 0.011949
1 0.766927 0.017004 0.023438 0.024816
1 0.88776 0.136029 0.015104 0.023897
1 0.86901 0.289982 0.011979 0.087316
1 0.784635 0.121324 0.032812 0.069853
1 0.258333 0.358915 0.00625 0.022978
