1 0.160417 0.495404 0.01875 0.023897
1 0.189844 0.490809 0.008854 0.016544
0 0.115885 0.376379 0.017188 0.02114
1 0.323698 0.559743 0.013021 0.011029
1 0.422135 0.590533 0.007812 0.017463
1 0.471615 0.573529 0.007812 0.020221
1 0.541927 0.815717 0.024479 0.011949
0 0.605208 0.714614 0.0125 0.028493
1 0.700781 0.738971 0.007812 0.016544
0 0.781771 0.676471 0.10625 0.143382
0 0.883333 0.735754 0.102083 0.153493
0 0.528125 0.552849 0.108333 0.142463
0 0.080208 0.43796 0.103125 0.155331
1 0.23151 0.600643 0.009896 0.022978
1 0.345052 0.372243 0.006771 0.025735
1 0.783594 0.290441 0.022396 0.033088
1 0.619792 0.532629 0.010417 0.019301
1 0.867708 0.488971 0.011458 0.020221
1 0.864844 0.162684 0.008854 0.03125
1 0.794271 0.078585 0.022917 0.028493
