1 0.466406 0.892923 0.057812 0.065257
1 0.124219 0.668658 0.101562 0.186581
1 0.54974 0.690257 0.284896 0.365809
1 0.247656 0.499081 0.131771 0.194853
1 0.633073 0.402574 0.155729 0.299632
1 0.016146 0.199449 0.032292 0.056985
1 0.883854 0.248162 0.109375 0.165441
1 0.145833 0.102941 0.098958 0.150735
1 0.903125 0.011029 0.020833 0.022059
1 0.85026 0.022978 0.047396 0.045956
1 0.311198 0.025276 0.048438 0.050551
1 0.948958 0.511029 0.102083 0.295956
1 0.954948 0.182904 0.090104 0.301471
1 0.984635 0.052849 0.030729 0.105699
1 0.982552 0.959099 0.034896 0.081801
1 0.485417 0.967371 0.0125 0.02114
1 0.885938 0.939798 0.0125 0.015625
