1 0.861458 0.944393 0.014583 0.030331
1 0.686198 0.911305 0.010938 0.024816
1 0.772656 0.848346 0.015104 0.025735
1 0.714844 0.761489 0.007812 0.028493
1 0.701823 0.75046 0.014062 0.02114
1 0.773958 0.736213 0.014583 0.018382
1 0.701302 0.733915 0.010938 0.017463
1 0.652344 0.700827 0.007812 0.02114
1 0.645573 0.664982 0.035938 0.090993
1 0.602344 0.605699 0.006771 0.018382
1 0.535156 0.504136 0.020312 0.035846
1 0.506771 0.461397 0.010417 0.014706
1 0.478125 0.445312 0.021875 0.050551
1 0.478646 0.401654 0.013542 0.033088
1 0.254427 0.209559 0.014062 0.025735
1 0.242969 0.118566 0.014062 0.03125
1 0.211198 0.144301 0.069271 0.130515
1 0.166927 0.104779 0.048438 0.068015
1 0.264323 0.066636 0.010938 0.022978
1 0.258073 0.06204 0.010938 0.032169
1 0.941927 0.035386 0.008854 0.015625
1 0.530469 0.491268 0.007812 0.019301
