1 0.507292 0.277574 0.026042 0.051471
1 0.015104 0.693474 0.030208 0.050551
1 0.011458 0.632812 0.022917 0.015625
1 0.020312 0.584559 0.040625 0.034926
1 0.317188 0.011949 0.025 0.014706
1 0.203125 0.412684 0.014583 0.03125
1 0.23151 0.840074 0.016146 0.038603
1 0.265104 0.847426 0.025 0.036765
1 0.215104 0.92739 0.061458 0.077206
1 0.940365 0.734835 0.010938 0.022978
1 0.995052 0.723346 0.009896 0.018382
1 0.86276 0.034926 0.051562 0.053309
1 0.479688 0.705423 0.084375 0.204963
1 0.588542 0.840993 0.070833 0.128676
1 0.529688 0.388787 0.1 0.209559
1 0.605729 0.581342 0.15625 0.296875
1 0.559635 0.734375 0.064062 0.090074
1 0.515885 0.223346 0.125521 0.196691
