1 0.061979 0.032629 0.035417 0.043199
1 0.098698 0.563879 0.014062 0.022978
1 0.08776 0.526654 0.053646 0.071691
1 0.111458 0.477941 0.054167 0.123162
1 0.140365 0.54182 0.020312 0.074449
1 0.169271 0.528033 0.046875 0.037684
1 0.204427 0.584099 0.026562 0.046875
1 0.286458 0.546875 0.055208 0.051471
1 0.27474 0.507812 0.017188 0.013787
1 0.420833 0.528952 0.028125 0.019301
1 0.447135 0.535846 0.021354 0.058824
1 0.466146 0.569853 0.047917 0.027574
1 0.501042 0.529412 0.030208 0.056985
1 0.523177 0.529871 0.048438 0.065257
1 0.547917 0.54182 0.026042 0.05239
1 0.573177 0.544577 0.035938 0.019301
1 0.579688 0.527114 0.009375 0.022978
1 0.607031 0.465074 0.020312 0.020221
1 0.608854 0.50046 0.0375 0.061581
1 0.877604 0.83364 0.069792 0.121324
1 0.7 0.732996 0.038542 0.05239
1 0.690885 0.783088 0.041146 0.056985
1 0.096615 0.153033 0.033854 0.059743
1 0.67474 0.748162 0.018229 0.047794
1 0.542448 0.454963 0.050521 0.073529
1 0.659375 0.49954 0.033333 0.118566
1 0.684896 0.421875 0.077083 0.049632
1 0.573177 0.501838 0.039062 0.029412
1 0.41875 0.563879 0.023958 0.030331
1 0.236198 0.526195 0.048438 0.076287
1 0.945312 0.354779 0.026042 0.023897
1 0.911719 0.459099 0.021354 0.102022
1 0.914844 0.396599 0.004688 0.028493
1 0.928646 0.430147 0.016667 0.034926
1 0.930208 0.390165 0.048958 0.085478
1 0.950521 0.379136 0.010417 0.02114
1 0.963021 0.40625 0.025 0.060662
1 0.957552 0.420956 0.009896 0.014706
1 0.96849 0.390165 0.009896 0.02114
1 0.973698 0.410386 0.014062 0.017463
1 0.991667 0.414062 0.016667 0.039522
1 0.98099 0.43704 0.034896 0.037684
1 0.939583 0.460478 0.060417 0.022059
1 0.949479 0.436581 0.011458 0.027574
1 0.947656 0.504136 0.031771 0.017463
