0 0.125781 0.45864 0.013021 0.029412
1 0.110417 0.11443 0.05 0.054228
1 0.241146 0.111673 0.010417 0.019301
0 0.326302 0.555147 0.013021 0.023897
1 0.563281 0.641085 0.010938 0.011949
1 0.714844 0.620864 0.018229 0.02114
0 0.920573 0.568474 0.055729 0.089154
0 0.46875 0.545496 0.052083 0.094669
0 0.583854 0.574449 0.026042 0.106618
0 0.052344 0.47886 0.098438 0.121324
1 0.316667 0.501379 0.011458 0.011949
1 0.589323 0.044118 0.015104 0.020221
1 0.97474 0.580882 0.010938 0.022059
0 0.776823 0.588235 0.011979 0.023897
1 0.333333 0.71875 0.00625 0.023897
1 0.41276 0.877757 0.016146 0.033088
1 0.480469 0.882812 0.010938 0.024816
