1 0.490104 0.540441 0.014583 0.033088
1 0.626302 0.592371 0.022396 0.017463
1 0.698698 0.645221 0.007812 0.044118
1 0.707812 0.671415 0.008333 0.043199
1 0.804688 0.753676 0.023958 0.033088
1 0.944271 0.863051 0.022917 0.03125
1 0.445833 0.432904 0.014583 0.047794
1 0.481771 0.48943 0.011458 0.045037
1 0.498958 0.511949 0.0125 0.036765
1 0.392448 0.422794 0.009896 0.029412
1 0.548177 0.52068 0.007812 0.048713
1 0.828125 0.775735 0.00625 0.038603
1 0.502344 0.56296 0.021354 0.02114
1 0.5125 0.557445 0.014583 0.043199
1 0.798177 0.696691 0.028646 0.03125
1 0.811719 0.727482 0.016146 0.030331
