1 0.220052 0.034007 0.019271 0.03125
1 0.259115 0.03125 0.061979 0.0625
1 0.304688 0.142463 0.030208 0.075368
1 0.318229 0.112592 0.022917 0.059743
1 0.342188 0.192096 0.069792 0.102941
1 0.359635 0.219669 0.050521 0.108456
1 0.385417 0.246783 0.020833 0.07261
1 0.460417 0.402114 0.01875 0.050551
1 0.541927 0.501838 0.021354 0.045956
1 0.567188 0.586397 0.027083 0.073529
1 0.558073 0.645221 0.025521 0.055147
1 0.728906 0.827206 0.031771 0.058824
1 0.730729 0.889246 0.036458 0.07261
1 0.735677 0.953585 0.033854 0.070772
1 0.910417 0.544118 0.015625 0.016544
1 0.043229 0.443934 0.011458 0.014706
1 0.039583 0.591452 0.01875 0.019301
1 0.434896 0.318015 0.042708 0.080882
1 0.486458 0.463235 0.054167 0.091912
1 0.588802 0.692096 0.043229 0.086397
1 0.644792 0.736673 0.045833 0.081801
1 0.516406 0.584559 0.029688 0.053309
1 0.686198 0.827206 0.009896 0.027574
