1 0.535938 0.680607 0.086458 0.149816
1 0.008594 0.462316 0.017188 0.055147
1 0.689583 0.46829 0.055208 0.100184
1 0.459635 0.492647 0.060938 0.167279
1 0.3625 0.407629 0.111458 0.182904
1 0.586458 0.369485 0.076042 0.110294
1 0.526823 0.209559 0.051562 0.110294
1 0.360417 0.092831 0.033333 0.049632
1 0.828646 0.204504 0.2125 0.409007
1 0.467188 0.104779 0.173958 0.209559
1 0.167448 0.669118 0.284896 0.661765
1 0.947396 0.569393 0.105208 0.249081
1 0.871875 0.926011 0.139583 0.147978
1 0.980208 0.056526 0.039583 0.113051
1 0.967708 0.967371 0.063542 0.065257
1 0.984896 0.275276 0.030208 0.065257
1 0.778646 0.978401 0.039583 0.043199
1 0.914844 0.982996 0.032812 0.034007
1 0.995312 0.149816 0.009375 0.029412
