1 0.920573 0.461397 0.032812 0.049632
1 0.973958 0.392463 0.025 0.029412
1 0.363281 0.566176 0.020312 0.045956
1 0.713542 0.494945 0.015625 0.039522
1 0.511719 0.535386 0.011979 0.050551
1 0.857031 0.4375 0.028646 0.066176
1 0.010156 0.05193 0.018229 0.026654
1 0.027083 0.352482 0.009375 0.048713
1 0.11224 0.250919 0.011979 0.012868
1 0.209115 0.016085 0.021354 0.032169
1 0.179948 0.371324 0.016146 0.018382
1 0.108073 0.471048 0.008854 0.028493
1 0.08724 0.623621 0.008854 0.015625
1 0.296094 0.740349 0.013021 0.043199
1 0.359115 0.654871 0.007812 0.015625
1 0.395312 0.594669 0.004167 0.029412
1 0.3 0.436121 0.011458 0.01011
1 0.289583 0.300092 0.011458 0.022978
1 0.27474 0.232996 0.007812 0.030331
1 0.348958 0.029871 0.008333 0.035846
1 0.373177 0.079044 0.010938 0.025735
1 0.498438 0.022059 0.010417 0.044118
1 0.496354 0.109835 0.00625 0.032169
1 0.459896 0.206342 0.008333 0.019301
1 0.44349 0.180607 0.008854 0.028493
1 0.439583 0.811581 0.008333 0.027574
1 0.411458 0.31296 0.00625 0.024816
1 0.543229 0.011949 0.01875 0.014706
1 0.588281 0.456342 0.006771 0.026654
1 0.746354 0.860754 0.025 0.028493
1 0.901562 0.933824 0.017708 0.018382
1 0.8375 0.750919 0.013542 0.023897
1 0.763802 0.699908 0.011979 0.011949
1 0.858854 0.675551 0.013542 0.009191
1 0.808854 0.201287 0.014583 0.018382
1 0.842969 0.255055 0.007812 0.024816
