1 0.983854 0.919118 0.022917 0.049632
1 0.071875 0.872243 0.011458 0.023897
1 0.147135 0.87454 0.025521 0.054228
1 0.200521 0.709099 0.01875 0.022978
1 0.726042 0.696691 0.0125 0.027574
1 0.715104 0.651195 0.021875 0.05239
1 0.808854 0.748162 0.142708 0.25
1 0.9 0.76057 0.113542 0.278493
1 0.740365 0.707261 0.089062 0.206801
1 0.699219 0.637868 0.111979 0.238971
1 0.91276 0.480239 0.008854 0.024816
1 0.625781 0.482996 0.022396 0.043199
1 0.590625 0.480239 0.1 0.201287
1 0.459115 0.482537 0.085938 0.248162
1 0.693229 0.334559 0.013542 0.018382
1 0.649219 0.341452 0.019271 0.032169
1 0.683333 0.29182 0.015625 0.026654
1 0.728646 0.295956 0.013542 0.034926
1 0.21901 0.316636 0.073438 0.096507
1 0.60026 0.272518 0.018229 0.035846
1 0.155469 0.25 0.075521 0.108456
1 0.427604 0.197151 0.010417 0.019301
1 0.067188 0.193474 0.016667 0.045037
1 0.047135 0.174632 0.010938 0.025735
1 0.046354 0.102482 0.092708 0.179228
