1 0.899219 0.494945 0.056771 0.107537
1 0.653906 0.107077 0.014062 0.022978
1 0.526823 0.009191 0.022396 0.018382
1 0.33099 0.105699 0.010938 0.036765
0 0.377083 0.445772 0.029167 0.069853
1 0.340625 0.720129 0.023958 0.035846
1 0.309896 0.884651 0.032292 0.04136
1 0.31224 0.920037 0.021354 0.016544
0 0.88776 0.599724 0.164062 0.272978
0 0.534896 0.436581 0.139583 0.255515
1 0.025521 0.412224 0.026042 0.04136
1 0.028125 0.241268 0.020833 0.030331
1 0.949219 0.573989 0.008854 0.045037
1 0.592448 0.571691 0.015104 0.040441
