1 0.158073 0.674173 0.046354 0.050551
1 0.2125 0.539062 0.069792 0.136949
0 0.829688 0.447151 0.101042 0.201287
1 0.921094 0.764246 0.080729 0.14614
1 0.942708 0.554688 0.019792 0.032169
1 0.482031 0.456342 0.041146 0.034007
1 0.471094 0.500919 0.021354 0.018382
0 0.703385 0.366268 0.174479 0.298713
0 0.521354 0.310202 0.032292 0.05239
0 0.94349 0.486673 0.111979 0.285846
0 0.089062 0.507353 0.153125 0.334559
1 0.168229 0.352482 0.13125 0.219669
0 0.402083 0.440717 0.184375 0.203125
0 0.632812 0.459559 0.30625 0.485294
