1 0.229167 0.654412 0.08125 0.106618
1 0.347917 0.407169 0.104167 0.183824
1 0.427865 0.491268 0.054688 0.151654
1 0.516927 0.355699 0.064062 0.095588
1 0.455208 0.744945 0.201042 0.394301
1 0.639583 0.575827 0.214583 0.475184
1 0.741667 0.75 0.063542 0.119485
1 0.779948 0.793658 0.135938 0.309743
1 0.875521 0.746324 0.064583 0.115809
1 0.936719 0.235754 0.125521 0.269301
1 0.798698 0.367647 0.083854 0.161765
1 0.200781 0.888787 0.124479 0.193015
1 0.115365 0.96875 0.043229 0.0625
1 0.013802 0.564798 0.027604 0.061581
1 0.403385 0.189338 0.032812 0.034926
1 0.992708 0.051471 0.014583 0.064338
1 0.99375 0.365349 0.0125 0.024816
