0 0.544792 0.553768 0.1 0.162684
1 0.020052 0.139706 0.030729 0.022059
1 0.061458 0.192096 0.007292 0.029412
1 0.090365 0.45818 0.016146 0.02114
1 0.130729 0.813879 0.010417 0.035846
1 0.499479 0.772978 0.014583 0.018382
1 0.474479 0.499081 0.023958 0.029412
0 0.414323 0.390625 0.006771 0.022059
1 0.307292 0.327206 0.00625 0.023897
1 0.345833 0.238511 0.015625 0.019301
1 0.396615 0.270221 0.004688 0.049632
1 0.514844 0.307445 0.010938 0.028493
1 0.565885 0.084099 0.011979 0.048713
1 0.683333 0.384651 0.0125 0.026654
1 0.805208 0.279412 0.010417 0.0625
