1 0.407031 0.232996 0.006771 0.05239
1 0.527083 0.632353 0.017708 0.016544
1 0.6 0.56204 0.0375 0.05239
0 0.73125 0.240349 0.0125 0.046875
1 0.959635 0.292739 0.018229 0.030331
1 0.907292 0.216912 0.021875 0.020221
1 0.875781 0.193015 0.009896 0.014706
1 0.971875 0.17739 0.013542 0.027574
1 0.961719 0.035846 0.011979 0.014706
0 0.329167 0.670037 0.103125 0.119485
0 0.113021 0.892463 0.0625 0.088235
0 0.464062 0.581342 0.041667 0.193934
1 0.146354 0.440257 0.016667 0.044118
1 0.988021 0.13511 0.022917 0.025735
