1 0.179427 0.039062 0.008854 0.024816
1 0.319271 0.029412 0.013542 0.03125
1 0.186458 0.151654 0.035417 0.014706
1 0.311458 0.251379 0.015625 0.02114
1 0.526042 0.438419 0.0125 0.023897
1 0.358333 0.493566 0.027083 0.007353
1 0.467708 0.777114 0.026042 0.037684
0 0.449219 0.487592 0.113021 0.162684
1 0.973438 0.504136 0.017708 0.039522
1 0.960938 0.767463 0.01875 0.027574
0 0.508333 0.95818 0.013542 0.08364
0 0.488542 0.981158 0.022917 0.037684
1 0.709375 0.009191 0.027083 0.018382
1 0.84974 0.302849 0.019271 0.015625
1 0.495573 0.455882 0.014062 0.03125
