1 0.33776 0.903493 0.050521 0.075368
1 0.007552 0.806066 0.015104 0.055147
1 0.323438 0.732996 0.063542 0.107537
1 0.820312 0.741728 0.090625 0.15625
1 0.739844 0.539522 0.108854 0.181985
1 0.050781 0.629596 0.101562 0.375
1 0.570833 0.488511 0.10625 0.151654
1 0.126042 0.418199 0.096875 0.148897
1 0.186719 0.306066 0.055729 0.090074
1 0.784635 0.306985 0.084896 0.134191
1 0.67526 0.254596 0.049479 0.097426
1 0.016406 0.185662 0.032812 0.125
1 0.190625 0.172335 0.0625 0.10386
1 0.511458 0.037224 0.03125 0.057904
1 0.710417 0.049632 0.10625 0.099265
1 0.600781 0.018842 0.030729 0.037684
1 0.754427 0.75 0.491146 0.5
1 0.2 0.880974 0.20625 0.238051
1 0.3375 0.966912 0.063542 0.066176
1 0.013802 0.97886 0.027604 0.042279
1 0.270573 0.992647 0.017188 0.014706
