1 0.498438 0.46829 0.120833 0.054228
1 0.055729 0.465993 0.03125 0.101103
1 0.240885 0.703585 0.020312 0.039522
1 0.221615 0.903493 0.053646 0.080882
1 0.602604 0.918199 0.046875 0.09375
1 0.859896 0.483915 0.116667 0.203125
1 0.552083 0.503217 0.103125 0.074449
1 0.04375 0.628217 0.0875 0.272978
1 0.083854 0.746324 0.053125 0.075368
1 0.13099 0.732537 0.030729 0.029412
1 0.498958 0.976103 0.058333 0.047794
1 0.288802 0.519761 0.108854 0.16636
1 0.2125 0.486213 0.135417 0.084559
1 0.935677 0.474724 0.030729 0.02114
1 0.934375 0.547794 0.04375 0.136029
1 0.338802 0.102482 0.023438 0.034007
1 0.324479 0.362132 0.032292 0.215074
