1 0.339844 0.898897 0.016146 0.025735
1 0.392708 0.902114 0.028125 0.056066
1 0.560156 0.92739 0.083854 0.115809
1 0.609115 0.865349 0.022396 0.048713
1 0.43151 0.798254 0.021354 0.070772
1 0.724219 0.806985 0.040104 0.09375
1 0.042188 0.777114 0.084375 0.087316
1 0.116927 0.75046 0.029688 0.046875
1 0.55651 0.788603 0.078646 0.200368
1 0.01875 0.630515 0.0375 0.097426
1 0.441927 0.515625 0.161979 0.352941
1 0.985677 0.34421 0.023438 0.017463
1 0.334115 0.295956 0.015104 0.029412
1 0.954167 0.244945 0.029167 0.024816
1 0.473438 0.271599 0.104167 0.092831
1 0.985677 0.231158 0.010938 0.013787
1 0.635417 0.276654 0.084375 0.108456
1 0.147396 0.226103 0.019792 0.012868
1 0.628906 0.164522 0.021354 0.036765
1 0.865104 0.070312 0.0375 0.059743
1 0.613542 0.021599 0.045833 0.043199
1 0.306771 0.049173 0.030208 0.098346
1 0.226823 0.033088 0.031771 0.066176
1 0.095052 0.202206 0.190104 0.404412
1 0.964844 0.431526 0.070312 0.14614
