1 0.2625 0.154412 0.01875 0.023897
1 0.296354 0.221048 0.007292 0.028493
1 0.256771 0.46829 0.0125 0.019301
1 0.251823 0.547794 0.023438 0.044118
1 0.092708 0.595588 0.015625 0.03125
1 0.513542 0.558364 0.008333 0.030331
1 0.329688 0.789982 0.011458 0.030331
1 0.232552 0.817096 0.015104 0.020221
0 0.476562 0.462316 0.073958 0.051471
1 0.266146 0.459559 0.01875 0.014706
1 0.508333 0.591912 0.021875 0.023897
1 0.848958 0.500919 0.011458 0.016544
1 0.879688 0.612592 0.017708 0.019301
1 0.872656 0.670496 0.010938 0.02114
1 0.870573 0.818934 0.010938 0.058824
1 0.727865 0.865809 0.010938 0.018382
1 0.71875 0.970588 0.0125 0.014706
