1 0.101562 0.111213 0.011458 0.018382
1 0.057292 0.824908 0.011458 0.034007
1 0.051562 0.905331 0.013542 0.025735
1 0.165365 0.744485 0.014062 0.022059
1 0.448177 0.576746 0.011979 0.04136
1 0.555469 0.488511 0.030729 0.028493
1 0.540885 0.329044 0.013021 0.018382
1 0.581771 0.318015 0.042708 0.045956
1 0.65026 0.204044 0.008854 0.014706
1 0.782031 0.015165 0.014062 0.030331
0 0.258073 0.877757 0.098438 0.080882
0 0.672917 0.238051 0.083333 0.034926
0 0.475781 0.47932 0.110938 0.105699
1 0.12474 0.295956 0.017188 0.018382
1 0.1125 0.403033 0.019792 0.030331
1 0.353906 0.984375 0.011979 0.018382
