1 0.461198 0.596967 0.026562 0.035846
1 0.407031 0.514246 0.010938 0.026654
1 0.388802 0.726562 0.021354 0.022978
0 0.202865 0.873162 0.019271 0.033088
0 0.49375 0.471967 0.048958 0.125919
1 0.754167 0.01057 0.016667 0.02114
1 0.73125 0.040901 0.008333 0.034007
1 0.652604 0.236673 0.010417 0.032169
1 0.617708 0.329044 0.014583 0.014706
1 0.450521 0.639706 0.0125 0.012868
1 0.45026 0.662684 0.009896 0.03125
1 0.452344 0.772518 0.015104 0.030331
1 0.358073 0.709099 0.009896 0.015625
1 0.353125 0.736673 0.00625 0.02114
1 0.311198 0.76057 0.008854 0.019301
1 0.835156 0.664062 0.013021 0.017463
