1 0.052604 0.909926 0.020833 0.033088
1 0.027344 0.848805 0.015104 0.030331
1 0.720052 0.845129 0.022396 0.050551
1 0.930208 0.757353 0.03125 0.042279
1 0.63125 0.710018 0.009375 0.024816
1 0.126823 0.703585 0.032812 0.04136
1 0.753385 0.64568 0.035938 0.057904
1 0.651562 0.579044 0.011458 0.034926
1 0.84401 0.538603 0.022396 0.055147
1 0.900781 0.453125 0.011979 0.03125
1 0.465625 0.459559 0.035417 0.101103
1 0.875781 0.41682 0.053646 0.067096
1 0.94974 0.420496 0.066146 0.116728
1 0.789323 0.367647 0.020312 0.036765
1 0.82526 0.213695 0.016146 0.030331
1 0.888281 0.178309 0.015104 0.047794
1 0.727604 0.157629 0.009375 0.019301
1 0.960156 0.153033 0.014062 0.039522
1 0.722396 0.12454 0.017708 0.032169
1 0.944792 0.125 0.021875 0.047794
1 0.272656 0.08318 0.008854 0.022978
1 0.740885 0.055607 0.014062 0.015625
1 0.907031 0.076746 0.030729 0.059743
1 0.876823 0.059283 0.016146 0.05239
1 0.923958 0.019761 0.028125 0.039522
1 0.984896 0.700827 0.030208 0.074449
1 0.986198 0.240349 0.027604 0.065257
1 0.986458 0.811121 0.027083 0.08364
1 0.99375 0.178768 0.0125 0.022978
1 0.900521 0.793658 0.015625 0.015625
