1 0.438281 0.940257 0.018229 0.049632
1 0.529427 0.759651 0.028646 0.11489
1 0.794531 0.530331 0.086979 0.099265
1 0.888802 0.502757 0.071354 0.101103
1 0.626302 0.391085 0.065104 0.079963
1 0.867188 0.386949 0.054167 0.130515
1 0.484375 0.352941 0.0625 0.148897
1 0.286719 0.14614 0.076562 0.099265
1 0.036458 0.446232 0.072917 0.280331
1 0.151042 0.98943 0.017708 0.02114
1 0.241406 0.961397 0.098438 0.077206
1 0.452083 0.069393 0.19375 0.138787
1 0.658594 0.060202 0.066146 0.120404
1 0.776042 0.144301 0.0125 0.025735
1 0.89375 0.159467 0.2125 0.318934
1 0.909896 0.813419 0.180208 0.373162
