1 0.502865 0.462316 0.025521 0.033088
1 0.435156 0.581342 0.046354 0.063419
1 0.422135 0.665901 0.010938 0.017463
1 0.386198 0.711397 0.009896 0.020221
1 0.360417 0.809283 0.017708 0.037684
1 0.327344 0.873162 0.011979 0.034926
1 0.316927 0.908088 0.026562 0.053309
1 0.291667 0.907169 0.01875 0.033088
1 0.619271 0.181526 0.01875 0.034007
1 0.639062 0.117188 0.045833 0.037684
1 0.973698 0.14568 0.047396 0.048713
1 0.542448 0.351103 0.023438 0.084559
1 0.600781 0.236673 0.026562 0.054228
1 0.544531 0.258732 0.021354 0.067096
1 0.659635 0.04182 0.021354 0.076287
1 0.095312 0.85432 0.016667 0.054228
1 0.711719 0.005974 0.020312 0.011949
1 0.899479 0.630515 0.01875 0.025735
