1 0.472396 0.50046 0.190625 0.375919
1 0.525 0.501379 0.035417 0.079963
1 0.404167 0.706801 0.067708 0.075368
1 0.329427 0.731618 0.204688 0.286765
1 0.214844 0.761029 0.045312 0.025735
1 0.094531 0.471507 0.030729 0.051471
1 0.382031 0.396599 0.018229 0.034007
1 0.839062 0.612592 0.048958 0.092831
1 0.804427 0.585938 0.011979 0.024816
1 0.697135 0.893382 0.033854 0.055147
1 0.91224 0.282169 0.051562 0.055147
1 0.879948 0.190717 0.026562 0.04136
1 0.988021 0.198989 0.023958 0.100184
1 0.988281 0.41636 0.023438 0.027574
1 0.550521 0.330882 0.145833 0.222426
1 0.677865 0.620404 0.014062 0.029412
1 0.782292 0.075827 0.036458 0.151654
1 0.809375 0.305607 0.007292 0.026654
