1 0.152865 0.828125 0.013021 0.025735
1 0.97474 0.788143 0.050521 0.026654
1 0.022656 0.779412 0.045312 0.077206
1 0.717448 0.68704 0.020312 0.019301
1 0.952344 0.767463 0.095312 0.251838
1 0.795833 0.715993 0.101042 0.169118
1 0.664323 0.651654 0.086979 0.141544
1 0.889062 0.555147 0.017708 0.023897
1 0.659375 0.580882 0.020833 0.095588
1 0.452344 0.460018 0.142188 0.14614
1 0.947917 0.376379 0.030208 0.059743
1 0.32526 0.413603 0.084896 0.233456
1 0.715104 0.276195 0.019792 0.063419
1 0.101042 0.318015 0.134375 0.193015
1 0.940625 0.213695 0.015625 0.024816
1 0.731771 0.165441 0.014583 0.029412
1 0.742188 0.202665 0.055208 0.11489
1 0.675781 0.013787 0.019271 0.027574
