1 0.011719 0.920037 0.023438 0.080882
1 0.176042 0.931526 0.060417 0.107537
1 0.11224 0.880515 0.022396 0.0625
1 0.095573 0.831801 0.024479 0.068015
1 0.529167 0.811581 0.073958 0.145221
1 0.490885 0.737132 0.033854 0.045956
1 0.126302 0.707261 0.186979 0.26011
1 0.172656 0.548254 0.033854 0.067096
1 0.397396 0.615809 0.130208 0.238971
1 0.207552 0.578585 0.105729 0.219669
1 0.870833 0.467371 0.03125 0.061581
1 0.348438 0.480239 0.047917 0.096507
1 0.010677 0.455882 0.021354 0.056985
1 0.643229 0.335478 0.019792 0.044118
1 0.564323 0.284926 0.151562 0.318015
1 0.433073 0.153493 0.091146 0.165441
1 0.946615 0.070312 0.092188 0.140625
1 0.810677 0.008732 0.008854 0.017463
1 0.613281 0.009651 0.026562 0.019301
1 0.224219 0.012868 0.016146 0.025735
1 0.192969 0.011489 0.017188 0.022978
1 0.139844 0.029871 0.035938 0.059743
1 0.203385 0.298713 0.406771 0.597426
1 0.290104 0.943015 0.061458 0.113971
1 0.445052 0.955423 0.043229 0.089154
