1 0.383594 0.133272 0.025521 0.025735
1 0.660938 0.602482 0.03125 0.037684
1 0.02526 0.397518 0.050521 0.089154
1 0.02526 0.486213 0.050521 0.053309
1 0.046354 0.505515 0.059375 0.058824
1 0.067188 0.463235 0.085417 0.09375
1 0.096354 0.400735 0.067708 0.058824
1 0.117188 0.461397 0.022917 0.058824
1 0.138281 0.465074 0.029688 0.125
1 0.159115 0.382812 0.019271 0.032169
1 0.16901 0.440717 0.047396 0.089154
1 0.204427 0.466912 0.057812 0.161765
1 0.239583 0.473805 0.014583 0.171875
1 0.277344 0.435662 0.035938 0.090074
1 0.315625 0.432445 0.04375 0.105699
1 0.353906 0.456801 0.034896 0.069853
1 0.415625 0.459099 0.104167 0.122243
1 0.409635 0.366728 0.058854 0.165441
1 0.508333 0.40579 0.028125 0.013787
1 0.604427 0.365809 0.092188 0.121324
1 0.646615 0.435662 0.035938 0.167279
1 0.707812 0.470588 0.067708 0.022059
1 0.721875 0.388327 0.063542 0.13511
1 0.857552 0.409926 0.123438 0.213235
1 0.978646 0.372702 0.042708 0.157169
