1 0.796094 0.907169 0.036979 0.066176
1 0.047396 0.800092 0.094792 0.243566
1 0.171094 0.709099 0.034896 0.067096
1 0.536198 0.686121 0.058854 0.100184
1 0.454427 0.713695 0.075521 0.16636
1 0.098438 0.668658 0.0625 0.11489
1 0.175521 0.59421 0.014583 0.013787
1 0.00599 0.585938 0.011979 0.024816
1 0.035938 0.585018 0.05 0.068934
1 0.461198 0.576746 0.091146 0.186581
1 0.384896 0.486673 0.057292 0.111213
1 0.257552 0.576746 0.184896 0.372243
1 0.109635 0.448529 0.100521 0.130515
1 0.683333 0.455882 0.069792 0.159926
1 0.428646 0.37454 0.0625 0.096507
1 0.54375 0.401654 0.083333 0.159926
1 0.773698 0.324908 0.088021 0.13511
1 0.226562 0.329504 0.13125 0.17739
1 0.360417 0.286765 0.041667 0.108456
1 0.740365 0.236673 0.032812 0.04136
1 0.410677 0.205882 0.122396 0.167279
1 0.658073 0.116728 0.159896 0.233456
1 0.478906 0.104779 0.107812 0.209559
1 0.372396 0.091452 0.1625 0.182904
1 0.100521 0.254596 0.201042 0.509191
1 0.588542 0.799173 0.385417 0.401654
1 0.188542 0.917279 0.083333 0.165441
1 0.595833 0.953585 0.098958 0.092831
1 0.027083 0.96875 0.054167 0.0625
1 0.6 0.743566 0.086458 0.207721
