1 0.504687 0.498621 0.025 0.068934
1 0.349479 0.153952 0.03125 0.048713
1 0.275781 0.157169 0.016146 0.027574
1 0.426562 0.331342 0.017708 0.019301
1 0.242969 0.394301 0.005729 0.051471
1 0.033854 0.31296 0.014583 0.022978
1 0.039583 0.26057 0.016667 0.013787
1 0.167708 0.527114 0.027083 0.037684
1 0.09401 0.633272 0.031771 0.044118
1 0.195052 0.77068 0.029688 0.04136
1 0.21849 0.912224 0.017188 0.039522
1 0.301562 0.754136 0.009375 0.043199
1 0.382552 0.774816 0.020312 0.027574
1 0.372135 0.862592 0.016146 0.032169
1 0.479427 0.590993 0.017188 0.027574
1 0.519531 0.592831 0.025521 0.051471
1 0.582292 0.636949 0.015625 0.03125
1 0.702604 0.761489 0.023958 0.034007
1 0.773698 0.483456 0.006771 0.042279
1 0.654948 0.394761 0.013021 0.022978
1 0.978646 0.537224 0.017708 0.013787
1 0.870052 0.877757 0.014062 0.023897
1 0.951302 0.961397 0.035938 0.034926
1 0.55026 0.927849 0.013021 0.028493
1 0.524479 0.841452 0.013542 0.028493
1 0.659896 0.242647 0.019792 0.068015
1 0.847135 0.172335 0.033854 0.043199
1 0.510677 0.650276 0.017188 0.030331
1 0.532031 0.664982 0.008854 0.024816
1 0.534375 0.737132 0.103125 0.152574
1 0.532552 0.86489 0.019271 0.029412
1 0.569271 0.842371 0.030208 0.059743
1 0.589844 0.855239 0.013021 0.039522
1 0.558073 0.97932 0.022396 0.04136
1 0.604167 0.907629 0.055208 0.122243
1 0.627865 0.87454 0.025521 0.04136
1 0.610677 0.977022 0.028646 0.045956
1 0.903385 0.475184 0.031771 0.056985
1 0.451042 0.492647 0.027083 0.068015
1 0.641927 0.954044 0.021354 0.045956
1 0.350781 0.076746 0.023438 0.04136
1 0.467969 0.824449 0.017188 0.029412
1 0.482031 0.517923 0.015104 0.026654
1 0.551042 0.871783 0.025 0.045037
1 0.495052 0.571691 0.026562 0.042279
1 0.354688 0.042739 0.01875 0.037684
1 0.301562 0.03171 0.0125 0.02114
1 0.996094 0.075368 0.007812 0.023897
