1 0.166406 0.653493 0.047396 0.112132
1 0.51901 0.613511 0.042188 0.079963
1 0.248698 0.674632 0.016146 0.033088
1 0.41224 0.409926 0.017188 0.012868
1 0.501562 0.330882 0.027083 0.020221
1 0.492448 0.040441 0.019271 0.025735
1 0.705208 0.180607 0.008333 0.030331
1 0.720833 0.28125 0.011458 0.040441
1 0.771615 0.243566 0.011979 0.020221
1 0.821615 0.289982 0.014062 0.046875
1 0.958073 0.323989 0.007812 0.026654
1 0.797917 0.308364 0.011458 0.013787
1 0.872917 0.401654 0.03125 0.03125
1 0.804688 0.830882 0.029167 0.020221
1 0.845052 0.960478 0.009896 0.036765
