1 0.299479 0.525735 0.007292 0.020221
1 0.747656 0.564338 0.068229 0.104779
1 0.290625 0.557445 0.103125 0.22886
1 0.403906 0.46921 0.120312 0.287684
1 0.328125 0.357537 0.09375 0.180147
1 0.535938 0.261489 0.032292 0.056066
1 0.064844 0.273438 0.042188 0.081801
1 0.022917 0.169577 0.045833 0.111213
1 0.484896 0.109375 0.0375 0.080882
1 0.624479 0.223805 0.213542 0.44761
1 0.594271 0.018842 0.03125 0.037684
1 0.447656 0.008272 0.019271 0.016544
1 0.415885 0.006893 0.019271 0.013787
1 0.332812 0.057904 0.119792 0.115809
1 0.239844 0.020221 0.029688 0.040441
1 0.122135 0.045037 0.071354 0.090074
1 0.069271 0.023897 0.029167 0.047794
1 0.032292 0.013327 0.022917 0.026654
1 0.915625 0.163143 0.16875 0.326287
1 0.99349 0.22886 0.013021 0.053309
1 0.997135 0.28125 0.005729 0.033088
1 0.1375 0.733456 0.008333 0.016544
1 0.629948 0.817096 0.009896 0.018382
