1 0.304948 0.199449 0.036979 0.077206
1 0.326302 0.262408 0.014062 0.024816
1 0.26849 0.110294 0.031771 0.027574
1 0.142708 0.106158 0.029167 0.092831
1 0.107292 0.15671 0.047917 0.019301
1 0.09349 0.188419 0.027604 0.016544
1 0.027865 0.272059 0.034896 0.058824
1 0.03099 0.367647 0.025521 0.047794
1 0.111979 0.30193 0.011458 0.061581
1 0.132292 0.415901 0.026042 0.043199
1 0.217708 0.566636 0.022917 0.035846
1 0.354167 0.457261 0.019792 0.02114
1 0.358073 0.389706 0.020312 0.03125
1 0.453646 0.43704 0.00625 0.05239
1 0.373177 0.560202 0.013021 0.034007
1 0.467708 0.171875 0.013542 0.055147
1 0.453385 0.887408 0.015104 0.059743
1 0.477604 0.806526 0.027083 0.034007
1 0.428125 0.914522 0.014583 0.040441
1 0.40599 0.943474 0.011979 0.074449
1 0.238542 0.846967 0.005208 0.037684
1 0.213281 0.942096 0.026562 0.073529
1 0.079167 0.801011 0.022917 0.050551
1 0.746875 0.623621 0.026042 0.019301
1 0.74401 0.765625 0.005729 0.0625
1 0.890885 0.818934 0.021354 0.038603
1 0.939323 0.779871 0.074479 0.024816
1 0.903125 0.570312 0.059375 0.045037
1 0.896615 0.514706 0.013021 0.073529
1 0.971615 0.516085 0.004688 0.046875
1 0.920833 0.388327 0.008333 0.045037
1 0.95651 0.353401 0.025521 0.045037
1 0.867708 0.359375 0.028125 0.022059
1 0.81276 0.315717 0.020312 0.04136
1 0.772396 0.365349 0.00625 0.056066
1 0.741406 0.319393 0.010938 0.057904
1 0.742969 0.154871 0.025521 0.026654
1 0.513542 0.492647 0.065625 0.112132
1 0.532031 0.8125 0.047396 0.119485
1 0.475781 0.355699 0.068229 0.134191
1 0.038281 0.438419 0.014062 0.025735
1 0.14375 0.259191 0.017708 0.020221
1 0.217448 0.148438 0.014062 0.017463
1 0.232292 0.303768 0.009375 0.037684
1 0.170573 0.331342 0.019271 0.028493
1 0.128906 0.474724 0.009896 0.028493
1 0.128646 0.933824 0.019792 0.033088
1 0.232292 0.790441 0.020833 0.014706
1 0.561979 0.940717 0.0375 0.089154
1 0.516927 0.926011 0.006771 0.028493
1 0.533333 0.657629 0.019792 0.01011
1 0.317448 0.413603 0.013021 0.011029
1 0.350521 0.243107 0.007292 0.034007
1 0.413281 0.173713 0.018229 0.018382
1 0.482031 0.146599 0.011979 0.032169
1 0.503646 0.182904 0.038542 0.0625
1 0.680729 0.890625 0.0125 0.044118
1 0.685156 0.848805 0.008854 0.034007
1 0.844271 0.386489 0.009375 0.035846
1 0.432292 0.442096 0.022917 0.009191
