1 0.220833 0.099265 0.017708 0.022059
1 0.646875 0.17693 0.0375 0.017463
1 0.639583 0.217831 0.009375 0.068015
1 0.653906 0.261029 0.006771 0.025735
1 0.748177 0.193015 0.016146 0.040441
1 0.83724 0.164062 0.016146 0.01011
1 0.919531 0.163603 0.021354 0.009191
1 0.800521 0.345129 0.009375 0.022978
1 0.940104 0.232537 0.015625 0.009191
1 0.65625 0.107996 0.0125 0.019301
1 0.385417 0.190257 0.009375 0.023897
1 0.81224 0.670496 0.010938 0.013787
1 0.258073 0.067555 0.048438 0.074449
1 0.022656 0.950368 0.022396 0.020221
1 0.305208 0.934283 0.015625 0.01011
1 0.380729 0.858915 0.010417 0.015625
1 0.682552 0.081801 0.015104 0.029412
1 0.461719 0.681985 0.025521 0.036765
1 0.668229 0.962316 0.013542 0.012868
1 0.520833 0.616728 0.010417 0.016544
