1 0.177083 0.05193 0.010417 0.02114
1 0.153906 0.139246 0.021354 0.028493
1 0.199219 0.713695 0.014062 0.02114
1 0.134896 0.738971 0.010417 0.025735
1 0.40651 0.167739 0.018229 0.034007
1 0.447917 0.188879 0.026042 0.01011
1 0.683594 0.026195 0.047396 0.05239
1 0.919271 0.241728 0.022917 0.012868
1 0.81276 0.29182 0.011979 0.026654
1 0.524219 0.282169 0.034896 0.040441
1 0.517448 0.381893 0.025521 0.043199
1 0.34401 0.879596 0.022396 0.038603
1 0.419531 0.850643 0.010938 0.028493
1 0.445573 0.850184 0.042188 0.097426
1 0.467188 0.785386 0.035417 0.019301
1 0.481771 0.883272 0.023958 0.056985
1 0.611979 0.941176 0.021875 0.064338
1 0.511719 0.814798 0.011979 0.032169
1 0.829948 0.034926 0.009896 0.047794
1 0.969792 0.627298 0.060417 0.090993
1 0.660677 0.959099 0.040104 0.081801
1 0.509635 0.453125 0.086979 0.117647
1 0.635156 0.077206 0.068229 0.132353
1 0.458333 0.495864 0.054167 0.065257
1 0.689323 0.254136 0.019271 0.034007
