1 0.554688 0.876379 0.04375 0.081801
1 0.360156 0.778952 0.040104 0.092831
1 0.096615 0.822151 0.156771 0.254596
1 0.846094 0.389706 0.022396 0.042279
1 0.010938 0.369945 0.013542 0.04136
1 0.889583 0.347886 0.064583 0.111213
1 0.017448 0.295956 0.034896 0.068015
1 0.1125 0.32307 0.110417 0.217831
1 0.541667 0.236673 0.1 0.182904
1 0.191406 0.209099 0.147396 0.199449
1 0.322656 0.128676 0.114062 0.207721
1 0.72474 0.011489 0.015104 0.022978
1 0.682292 0.013327 0.019792 0.026654
1 0.627083 0.025735 0.040625 0.051471
1 0.453646 0.014246 0.023958 0.028493
1 0.242188 0.085478 0.157292 0.170956
1 0.088542 0.043199 0.104167 0.086397
1 0.016146 0.019761 0.032292 0.039522
1 0.880729 0.10432 0.238542 0.20864
1 0.992448 0.928768 0.015104 0.090993
1 0.99375 0.866728 0.0125 0.025735
