1 0.026823 0.992647 0.029688 0.014706
1 0.011719 0.96829 0.023438 0.043199
1 0.229948 0.855699 0.016146 0.042279
1 0.246094 0.988511 0.017188 0.022978
1 0.465885 0.070772 0.017188 0.106618
1 0.784115 0.134651 0.026562 0.030331
1 0.652604 0.716912 0.00625 0.036765
1 0.66875 0.673254 0.020833 0.013787
1 0.789323 0.822151 0.020312 0.013787
1 0.702344 0.951746 0.073438 0.096507
1 0.580729 0.660846 0.072917 0.125
1 0.288281 0.091452 0.061979 0.11489
1 0.463021 0.423713 0.061458 0.106618
1 0.220052 0.841912 0.028646 0.108456
1 0.110156 0.163143 0.018229 0.015625
1 0.113021 0.723346 0.008333 0.020221
1 0.838542 0.505055 0.016667 0.028493
1 0.972135 0.53125 0.016146 0.033088
1 0.616927 0.981618 0.007812 0.036765
