1 0.585156 0.857077 0.069271 0.203125
1 0.765885 0.734375 0.019271 0.047794
1 0.914583 0.734835 0.021875 0.043199
1 0.514844 0.31204 0.069271 0.079963
1 0.601823 0.165901 0.010938 0.022978
1 0.64401 0.091452 0.011979 0.02114
1 0.43125 0.467831 0.067708 0.180147
1 0.335938 0.424173 0.05625 0.063419
1 0.315885 0.356618 0.026562 0.051471
1 0.046615 0.298713 0.021354 0.045956
1 0.020573 0.304228 0.016146 0.029412
1 0.307292 0.050551 0.1 0.101103
1 0.34974 0.141085 0.130729 0.225184
1 0.08151 0.290901 0.011979 0.013787
1 0.464323 0.030331 0.084896 0.060662
1 0.927083 0.022059 0.009375 0.018382
1 0.315885 0.871324 0.010938 0.016544
1 0.63099 0.922335 0.039062 0.118566
1 0.748438 0.939798 0.007292 0.022978
1 0.503906 0.54136 0.072396 0.106618
1 0.46901 0.580882 0.107812 0.066176
