0 0.433854 0.722426 0.075 0.084559
0 0.344792 0.773897 0.022917 0.038603
1 0.291667 0.899816 0.017708 0.027574
1 0.529427 0.907629 0.021354 0.046875
0 0.474479 0.555147 0.033333 0.047794
1 0.529948 0.163143 0.015104 0.019301
1 0.272135 0.341452 0.022396 0.05239
0 0.701302 0.170037 0.050521 0.178309
1 0.085417 0.69807 0.016667 0.02114
1 0.11849 0.78171 0.018229 0.01011
1 0.740104 0.453125 0.015625 0.025735
1 0.879948 0.102482 0.009896 0.022978
0 0.779688 0.019761 0.034375 0.039522
1 0.434375 0.136029 0.016667 0.022059
1 0.295573 0.568015 0.013021 0.027574
0 0.991667 0.825827 0.014583 0.035846
