1 0.328385 0.608456 0.006771 0.022059
1 0.461979 0.034926 0.019792 0.038603
1 0.50026 0.188879 0.029688 0.015625
1 0.913542 0.784007 0.008333 0.027574
1 0.904427 0.806066 0.014062 0.029412
1 0.807292 0.474265 0.0125 0.020221
1 0.741927 0.466452 0.025521 0.081801
1 0.70651 0.340074 0.007812 0.025735
1 0.738542 0.269301 0.013542 0.016544
1 0.873177 0.14568 0.008854 0.022978
1 0.880469 0.117647 0.019271 0.012868
1 0.89974 0.068015 0.009896 0.027574
1 0.939583 0.036765 0.008333 0.029412
0 0.968229 0.019301 0.061458 0.038603
0 0.404427 0.454504 0.063021 0.078125
1 0.245833 0.636949 0.009375 0.014706
1 0.18724 0.740809 0.017188 0.018382
0 0.016406 0.847426 0.032812 0.071691
