1 0.702865 0.835018 0.017188 0.032169
1 0.690625 0.794118 0.045833 0.051471
1 0.594271 0.747702 0.032292 0.05239
1 0.604688 0.632353 0.015625 0.023897
1 0.013542 0.636489 0.020833 0.048713
1 0.678906 0.601103 0.023438 0.045956
1 0.011198 0.542279 0.013021 0.018382
1 0.886458 0.473346 0.008333 0.018382
1 0.227083 0.471507 0.015625 0.029412
1 0.003646 0.442096 0.007292 0.040441
1 0.004688 0.402114 0.009375 0.013787
1 0.438802 0.436581 0.038021 0.099265
1 0.403906 0.403493 0.029688 0.075368
1 0.831771 0.297794 0.059375 0.079044
1 0.66224 0.066636 0.061979 0.065257
1 0.486458 0.028033 0.023958 0.056066
1 0.457031 0.186581 0.014062 0.020221
1 0.752083 0.301471 0.01875 0.022059
