1 0.304688 0.435202 0.022917 0.028493
1 0.31901 0.407169 0.011979 0.058824
1 0.502083 0.612592 0.030208 0.043199
1 0.816406 0.752298 0.019271 0.039522
1 0.825781 0.799173 0.010938 0.043199
1 0.267188 0.38557 0.020833 0.048713
1 0.688542 0.678309 0.020833 0.045956
1 0.738542 0.704504 0.026042 0.034007
1 0.208073 0.349265 0.022396 0.038603
1 0.920833 0.840074 0.021875 0.036765
1 0.397917 0.463695 0.01875 0.043199
1 0.541927 0.559743 0.014062 0.0625
1 0.499219 0.55239 0.017188 0.040441
1 0.129427 0.284467 0.014062 0.056066
1 0.586198 0.599724 0.022396 0.02114
1 0.841927 0.761949 0.025521 0.016544
1 0.65 0.698529 0.009375 0.044118
1 0.614583 0.707261 0.008333 0.043199
1 0.605729 0.623162 0.008333 0.036765
1 0.061198 0.242188 0.022396 0.013787
1 0.873698 0.393382 0.017188 0.023897
1 0.129948 0.540441 0.020312 0.029412
1 0.586719 0.818015 0.022396 0.014706
