1 0.134635 0.955882 0.006771 0.020221
1 0.219531 0.919118 0.015104 0.025735
1 0.704688 0.860754 0.048958 0.116728
1 0.178385 0.79136 0.006771 0.022059
1 0.071615 0.790441 0.008854 0.023897
1 0.558854 0.789062 0.041667 0.046875
1 0.808854 0.746324 0.021875 0.036765
1 0.173177 0.570772 0.016146 0.016544
1 0.657552 0.538143 0.007812 0.019301
1 0.061198 0.452206 0.011979 0.014706
1 0.497656 0.498162 0.169271 0.327206
1 0.392969 0.256434 0.009896 0.016544
1 0.736198 0.244945 0.008854 0.015625
1 0.433333 0.244026 0.007292 0.024816
1 0.789323 0.232537 0.059896 0.090074
1 0.840104 0.180607 0.030208 0.011949
1 0.609635 0.070772 0.044271 0.029412
1 0.306771 0.064338 0.007292 0.020221
1 0.847135 0.204963 0.006771 0.033088
