1 0.547396 0.990349 0.011458 0.019301
1 0.601042 0.988971 0.013542 0.022059
1 0.348438 0.985754 0.011458 0.028493
1 0.013281 0.975643 0.008854 0.02114
1 0.497135 0.966912 0.009896 0.014706
1 0.478125 0.96829 0.009375 0.017463
1 0.033073 0.967371 0.008854 0.019301
1 0.14974 0.967371 0.019271 0.028493
1 0.804167 0.970588 0.019792 0.042279
1 0.096354 0.952206 0.010417 0.023897
1 0.190885 0.946691 0.006771 0.020221
1 0.491667 0.929688 0.009375 0.022978
1 0.046615 0.914062 0.019271 0.030331
1 0.115625 0.863511 0.0125 0.015625
1 0.076042 0.793658 0.010417 0.02114
1 0.671094 0.731618 0.010938 0.022059
1 0.277344 0.715993 0.006771 0.027574
1 0.020052 0.68704 0.015104 0.015625
1 0.003125 0.693015 0.00625 0.036765
1 0.604688 0.685202 0.009375 0.02114
1 0.031771 0.678309 0.014583 0.038603
1 0.51276 0.660386 0.009896 0.02114
1 0.876302 0.619485 0.008854 0.020221
1 0.003646 0.616268 0.007292 0.030331
1 0.09375 0.612592 0.011458 0.030331
1 0.121094 0.610294 0.009896 0.027574
1 0.079688 0.611673 0.016667 0.032169
1 0.145312 0.60386 0.011458 0.03125
1 0.633073 0.59421 0.008854 0.02114
1 0.441406 0.586857 0.005729 0.028493
1 0.364844 0.587776 0.024479 0.043199
1 0.599479 0.571232 0.017708 0.039522
1 0.683073 0.555607 0.009896 0.024816
1 0.717448 0.540901 0.019271 0.034007
1 0.698958 0.533088 0.00625 0.025735
1 0.294531 0.532169 0.008854 0.029412
1 0.666667 0.526195 0.013542 0.02114
1 0.351562 0.522059 0.010417 0.014706
1 0.340104 0.526654 0.011458 0.025735
1 0.463542 0.511949 0.014583 0.033088
1 0.697656 0.505055 0.014062 0.02114
1 0.020573 0.533088 0.041146 0.128676
1 0.720833 0.487592 0.0125 0.039522
1 0.869271 0.477022 0.007292 0.020221
1 0.67474 0.475643 0.017188 0.019301
1 0.089323 0.457261 0.008854 0.017463
1 0.694531 0.45864 0.025521 0.055147
1 0.611719 0.442555 0.014062 0.024816
1 0.100521 0.450827 0.016667 0.050551
1 0.155729 0.440717 0.017708 0.037684
1 0.770833 0.425092 0.013542 0.024816
1 0.123958 0.42693 0.016667 0.035846
1 0.379948 0.404412 0.009896 0.014706
1 0.697135 0.404871 0.008854 0.017463
1 0.602344 0.397978 0.009896 0.023897
1 0.202865 0.394761 0.010938 0.022978
1 0.113542 0.397518 0.013542 0.030331
1 0.756771 0.388327 0.014583 0.026654
1 0.44401 0.389706 0.016146 0.03125
1 0.458854 0.389706 0.008333 0.03125
1 0.654167 0.374081 0.0125 0.029412
1 0.254167 0.361213 0.007292 0.020221
1 0.483073 0.378676 0.038021 0.066176
1 0.66901 0.357537 0.014062 0.023897
1 0.347135 0.355699 0.013021 0.025735
1 0.058854 0.360294 0.028125 0.038603
1 0.68776 0.355699 0.010938 0.029412
1 0.552865 0.36443 0.030729 0.05239
1 0.622135 0.346507 0.008854 0.020221
1 0.11224 0.337776 0.009896 0.015625
1 0.46224 0.342371 0.009896 0.026654
1 0.531771 0.33364 0.00625 0.020221
1 0.246354 0.331342 0.008333 0.028493
1 0.3875 0.351103 0.030208 0.079044
1 0.280729 0.351103 0.039583 0.079044
1 0.176823 0.319393 0.022396 0.046875
1 0.004688 0.306526 0.008333 0.026654
1 0.484635 0.294118 0.010938 0.023897
1 0.067188 0.311581 0.044792 0.0625
1 0.022135 0.35432 0.044271 0.179228
1 0.004688 0.275276 0.009375 0.034007
1 0.777083 0.259191 0.008333 0.018382
1 0.82526 0.26011 0.016146 0.034926
1 0.845052 0.242188 0.008854 0.017463
1 0.8375 0.248621 0.010417 0.034007
1 0.942448 0.226562 0.008854 0.02114
1 0.451302 0.221967 0.009896 0.017463
1 0.158854 0.21829 0.007292 0.019301
1 0.11875 0.223805 0.016667 0.030331
1 0.094271 0.221967 0.014583 0.026654
1 0.040625 0.213235 0.067708 0.082721
1 0.709635 0.186121 0.010938 0.028493
1 0.398698 0.17693 0.005729 0.026654
1 0.08151 0.177849 0.024479 0.037684
1 0.263281 0.178309 0.026562 0.051471
1 0.61849 0.14614 0.016146 0.023897
1 0.103125 0.132353 0.015625 0.036765
1 0.803385 0.123162 0.019271 0.040441
1 0.092969 0.079044 0.007812 0.023897
1 0.1125 0.079504 0.016667 0.028493
1 0.65026 0.078585 0.010938 0.032169
1 0.005469 0.056985 0.010938 0.023897
1 0.198177 0.048254 0.017188 0.026654
1 0.395312 0.034007 0.009375 0.018382
1 0.382552 0.030331 0.013021 0.03125
1 0.107292 0.016544 0.011458 0.014706
1 0.385938 0.557904 0.013542 0.009191
1 0.502344 0.630055 0.009896 0.013787
1 0.853385 0.954963 0.008854 0.022059
1 0.790625 0.528493 0.010417 0.012868
1 0.713281 0.092371 0.014062 0.017463
