1 0.009115 0.159926 0.018229 0.045956
1 0.086198 0.136949 0.017188 0.042279
1 0.108333 0.145221 0.01875 0.027574
1 0.207812 0.09421 0.016667 0.024816
1 0.082552 0.204044 0.020312 0.023897
1 0.076562 0.227941 0.01875 0.023897
1 0.058333 0.320772 0.011458 0.018382
1 0.090885 0.282629 0.009896 0.013787
1 0.111198 0.258732 0.009896 0.017463
1 0.206771 0.502757 0.034375 0.038603
0 0.316927 0.431526 0.007812 0.019301
1 0.377344 0.482537 0.014062 0.011029
1 0.371875 0.254136 0.019792 0.024816
1 0.407552 0.118107 0.024479 0.04136
1 0.448958 0.085018 0.015625 0.026654
1 0.396875 0.599265 0.010417 0.016544
1 0.471354 0.761029 0.00625 0.025735
1 0.602604 0.667279 0.014583 0.027574
0 0.601042 0.721507 0.027083 0.047794
1 0.655729 0.704963 0.013542 0.036765
1 0.666927 0.747243 0.021354 0.049632
1 0.671354 0.784467 0.0125 0.019301
1 0.691146 0.751379 0.0125 0.015625
1 0.709375 0.756893 0.014583 0.032169
1 0.710677 0.793199 0.014062 0.025735
1 0.696615 0.808824 0.011979 0.018382
0 0.867448 0.90625 0.020312 0.023897
0 0.801302 0.684283 0.082812 0.153493
0 0.45599 0.505515 0.072396 0.125
0 0.079167 0.061121 0.090625 0.122243
0 0.507552 0.526654 0.103646 0.139706
1 0.075521 0.512868 0.010417 0.016544
1 0.028125 0.811121 0.011458 0.024816
1 0.810938 0.532629 0.0125 0.019301
0 0.984115 0.92693 0.029688 0.14614
1 0.579688 0.517004 0.015625 0.01011
