0 0.515104 0.699449 0.065625 0.237132
0 0.356771 0.067096 0.088542 0.134191
1 0.430729 0.046415 0.015625 0.028493
1 0.934375 0.204044 0.016667 0.023897
1 0.161719 0.904412 0.039062 0.049632
1 0.2375 0.920037 0.013542 0.022059
1 0.54375 0.903952 0.026042 0.028493
1 0.675521 0.648897 0.016667 0.027574
1 0.709635 0.621783 0.009896 0.028493
1 0.874479 0.825827 0.023958 0.050551
0 0.40026 0.28079 0.073438 0.188419
1 0.604948 0.980699 0.039062 0.038603
0 0.481771 0.526654 0.098958 0.097426
1 0.948438 0.27068 0.053125 0.061581
1 0.370833 0.01011 0.026042 0.020221
1 0.019792 0.869485 0.010417 0.023897
1 0.232812 0.498621 0.011458 0.028493
1 0.404948 0.424632 0.020312 0.038603
1 0.802344 0.912224 0.014062 0.011949
