1 0.339583 0.988051 0.017708 0.023897
1 0.165365 0.960938 0.035938 0.078125
1 0.33724 0.710478 0.014062 0.011029
1 0.494271 0.714614 0.117708 0.217831
1 0.460938 0.408548 0.0125 0.019301
1 0.342708 0.253676 0.025 0.018382
1 0.583854 0.367647 0.171875 0.330882
1 0.005729 0.205882 0.011458 0.03125
1 0.051823 0.128676 0.016146 0.075368
1 0.61224 0.113971 0.069271 0.077206
1 0.096354 0.040441 0.032292 0.034926
1 0.319531 0.033088 0.023438 0.044118
1 0.653906 0.06204 0.050521 0.124081
1 0.589583 0.669118 0.019792 0.014706
