1 0.567708 0.05239 0.014583 0.018382
1 0.570833 0.077665 0.0125 0.019301
1 0.59375 0.171415 0.017708 0.019301
1 0.80026 0.262868 0.010938 0.049632
1 0.942708 0.283088 0.010417 0.018382
1 0.86901 0.633732 0.020312 0.061581
1 0.679688 0.76011 0.016667 0.023897
1 0.401042 0.159467 0.022917 0.048713
1 0.128125 0.063879 0.028125 0.02114
1 0.040885 0.15671 0.019271 0.028493
1 0.030469 0.318934 0.011979 0.025735
0 0.478646 0.826287 0.046875 0.095588
1 0.200781 0.778952 0.028646 0.046875
1 0.328906 0.762408 0.038021 0.054228
1 0.485156 0.924632 0.009896 0.014706
1 0.580469 0.818015 0.009896 0.018382
1 0.892448 0.205423 0.013021 0.015625
0 0.533333 0.220588 0.039583 0.117647
0 0.485938 0.623162 0.04375 0.090074
0 0.429948 0.959099 0.015104 0.079963
0 0.502083 0.411765 0.05 0.204044
