0 0.498698 0.519301 0.108854 0.143382
1 0.457552 0.485754 0.018229 0.046875
1 0.503906 0.57261 0.026562 0.049632
1 0.48125 0.619026 0.028125 0.028493
1 0.428125 0.62546 0.011458 0.034007
1 0.43724 0.758732 0.027604 0.050551
1 0.298698 0.972886 0.013021 0.022978
1 0.078385 0.505974 0.006771 0.030331
1 0.620573 0.440257 0.015104 0.029412
1 0.632812 0.403952 0.0125 0.034007
1 0.621094 0.397059 0.008854 0.018382
1 0.111198 0.151195 0.011979 0.02114
1 0.067188 0.323989 0.00625 0.035846
1 0.088542 0.889706 0.008333 0.025735
1 0.1375 0.556985 0.009375 0.018382
0 0.317969 0.957261 0.024479 0.085478
