1 0.933333 0.831342 0.0125 0.019301
1 0.314844 0.630515 0.011979 0.018382
1 0.85625 0.016544 0.008333 0.033088
1 0.008594 0.769301 0.013021 0.049632
1 0.098177 0.90579 0.196354 0.188419
1 0.122135 0.016085 0.042188 0.032169
1 0.164583 0.023438 0.064583 0.046875
1 0.194271 0.046415 0.033333 0.074449
1 0.220573 0.016085 0.035938 0.032169
1 0.234896 0.097886 0.086458 0.195772
1 0.291667 0.132812 0.041667 0.14614
1 0.350781 0.165441 0.119271 0.1875
1 0.391146 0.245404 0.048958 0.126838
1 0.607812 0.547335 0.436458 0.627757
1 0.840365 0.832261 0.033854 0.048713
1 0.864583 0.87546 0.042708 0.085478
1 0.939583 0.931526 0.120833 0.136949
