1 0.026562 0.081342 0.040625 0.087316
1 0.031771 0.152574 0.023958 0.040441
1 0.236198 0.110294 0.022396 0.027574
1 0.307812 0.431985 0.017708 0.034926
1 0.33724 0.443015 0.023438 0.033088
1 0.265625 0.684743 0.016667 0.051471
1 0.56849 0.494945 0.015104 0.032169
1 0.604427 0.706342 0.025521 0.032169
1 0.592188 0.744485 0.011458 0.018382
1 0.834896 0.866268 0.023958 0.04136
1 0.722135 0.784007 0.016146 0.029412
1 0.552604 0.297335 0.067708 0.098346
1 0.544271 0.598346 0.1125 0.165441
1 0.188021 0.230699 0.067708 0.115809
1 0.289583 0.131434 0.066667 0.086397
1 0.710156 0.846048 0.038021 0.109375
1 0.2375 0.306066 0.030208 0.055147
1 0.478385 0.504136 0.054688 0.107537
