0 0.115104 0.175092 0.075 0.175551
0 0.599479 0.653952 0.073958 0.124081
1 0.221875 0.398897 0.011458 0.034926
1 0.28099 0.433364 0.018229 0.030331
1 0.408594 0.544118 0.022396 0.040441
1 0.434635 0.571691 0.014062 0.027574
1 0.488021 0.62546 0.020833 0.039522
1 0.552604 0.522518 0.015625 0.02114
1 0.5625 0.570312 0.016667 0.034007
0 0.855469 0.903033 0.085938 0.07261
1 0.045573 0.191636 0.023438 0.045037
1 0.023698 0.182445 0.006771 0.02114
1 0.082292 0.096048 0.00625 0.026654
1 0.129167 0.073529 0.015625 0.020221
1 0.007031 0.442555 0.014062 0.026654
1 0.092708 0.870404 0.016667 0.014706
1 0.722396 0.286765 0.019792 0.034926
1 0.926302 0.147518 0.008854 0.026654
1 0.946875 0.165901 0.0125 0.028493
1 0.697917 0.326746 0.008333 0.019301
1 0.86849 0.977022 0.013021 0.027574
