1 0.541927 0.991728 0.007812 0.016544
1 0.33776 0.903033 0.026562 0.030331
1 0.176562 0.883272 0.014583 0.03125
1 0.886198 0.838235 0.007812 0.03125
1 0.580208 0.794118 0.008333 0.03125
1 0.835156 0.788143 0.020312 0.046875
1 0.075 0.761949 0.005208 0.034926
1 0.827865 0.65579 0.009896 0.02114
1 0.515885 0.653033 0.013021 0.015625
1 0.308594 0.630515 0.027604 0.038603
1 0.776823 0.576746 0.005729 0.048713
1 0.094531 0.560202 0.009896 0.02114
1 0.190104 0.53079 0.00625 0.034007
1 0.994792 0.492647 0.010417 0.023897
1 0.189323 0.476103 0.006771 0.056985
1 0.147135 0.425092 0.007812 0.015625
1 0.515104 0.485754 0.094792 0.155331
1 0.159635 0.412224 0.007812 0.022978
1 0.21849 0.403952 0.006771 0.019301
1 0.055729 0.391544 0.016667 0.064338
1 0.875 0.377298 0.008333 0.05239
1 0.674479 0.345129 0.014583 0.043199
1 0.1125 0.280331 0.005208 0.03125
1 0.005469 0.255515 0.010938 0.036765
1 0.45026 0.20864 0.007812 0.044118
1 0.651823 0.201287 0.016146 0.040441
1 0.098958 0.192096 0.008333 0.042279
1 0.307812 0.236213 0.089583 0.163603
1 0.517969 0.107996 0.007812 0.019301
1 0.872135 0.11489 0.017188 0.034926
1 0.549479 0.100184 0.017708 0.018382
1 0.679167 0.118566 0.016667 0.0625
1 0.094531 0.09329 0.014062 0.02114
1 0.477344 0.05239 0.015104 0.027574
1 0.031771 0.030331 0.014583 0.022059
1 0.872135 0.013787 0.018229 0.016544
1 0.060417 0.011029 0.014583 0.022059
