1 0.23151 0.664982 0.042188 0.10386
1 0.051042 0.04182 0.102083 0.08364
1 0.227344 0.084559 0.094271 0.169118
1 0.27474 0.137408 0.130729 0.206801
1 0.266927 0.25 0.105729 0.106618
1 0.295833 0.11443 0.017708 0.035846
1 0.303385 0.048254 0.023438 0.057904
1 0.35599 0.072151 0.101562 0.144301
1 0.360677 0.153952 0.022396 0.057904
1 0.453646 0.053309 0.073958 0.106618
1 0.507031 0.019761 0.041146 0.039522
1 0.541146 0.255515 0.075 0.123162
1 0.598958 0.086857 0.059375 0.133272
1 0.680729 0.08318 0.115625 0.16636
1 0.610938 0.163143 0.038542 0.08364
1 0.640885 0.180607 0.022396 0.048713
1 0.28151 0.782629 0.016146 0.039522
1 0.774479 0.201287 0.016667 0.025735
1 0.779427 0.283548 0.101562 0.153493
1 0.816667 0.370404 0.058333 0.099265
1 0.755729 0.4375 0.016667 0.036765
1 0.740885 0.530331 0.025521 0.047794
1 0.985417 0.369945 0.029167 0.120404
1 0.939583 0.539522 0.034375 0.113971
1 0.974479 0.741728 0.051042 0.132353
1 0.964844 0.835478 0.045312 0.034926
1 0.95651 0.993566 0.023438 0.012868
1 0.538021 0.125 0.090625 0.174632
1 0.780729 0.461397 0.045833 0.069853
1 0.905729 0.377757 0.05625 0.097426
1 0.873698 0.225643 0.067188 0.125919
1 0.034635 0.345129 0.069271 0.102022
