1 0.797135 0.672335 0.065104 0.087316
1 0.10599 0.079963 0.070312 0.159926
1 0.961979 0.793199 0.0625 0.115809
1 0.554948 0.511489 0.038021 0.085478
1 0.04401 0.974265 0.043229 0.051471
1 0.196875 0.371324 0.015625 0.029412
1 0.294531 0.571232 0.018229 0.019301
1 0.359115 0.177849 0.005729 0.032169
1 0.45 0.122243 0.008333 0.023897
1 0.513281 0.214614 0.019271 0.013787
1 0.96901 0.162684 0.025521 0.027574
1 0.689323 0.347426 0.011979 0.075368
1 0.836198 0.745864 0.007812 0.028493
1 0.857292 0.936121 0.023958 0.015625
1 0.46901 0.412224 0.032812 0.030331
