1 0.371875 0.037684 0.0125 0.042279
1 0.65625 0.220129 0.0125 0.015625
1 0.684635 0.295496 0.007812 0.02114
1 0.600781 0.342831 0.008854 0.027574
1 0.565625 0.402574 0.016667 0.034926
1 0.515885 0.404412 0.017188 0.025735
1 0.383073 0.804228 0.016146 0.016544
1 0.342188 0.807904 0.015625 0.011029
0 0.650521 0.105239 0.041667 0.206801
0 0.501823 0.438419 0.028646 0.071691
0 0.409115 0.699449 0.027604 0.165441
0 0.255208 0.987132 0.070833 0.025735
1 0.88125 0.596048 0.01875 0.017463
1 0.730729 0.872702 0.009375 0.05239
