0 0.525 0.585018 0.067708 0.247243
1 0.476823 0.491728 0.035938 0.038603
1 0.474479 0.449449 0.017708 0.038603
1 0.483594 0.418199 0.013021 0.025735
1 0.494792 0.427849 0.014583 0.017463
1 0.440885 0.28079 0.023438 0.030331
1 0.449479 0.256893 0.011458 0.024816
1 0.438281 0.217371 0.013021 0.022978
1 0.272135 0.137408 0.009896 0.022978
1 0.364583 0.660386 0.015625 0.034007
1 0.396094 0.693934 0.017188 0.033088
1 0.408333 0.772518 0.014583 0.013787
1 0.433594 0.831342 0.018229 0.024816
1 0.450521 0.972426 0.014583 0.023897
1 0.470573 0.981158 0.023438 0.034007
1 0.361458 0.899816 0.01875 0.027574
1 0.141667 0.40579 0.019792 0.032169
1 0.126823 0.475643 0.021354 0.022978
1 0.375 0.942555 0.01875 0.024816
1 0.380729 0.954504 0.008333 0.015625
1 0.373177 0.983915 0.008854 0.032169
