1 0.795052 0.98989 0.027604 0.020221
1 0.890365 0.918199 0.032812 0.068015
0 0.198698 0.928309 0.178646 0.143382
1 0.721875 0.84329 0.022917 0.030331
1 0.120312 0.807445 0.007292 0.024816
1 0.855208 0.792739 0.01875 0.039522
1 0.163802 0.732077 0.011979 0.024816
1 0.054688 0.665901 0.007292 0.043199
0 0.380208 0.715533 0.1625 0.245404
1 0.93125 0.588695 0.020833 0.081801
1 0.714844 0.454044 0.011979 0.038603
0 0.495312 0.46921 0.060417 0.155331
1 0.414583 0.287224 0.01875 0.030331
1 0.995312 0.01011 0.009375 0.014706
1 0.648958 0.013327 0.007292 0.02114
0 0.536979 0.088235 0.176042 0.176471
1 0.504427 0.721048 0.010938 0.02114
