1 0.981771 0.945312 0.016667 0.048713
1 0.77474 0.738051 0.017188 0.042279
1 0.74974 0.724724 0.013021 0.039522
1 0.732031 0.712776 0.018229 0.04136
1 0.549479 0.460478 0.021875 0.068015
1 0.48776 0.431985 0.026562 0.038603
1 0.522396 0.460938 0.030208 0.113051
1 0.413542 0.282629 0.025 0.039522
1 0.21849 0.141544 0.034896 0.086397
1 0.195833 0.117188 0.01875 0.070772
1 0.139583 0.07307 0.027083 0.065257
1 0.321615 0.021599 0.034896 0.043199
1 0.167448 0.753217 0.044271 0.079963
1 0.273698 0.26057 0.017188 0.019301
1 0.292708 0.190717 0.077083 0.087316
1 0.280729 0.116728 0.047917 0.055147
1 0.720312 0.339154 0.00625 0.027574
1 0.72526 0.398438 0.015104 0.034007
1 0.652083 0.636029 0.013542 0.03125
1 0.771354 0.66636 0.008333 0.034926
1 0.79375 0.734835 0.008333 0.022978
1 0.805469 0.759191 0.016146 0.036765
1 0.864844 0.808364 0.010938 0.024816
1 0.911198 0.829044 0.011979 0.040441
1 0.940365 0.907169 0.010938 0.033088
1 0.190885 0.901654 0.014062 0.034926
1 0.165104 0.9375 0.00625 0.03125
1 0.048177 0.033548 0.013021 0.035846
1 0.835677 0.779412 0.011979 0.056985
1 0.454948 0.392463 0.006771 0.036765
