1 0.851042 0.971048 0.017708 0.026654
1 0.536458 0.954504 0.010417 0.02114
1 0.138542 0.932445 0.009375 0.024816
1 0.346875 0.865809 0.01875 0.042279
1 0.68151 0.763787 0.015104 0.033088
1 0.603385 0.748621 0.006771 0.02114
1 0.784635 0.714614 0.007812 0.019301
0 0.18724 0.839154 0.140104 0.321691
1 0.265365 0.553309 0.013021 0.022059
1 0.648698 0.57307 0.057812 0.133272
1 0.213281 0.452665 0.013021 0.030331
0 0.434375 0.569393 0.18125 0.265625
1 0.423438 0.410846 0.013542 0.020221
1 0.132292 0.46829 0.101042 0.206801
0 0.55599 0.362592 0.125521 0.274816
1 0.073177 0.183824 0.038021 0.036765
1 0.577604 0.143842 0.011458 0.024816
1 0.63776 0.049173 0.014062 0.02114
1 0.594271 0.038143 0.013542 0.02114
0 0.929948 0.028033 0.084896 0.056066
