1 0.319531 0.071232 0.013021 0.017463
1 0.374479 0.316636 0.010417 0.050551
1 0.481771 0.210938 0.029167 0.046875
1 0.453646 0.044577 0.011458 0.017463
1 0.520052 0.045037 0.027604 0.018382
1 0.444792 0.689798 0.008333 0.028493
1 0.61849 0.596507 0.007812 0.029412
1 0.763281 0.706342 0.007812 0.02114
1 0.968229 0.381434 0.025 0.03125
0 0.369792 0.625919 0.071875 0.141544
0 0.538802 0.225643 0.063021 0.094669
0 0.65599 0.038143 0.059896 0.076287
1 0.005729 0.581801 0.011458 0.020221
1 0.815104 0.731158 0.007292 0.019301
