1 0.505469 0.949908 0.010938 0.026654
1 0.459115 0.943015 0.032812 0.040441
1 0.179948 0.920496 0.017188 0.067096
1 0.401823 0.773897 0.014062 0.029412
1 0.81901 0.765165 0.006771 0.019301
1 0.235938 0.710938 0.016667 0.046875
1 0.913802 0.675092 0.024479 0.011949
1 0.73125 0.710018 0.083333 0.102022
1 0.04375 0.606618 0.010417 0.033088
1 0.300781 0.588695 0.022396 0.045037
1 0.5 0.647059 0.065625 0.165441
1 0.908594 0.569393 0.007812 0.017463
1 0.216927 0.551011 0.009896 0.026654
1 0.876562 0.55239 0.015625 0.038603
1 0.888021 0.443934 0.01875 0.034926
1 0.381771 0.339154 0.014583 0.033088
1 0.438281 0.325368 0.102604 0.159926
1 0.392448 0.216912 0.009896 0.027574
1 0.44974 0.199908 0.010938 0.017463
1 0.540625 0.204504 0.019792 0.039522
1 0.70599 0.197151 0.026562 0.028493
1 0.996354 0.178309 0.007292 0.027574
1 0.724479 0.105239 0.009375 0.017463
1 0.790625 0.094669 0.016667 0.023897
1 0.761979 0.075827 0.035417 0.081801
1 0.90026 0.042739 0.019271 0.035846
1 0.759635 0.03171 0.011979 0.034007
1 0.781771 0.025276 0.014583 0.024816
