1 0.029427 0.464614 0.019271 0.013787
1 0.333594 0.598346 0.021354 0.082721
1 0.45026 0.01011 0.013021 0.012868
1 0.451302 0.067555 0.025521 0.046875
1 0.439323 0.116728 0.016146 0.045956
1 0.451302 0.147978 0.028646 0.03125
1 0.446354 0.248162 0.0375 0.073529
1 0.461979 0.278952 0.014583 0.043199
1 0.447135 0.306066 0.014062 0.040441
1 0.452604 0.337316 0.019792 0.042279
1 0.435938 0.362132 0.016667 0.034926
1 0.485156 0.429228 0.047396 0.108456
1 0.513542 0.501838 0.010417 0.018382
1 0.546875 0.504596 0.015625 0.029412
0 0.466667 0.195312 0.09375 0.07261
0 0.547396 0.426471 0.090625 0.15625
0 0.536979 0.621324 0.114583 0.136029
1 0.082292 0.201746 0.00625 0.037684
0 0.504687 0.016085 0.061458 0.032169
1 0.225521 0.678309 0.019792 0.038603
1 0.539323 0.556985 0.014062 0.020221
1 0.522656 0.53125 0.011979 0.036765
1 0.532812 0.660386 0.026042 0.030331
1 0.524479 0.732077 0.015625 0.045037
1 0.541667 0.790901 0.035417 0.05239
1 0.551823 0.869945 0.024479 0.045037
1 0.171354 0.889706 0.016667 0.036765
