1 0.057812 0.988971 0.0125 0.016544
1 0.495052 0.963235 0.014062 0.034926
1 0.808073 0.847426 0.014062 0.025735
1 0.59974 0.84329 0.028646 0.094669
1 0.132292 0.74954 0.014583 0.028493
1 0.564062 0.696691 0.008333 0.027574
1 0.841146 0.658088 0.013542 0.029412
1 0.915104 0.616268 0.014583 0.043199
1 0.96849 0.522059 0.013021 0.025735
1 0.802865 0.431526 0.029688 0.045037
1 0.498698 0.492188 0.151562 0.254596
1 0.174219 0.190257 0.018229 0.023897
1 0.011198 0.153952 0.015104 0.026654
1 0.479948 0.040441 0.018229 0.023897
1 0.823698 0.742188 0.352604 0.515625
1 0.990885 0.521599 0.018229 0.043199
1 0.991406 0.425092 0.017188 0.039522
1 0.99401 0.465533 0.011979 0.026654
1 0.959896 0.835478 0.010417 0.016544
