1 0.974479 0.220588 0.051042 0.101103
1 0.819792 0.330882 0.013542 0.022059
1 0.810156 0.658548 0.040104 0.048713
1 0.938802 0.539522 0.018229 0.064338
1 0.547135 0.155331 0.028646 0.055147
1 0.519792 0.386029 0.027083 0.077206
1 0.373438 0.207261 0.036458 0.056066
1 0.263542 0.390625 0.020833 0.029412
1 0.058594 0.485754 0.048438 0.105699
1 0.013802 0.513327 0.027604 0.028493
1 0.049219 0.554228 0.011979 0.025735
1 0.238021 0.732537 0.040625 0.088235
1 0.285417 0.765625 0.042708 0.113971
1 0.359896 0.796415 0.011458 0.028493
1 0.317448 0.915441 0.030729 0.082721
1 0.440885 0.85432 0.021354 0.065257
1 0.422135 0.91636 0.058854 0.106618
1 0.691146 0.894761 0.021875 0.045037
1 0.283594 0.636029 0.006771 0.049632
1 0.658854 0.087776 0.003125 0.039522
1 0.496354 0.45818 0.098958 0.159007
1 0.429948 0.638787 0.092188 0.112132
1 0.955469 0.590074 0.089062 0.165441
1 0.075521 0.108456 0.151042 0.200368
