0 0.310417 0.867647 0.098958 0.161765
1 0.646615 0.339614 0.053646 0.063419
1 0.617448 0.515625 0.031771 0.03125
1 0.500521 0.599265 0.014583 0.047794
0 0.511719 0.487592 0.098438 0.140625
0 0.733333 0.210018 0.069792 0.140625
1 0.022396 0.090074 0.026042 0.023897
1 0.036979 0.409467 0.015625 0.015625
1 0.155729 0.092831 0.011458 0.020221
1 0.173438 0.283088 0.016667 0.012868
1 0.158854 0.39568 0.021875 0.032169
1 0.165365 0.586857 0.014062 0.019301
1 0.090885 0.824449 0.014062 0.042279
1 0.084115 0.905331 0.018229 0.03125
1 0.200521 0.748162 0.015625 0.027574
1 0.435417 0.660386 0.014583 0.015625
1 0.345833 0.45818 0.00625 0.022978
1 0.513542 0.132353 0.00625 0.025735
1 0.603385 0.346967 0.014062 0.024816
1 0.722135 0.215533 0.013021 0.011949
1 0.854167 0.042279 0.010417 0.012868
1 0.870573 0.022059 0.019271 0.044118
