1 0.596094 0.367188 0.008854 0.022978
1 0.414583 0.412224 0.014583 0.032169
1 0.284375 0.203125 0.021875 0.025735
1 0.16849 0.392923 0.014062 0.026654
1 0.21276 0.53079 0.009896 0.024816
1 0.2125 0.773438 0.010417 0.015625
1 0.063542 0.882353 0.014583 0.022059
1 0.506771 0.415441 0.033333 0.055147
1 0.407031 0.665901 0.026562 0.07261
1 0.58151 0.195772 0.026562 0.045956
1 0.355469 0.952206 0.028646 0.079044
1 0.811198 0.012868 0.017188 0.016544
1 0.966667 0.261029 0.009375 0.016544
1 0.947656 0.28079 0.021354 0.015625
1 0.932552 0.336857 0.018229 0.024816
1 0.971094 0.482077 0.018229 0.034007
1 0.952344 0.550092 0.015104 0.032169
1 0.88776 0.805147 0.019271 0.033088
1 0.802344 0.662684 0.034896 0.014706
1 0.691406 0.931066 0.013021 0.012868
1 0.72526 0.827665 0.017188 0.017463
1 0.758333 0.823989 0.011458 0.061581
