1 0.594531 0.431526 0.025521 0.039522
1 0.42474 0.786305 0.020312 0.045037
1 0.572917 0.27068 0.04375 0.098346
1 0.511979 0.657169 0.020833 0.066176
1 0.60026 0.063879 0.046354 0.109375
1 0.029688 0.292739 0.007292 0.046875
1 0.111719 0.107537 0.013021 0.018382
1 0.207812 0.104779 0.009375 0.025735
1 0.304167 0.146599 0.025 0.01011
1 0.282812 0.351562 0.009375 0.046875
1 0.076042 0.517004 0.016667 0.024816
1 0.063542 0.568015 0.0125 0.018382
1 0.236979 0.57307 0.019792 0.019301
1 0.244531 0.609375 0.010938 0.014706
1 0.076562 0.758272 0.0125 0.034926
1 0.168229 0.944853 0.010417 0.044118
1 0.61849 0.867188 0.023438 0.008272
1 0.676562 0.795496 0.009375 0.034007
1 0.766667 0.758732 0.0125 0.032169
1 0.74349 0.417739 0.022396 0.011949
1 0.476562 0.092371 0.010417 0.017463
1 0.461979 0.03125 0.013542 0.016544
1 0.638021 0.206801 0.015625 0.022059
1 0.84401 0.124081 0.021354 0.045956
1 0.96224 0.212316 0.008854 0.040441
