0 0.46849 0.505515 0.094271 0.143382
1 0.295573 0.204963 0.030729 0.018382
1 0.566406 0.386029 0.011979 0.016544
1 0.6 0.360294 0.015625 0.029412
1 0.671094 0.275276 0.010938 0.015625
1 0.686198 0.231158 0.017188 0.022978
1 0.825 0.078585 0.014583 0.024816
1 0.732812 0.377757 0.022917 0.027574
1 0.277344 0.693934 0.013021 0.038603
1 0.234635 0.903033 0.033854 0.08364
0 0.751823 0.067555 0.080729 0.13511
1 0.380469 0.629136 0.019271 0.034007
0 0.2625 0.772978 0.05 0.139706
1 0.402344 0.619945 0.007812 0.022978
1 0.700521 0.981618 0.034375 0.036765
1 0.851562 0.935662 0.010417 0.027574
