1 0.103646 0.857077 0.013542 0.02114
1 0.046615 0.75 0.017188 0.027574
1 0.074479 0.710018 0.023958 0.046875
1 0.836979 0.45864 0.017708 0.038603
1 0.76224 0.440257 0.019271 0.033088
1 0.163281 0.379596 0.024479 0.040441
1 0.680729 0.369485 0.020833 0.036765
1 0.377344 0.369945 0.038021 0.048713
1 0.254688 0.267923 0.020833 0.043199
1 0.766927 0.266085 0.026562 0.061581
1 0.941146 0.130055 0.025 0.04136
1 0.974479 0.181066 0.051042 0.117647
1 0.159115 0.980699 0.021354 0.038603
1 0.801302 0.18796 0.013021 0.022978
