1 0.209115 0.582721 0.009896 0.016544
1 0.266667 0.879596 0.019792 0.047794
1 0.318229 0.891085 0.028125 0.048713
1 0.347396 0.814798 0.01875 0.034007
1 0.613542 0.768842 0.017708 0.035846
1 0.620573 0.715533 0.024479 0.039522
1 0.675521 0.814798 0.0125 0.026654
1 0.690885 0.859835 0.010938 0.017463
1 0.78151 0.969669 0.016146 0.025735
1 0.577083 0.618107 0.028125 0.046875
1 0.429167 0.456342 0.008333 0.017463
1 0.234635 0.210018 0.032812 0.039522
1 0.355208 0.121324 0.025 0.033088
1 0.48125 0.255515 0.015625 0.027574
1 0.542448 0.304228 0.026562 0.058824
1 0.563281 0.21875 0.009896 0.014706
1 0.573177 0.288603 0.010938 0.020221
1 0.573698 0.355699 0.027604 0.045956
1 0.540885 0.347886 0.010938 0.024816
1 0.577865 0.400735 0.020312 0.042279
1 0.597917 0.446232 0.023958 0.04136
1 0.631771 0.454044 0.013542 0.034926
1 0.863021 0.805607 0.016667 0.030331
1 0.893229 0.595588 0.020833 0.027574
1 0.98151 0.245404 0.023438 0.053309
1 0.897135 0.15579 0.016146 0.037684
1 0.790885 0.221967 0.015104 0.028493
1 0.114844 0.027114 0.028646 0.035846
1 0.096354 0.012868 0.009375 0.025735
1 0.477083 0.709099 0.010417 0.019301
1 0.439062 0.441636 0.019792 0.026654
1 0.814062 0.453125 0.009375 0.012868
1 0.850521 0.445772 0.021875 0.025735
1 0.923958 0.641085 0.009375 0.013787
1 0.954688 0.988511 0.009375 0.015625
1 0.128906 0.992647 0.014062 0.014706
1 0.034635 0.789062 0.009896 0.015625
1 0.772135 0.980699 0.020312 0.038603
1 0.397396 0.423254 0.033333 0.067096
1 0.196875 0.158088 0.033333 0.064338
1 0.321615 0.329044 0.030729 0.060662
1 0.184115 0.536765 0.034896 0.051471
1 0.550781 0.670037 0.025521 0.066176
1 0.435417 0.18796 0.021875 0.050551
1 0.257552 0.293199 0.021354 0.044118
1 0.544271 0.173713 0.01875 0.027574
1 0.096354 0.448529 0.04375 0.079044
1 0.179167 0.11443 0.044792 0.061581
1 0.422917 0.40579 0.034375 0.046875
1 0.478906 0.507812 0.026562 0.043199
1 0.5125 0.568474 0.016667 0.02114
1 0.573958 0.649816 0.0125 0.016544
