1 0.83724 0.932904 0.010938 0.018382
0 0.646094 0.92739 0.094271 0.113971
1 0.7375 0.824908 0.013542 0.015625
1 0.5125 0.715993 0.014583 0.023897
1 0.560156 0.728401 0.033854 0.068934
1 0.045833 0.647978 0.013542 0.025735
1 0.003906 0.439338 0.007812 0.022059
1 0.384896 0.4375 0.039583 0.055147
0 0.557031 0.53079 0.146354 0.243566
1 0.602344 0.283548 0.007812 0.019301
0 0.438802 0.373621 0.096354 0.215993
1 0.196875 0.257812 0.010417 0.019301
1 0.217969 0.192555 0.015104 0.024816
1 0.134635 0.137408 0.008854 0.022978
0 0.361458 0.145221 0.167708 0.264706
0 0.986198 0.053768 0.027604 0.107537
1 0.08776 0.005974 0.011979 0.011949
0 0.714323 0.974265 0.076562 0.051471
