1 0.342708 0.956342 0.021875 0.056066
1 0.46849 0.838235 0.045312 0.079044
1 0.254167 0.796415 0.0125 0.028493
1 0.30625 0.82261 0.044792 0.147059
1 0.532552 0.757812 0.020312 0.068934
1 0.498698 0.669577 0.023438 0.034007
1 0.363021 0.629136 0.01875 0.037684
1 0.253906 0.572151 0.010938 0.019301
1 0.3625 0.528033 0.027083 0.034007
1 0.348958 0.485294 0.082292 0.154412
1 0.717188 0.394301 0.021875 0.03125
1 0.667448 0.355239 0.009896 0.022978
1 0.513802 0.483915 0.282812 0.442096
1 0.105469 0.034007 0.030729 0.068015
1 0.161719 0.921415 0.250521 0.157169
1 0.571094 0.97932 0.024479 0.04136
1 0.302865 0.985294 0.024479 0.029412
1 0.653125 0.986213 0.017708 0.027574
