1 0.077083 0.052849 0.013542 0.024816
1 0.059896 0.119485 0.023958 0.029412
1 0.181771 0.152114 0.015625 0.076287
1 0.063802 0.302849 0.024479 0.028493
1 0.173177 0.306066 0.026562 0.034926
1 0.216927 0.316636 0.027604 0.034007
1 0.252604 0.302849 0.010417 0.02114
1 0.264583 0.237592 0.029167 0.05239
1 0.127083 0.452665 0.007292 0.030331
1 0.129688 0.566176 0.017708 0.012868
1 0.154167 0.622243 0.020833 0.029412
1 0.08125 0.664982 0.047917 0.065257
1 0.01875 0.850643 0.005208 0.024816
1 0.036458 0.892463 0.0125 0.040441
1 0.154948 0.778952 0.023438 0.008272
1 0.208854 0.960018 0.007292 0.026654
1 0.221094 0.96875 0.008854 0.018382
1 0.377344 0.472886 0.013021 0.022978
1 0.404948 0.472886 0.028646 0.026654
1 0.538542 0.015165 0.010417 0.028493
1 0.745052 0.119026 0.008854 0.015625
1 0.979948 0.200368 0.006771 0.018382
1 0.567969 0.609835 0.003646 0.045037
1 0.45 0.860294 0.019792 0.012868
1 0.454688 0.907169 0.015625 0.011029
1 0.635938 0.837776 0.016667 0.032169
1 0.671354 0.929688 0.009375 0.022978
1 0.843229 0.883272 0.032292 0.038603
1 0.921094 0.855239 0.008854 0.015625
1 0.75 0.661765 0.011458 0.022059
1 0.821615 0.573529 0.008854 0.016544
1 0.846875 0.538143 0.010417 0.02114
1 0.905729 0.386949 0.015625 0.023897
1 0.980469 0.588235 0.005729 0.022059
0 0.504948 0.513787 0.045312 0.069853
0 0.273177 0.719669 0.039062 0.069853
0 0.79974 0.159467 0.035938 0.043199
0 0.979688 0.021599 0.026042 0.043199
0 0.903125 0.105699 0.026042 0.029412
0 0.146615 0.934743 0.038021 0.068015
1 0.76276 0.404871 0.005729 0.024816
