1 0.047656 0.803768 0.095312 0.287684
1 0.527865 0.677849 0.025521 0.046875
1 0.46901 0.623162 0.023438 0.044118
1 0.508073 0.552849 0.066146 0.105699
1 0.792188 0.048713 0.011458 0.020221
1 0.944531 0.039982 0.046354 0.061581
1 0.354688 0.144761 0.173958 0.289522
1 0.978385 0.38557 0.013021 0.026654
1 0.986719 0.357077 0.019271 0.028493
1 0.858333 0.352022 0.026042 0.053309
1 0.989062 0.327665 0.021875 0.028493
1 0.839323 0.282169 0.023438 0.034926
1 0.008333 0.967371 0.016667 0.065257
1 0.992708 0.524816 0.014583 0.045956
