1 0.008333 0.090993 0.016667 0.0625
1 0.05599 0.128676 0.078646 0.102941
1 0.007031 0.042739 0.014062 0.019301
1 0.104688 0.122243 0.01875 0.047794
1 0.116406 0.024816 0.031771 0.049632
1 0.249479 0.049173 0.014583 0.061581
1 0.272396 0.063419 0.029167 0.036765
1 0.330469 0.021599 0.030729 0.043199
1 0.327083 0.169118 0.014583 0.033088
1 0.245312 0.27068 0.021875 0.046875
1 0.352604 0.3125 0.025 0.011029
1 0.513802 0.28079 0.036979 0.024816
1 0.543229 0.240349 0.01875 0.043199
1 0.561458 0.21921 0.020833 0.034007
1 0.583594 0.064338 0.090104 0.104779
1 0.586198 0.007353 0.014062 0.014706
1 0.776562 0.221507 0.048958 0.101103
1 0.805729 0.201746 0.0125 0.026654
1 0.940625 0.179228 0.023958 0.029412
1 0.974219 0.005055 0.013021 0.01011
1 0.573958 0.264246 0.011458 0.017463
1 0.542188 0.282629 0.019792 0.019301
1 0.56276 0.330423 0.019271 0.04136
1 0.528385 0.326746 0.008854 0.013787
1 0.609635 0.436581 0.031771 0.014706
1 0.500781 0.502298 0.009896 0.030331
0 0.405729 0.522518 0.171875 0.306066
1 0.336979 0.370404 0.009375 0.022059
1 0.299479 0.480239 0.020833 0.013787
1 0.353385 0.63511 0.042188 0.044118
1 0.383333 0.677849 0.016667 0.037684
1 0.471354 0.622243 0.025 0.047794
1 0.476302 0.65625 0.027604 0.044118
1 0.458854 0.670496 0.036458 0.04136
1 0.48724 0.699908 0.026562 0.048713
1 0.508073 0.724724 0.016146 0.024816
1 0.463542 0.730699 0.026042 0.047794
1 0.515365 0.670037 0.024479 0.025735
1 0.495312 0.591452 0.01875 0.048713
1 0.559896 0.608456 0.017708 0.03125
1 0.292188 0.726562 0.033333 0.026654
1 0.273438 0.667279 0.070833 0.055147
1 0.198958 0.453125 0.06875 0.091912
1 0.240104 0.501838 0.019792 0.040441
1 0.0625 0.553309 0.05625 0.03125
1 0.009896 0.482537 0.019792 0.042279
1 0.114062 0.716912 0.021875 0.029412
1 0.140365 0.785386 0.015104 0.04136
1 0.027344 0.900735 0.028646 0.020221
1 0.271094 0.817555 0.009896 0.019301
1 0.31849 0.835018 0.013021 0.054228
1 0.654948 0.994026 0.025521 0.011949
1 0.69375 0.982537 0.016667 0.034926
1 0.764062 0.961857 0.029167 0.01011
1 0.722656 0.892004 0.009896 0.017463
1 0.685938 0.659467 0.01875 0.019301
1 0.839844 0.549632 0.030729 0.068015
1 0.870833 0.685202 0.066667 0.030331
1 0.973698 0.544577 0.052604 0.057904
1 0.970833 0.830882 0.052083 0.040441
0 0.938281 0.695772 0.123438 0.134191
1 0.688021 0.579504 0.011458 0.011949
