1 0.376042 0.872243 0.072917 0.137868
1 0.005469 0.529412 0.010938 0.055147
1 0.108854 0.503676 0.020833 0.033088
1 0.116406 0.42693 0.015104 0.032169
1 0.067448 0.185202 0.134896 0.370404
1 0.201302 0.087316 0.266146 0.174632
1 0.170833 0.150276 0.114583 0.201287
1 0.391146 0.497702 0.082292 0.149816
1 0.57474 0.075827 0.082812 0.151654
1 0.66875 0.015165 0.0625 0.030331
1 0.872396 0.014706 0.027083 0.029412
1 0.934635 0.316176 0.129688 0.306985
1 0.967969 0.119945 0.064062 0.230699
1 0.470833 0.454963 0.242708 0.373162
1 0.751562 0.206342 0.192708 0.403493
1 0.421354 0.056066 0.086458 0.112132
1 0.333073 0.191636 0.019271 0.035846
1 0.220312 0.341912 0.027083 0.036765
1 0.13151 0.409467 0.009896 0.02114
1 0.721875 0.396599 0.01875 0.028493
1 0.771094 0.359375 0.020312 0.03125
1 0.798958 0.35386 0.015625 0.034926
1 0.781771 0.440257 0.017708 0.033088
1 0.923958 0.098346 0.022917 0.071691
1 0.939583 0.022518 0.073958 0.045037
1 0.87474 0.482996 0.009896 0.022978
1 0.842448 0.507353 0.013021 0.027574
1 0.822396 0.542279 0.015625 0.023897
1 0.56276 0.879596 0.020312 0.042279
1 0.534635 0.840533 0.024479 0.024816
1 0.515625 0.832721 0.013542 0.038603
