1 0.388021 0.853401 0.015625 0.028493
1 0.854427 0.845588 0.006771 0.020221
1 0.935938 0.836857 0.011458 0.02114
1 0.66276 0.795037 0.029688 0.068015
1 0.996615 0.765165 0.006771 0.02114
1 0.961979 0.634651 0.026042 0.048713
1 0.946615 0.571691 0.013021 0.023897
1 0.928646 0.568474 0.011458 0.017463
1 0.210156 0.521599 0.009896 0.013787
1 0.773438 0.491728 0.0125 0.027574
0 0.515104 0.570312 0.133333 0.263787
1 0.509635 0.422335 0.010938 0.015625
1 0.339844 0.420037 0.009896 0.018382
1 0.38776 0.419577 0.015104 0.04136
0 0.418229 0.332721 0.107292 0.141544
1 0.832292 0.09329 0.013542 0.022978
1 0.36849 0.055147 0.009896 0.025735
0 0.301823 0.032629 0.113021 0.063419
