1 0.789323 0.675092 0.046354 0.043199
1 0.488802 0.686121 0.054688 0.070772
1 0.442969 0.634651 0.073438 0.116728
1 0.435417 0.538603 0.060417 0.079044
1 0.8 0.508272 0.1125 0.145221
1 0.540885 0.368107 0.036979 0.059743
1 0.358594 0.363511 0.041146 0.05239
1 0.259115 0.09421 0.032812 0.070772
1 0.25625 0.043658 0.072917 0.087316
1 0.285417 0.138787 0.0125 0.029412
1 0.302344 0.18796 0.014062 0.019301
1 0.3375 0.228401 0.015625 0.028493
1 0.346615 0.257353 0.018229 0.040441
1 0.457031 0.157169 0.016146 0.023897
1 0.530208 0.544118 0.019792 0.040441
1 0.515625 0.78171 0.009375 0.028493
1 0.5375 0.871324 0.023958 0.040441
1 0.547917 0.92693 0.029167 0.046875
1 0.561458 0.975184 0.030208 0.03125
1 0.570833 0.990349 0.016667 0.019301
1 0.539062 0.613051 0.0375 0.033088
