1 0.211719 0.517923 0.013021 0.04136
1 0.259635 0.621324 0.016146 0.033088
1 0.376562 0.902114 0.013542 0.024816
1 0.483854 0.88557 0.010417 0.017463
1 0.378385 0.403952 0.021354 0.024816
1 0.411198 0.261029 0.007812 0.036765
1 0.373958 0.073989 0.007292 0.054228
1 0.759115 0.115809 0.014062 0.053309
1 0.879427 0.264706 0.026562 0.018382
1 0.885417 0.646599 0.029167 0.056066
1 0.667708 0.493566 0.010417 0.016544
1 0.611719 0.631434 0.017188 0.018382
0 0.468229 0.454044 0.177083 0.284926
1 0.630729 0.102022 0.026042 0.027574
1 0.344271 0.620404 0.011458 0.022059
