1 0.915625 0.985294 0.038542 0.029412
1 0.788281 0.921415 0.008854 0.032169
1 0.758333 0.809283 0.069792 0.120404
1 0.411979 0.543199 0.0125 0.016544
1 0.239844 0.505974 0.019271 0.022978
1 0.522396 0.53079 0.063542 0.113051
1 0.692708 0.419118 0.014583 0.102941
1 0.445312 0.388327 0.057292 0.079963
1 0.64974 0.25 0.005729 0.023897
1 0.165885 0.259191 0.011979 0.049632
1 0.80599 0.240349 0.010938 0.015625
1 0.542188 0.263787 0.022917 0.064338
1 0.520312 0.199908 0.027083 0.05239
1 0.661458 0.113511 0.015625 0.032169
1 0.463281 0.073989 0.013021 0.039522
1 0.490625 0.022978 0.023958 0.03125
