1 0.040885 0.183364 0.022396 0.024816
1 0.145573 0.386029 0.019271 0.009191
1 0.120312 0.538603 0.019792 0.007353
1 0.154427 0.677849 0.019271 0.028493
1 0.075 0.688879 0.013542 0.026654
1 0.486198 0.967371 0.014062 0.017463
1 0.369792 0.720129 0.03125 0.02114
1 0.540625 0.795037 0.019792 0.012868
1 0.483333 0.350184 0.0125 0.038603
1 0.490625 0.266544 0.020833 0.027574
1 0.33125 0.032169 0.0125 0.058824
1 0.4 0.117647 0.039583 0.058824
1 0.440104 0.098805 0.035417 0.061581
1 0.459375 0.012408 0.021875 0.024816
1 0.472656 0.073529 0.014062 0.018382
1 0.579688 0.037224 0.008333 0.019301
1 0.540625 0.210478 0.032292 0.033088
1 0.555208 0.283088 0.011458 0.033088
1 0.552083 0.610754 0.020833 0.015625
1 0.576302 0.658088 0.017188 0.023897
1 0.575 0.696232 0.028125 0.034007
1 0.60625 0.754596 0.027083 0.014706
1 0.611719 0.59375 0.011979 0.055147
1 0.655729 0.480699 0.005208 0.029412
1 0.688281 0.455882 0.013021 0.016544
1 0.715104 0.797335 0.0125 0.01011
1 0.742448 0.963695 0.013021 0.057904
1 0.753646 0.862132 0.0125 0.020221
1 0.942448 0.954504 0.009896 0.035846
1 0.833333 0.80193 0.016667 0.02114
1 0.84349 0.715533 0.014062 0.019301
1 0.838802 0.631893 0.005729 0.024816
1 0.943229 0.526195 0.011458 0.024816
1 0.945573 0.597426 0.025521 0.034926
1 0.811458 0.401654 0.017708 0.009191
1 0.910417 0.267923 0.00625 0.024816
1 0.865885 0.155331 0.006771 0.033088
1 0.989844 0.229779 0.019271 0.03125
1 0.480729 0.448529 0.016667 0.044118
1 0.541146 0.883272 0.03125 0.066176
1 0.509635 0.691176 0.020312 0.049632
1 0.56849 0.921415 0.024479 0.030331
1 0.463542 0.564338 0.020833 0.034926
1 0.395052 0.048254 0.015104 0.048713
1 0.280469 0.011949 0.016146 0.023897
1 0.296875 0.347886 0.010417 0.032169
1 0.411198 0.569393 0.015104 0.02114
1 0.538021 0.149357 0.0125 0.022978
1 0.857031 0.153952 0.010938 0.013787
1 0.974479 0.671875 0.017708 0.011029
1 0.827344 0.888327 0.016146 0.008272
