1 0.636458 0.702665 0.015625 0.030331
1 0.620052 0.669577 0.042188 0.081801
1 0.596094 0.623162 0.027604 0.051471
1 0.582812 0.590533 0.020833 0.035846
1 0.476302 0.481618 0.013021 0.029412
1 0.315885 0.417279 0.009896 0.023897
1 0.401042 0.373162 0.014583 0.025735
1 0.838021 0.304688 0.009375 0.017463
1 0.416406 0.273897 0.014062 0.016544
1 0.353125 0.278033 0.00625 0.028493
1 0.342188 0.266544 0.013542 0.022059
1 0.341927 0.247243 0.010938 0.016544
1 0.298698 0.207721 0.011979 0.022059
1 0.296094 0.168199 0.035938 0.075368
1 0.865104 0.064798 0.010417 0.024816
1 0.207292 0.009651 0.019792 0.019301
1 0.260156 0.107996 0.006771 0.019301
