1 0.20599 0.81296 0.050521 0.11489
0 0.358073 0.4375 0.016146 0.03125
0 0.469271 0.444853 0.011458 0.014706
1 0.564583 0.502298 0.013542 0.030331
1 0.628385 0.641085 0.013021 0.02114
0 0.86901 0.534926 0.017188 0.011029
1 0.861198 0.509651 0.008854 0.028493
1 0.886979 0.534467 0.011458 0.02114
1 0.877604 0.60432 0.0125 0.026654
1 0.317448 0.200368 0.026562 0.025735
1 0.363542 0.193474 0.008333 0.045037
0 0.039844 0.354779 0.054688 0.034926
0 0.197135 0.382812 0.123438 0.118566
0 0.657552 0.372243 0.084896 0.180147
0 0.711719 0.440717 0.023438 0.105699
1 0.136198 0.045037 0.004688 0.034926
1 0.09974 0.940717 0.007812 0.02114
1 0.233854 0.630055 0.014583 0.026654
1 0.956771 0.803768 0.010417 0.035846
1 0.978125 0.604779 0.013542 0.022059
