1 0.538021 0.807445 0.013542 0.070772
1 0.366667 0.503676 0.027083 0.071691
1 0.70651 0.432445 0.025521 0.048713
1 0.475521 0.43704 0.119792 0.265625
1 0.091406 0.702206 0.182812 0.595588
1 0.170312 0.979779 0.027083 0.040441
1 0.188021 0.986673 0.009375 0.022978
1 0.201042 0.98943 0.010417 0.02114
1 0.228906 0.536305 0.010938 0.015625
1 0.261198 0.479779 0.011979 0.012868
1 0.559115 0.828125 0.007812 0.016544
1 0.590104 0.86489 0.010417 0.012868
1 0.939844 0.262868 0.120312 0.115809
1 0.954948 0.094669 0.090104 0.1875
