1 0.590885 0.965993 0.006771 0.020221
1 0.530208 0.966912 0.011458 0.029412
1 0.111198 0.893382 0.006771 0.023897
1 0.283594 0.862132 0.006771 0.025735
1 0.669531 0.852022 0.013021 0.049632
1 0.107552 0.825368 0.008854 0.022059
1 0.871354 0.82307 0.028125 0.04136
1 0.465104 0.78125 0.019792 0.023897
1 0.523698 0.783088 0.011979 0.03125
1 0.732031 0.774816 0.020312 0.058824
1 0.635417 0.751379 0.00625 0.02114
1 0.857031 0.732077 0.017188 0.034007
1 0.729427 0.64568 0.010938 0.013787
1 0.432812 0.479779 0.015625 0.027574
1 0.504427 0.466452 0.008854 0.019301
1 0.907292 0.444853 0.01875 0.023897
1 0.072135 0.426011 0.029688 0.032169
1 0.488802 0.434743 0.016146 0.053309
1 0.433594 0.41682 0.023438 0.04136
1 0.809375 0.408548 0.007292 0.026654
1 0.484115 0.407629 0.024479 0.059743
1 0.474479 0.387868 0.01875 0.025735
1 0.827865 0.357537 0.009896 0.016544
1 0.947135 0.331801 0.011979 0.011029
1 0.825521 0.328585 0.015625 0.028493
1 0.940625 0.300551 0.011458 0.014706
1 0.754167 0.294577 0.008333 0.015625
1 0.3 0.294577 0.00625 0.02114
1 0.730208 0.293199 0.008333 0.020221
1 0.814062 0.268842 0.008333 0.017463
1 0.798177 0.263787 0.008854 0.020221
1 0.86276 0.188419 0.014062 0.040441
1 0.860156 0.097426 0.016146 0.036765
1 0.678906 0.992188 0.029688 0.015625
1 0.54375 0.713695 0.010417 0.015625
