1 0.188542 0.818015 0.016667 0.040441
1 0.189844 0.769761 0.015104 0.059743
1 0.28151 0.631893 0.025521 0.045037
1 0.295573 0.627757 0.009896 0.040441
1 0.298958 0.603401 0.022917 0.013787
1 0.335156 0.563419 0.016146 0.055147
1 0.322656 0.555607 0.014062 0.02114
1 0.341927 0.544118 0.010938 0.016544
1 0.32474 0.532169 0.025521 0.020221
1 0.503646 0.334099 0.020833 0.032169
1 0.711458 0.042279 0.017708 0.036765
1 0.729167 0.049173 0.023958 0.032169
1 0.501823 0.368107 0.010938 0.050551
1 0.591406 0.201287 0.023438 0.044118
1 0.146615 0.848805 0.019271 0.043199
1 0.239323 0.726562 0.016146 0.05239
1 0.047396 0.976103 0.019792 0.022059
1 0.227344 0.76011 0.009896 0.053309
1 0.528906 0.311121 0.008854 0.046875
1 0.119531 0.905331 0.006771 0.049632
1 0.483854 0.365809 0.019792 0.012868
1 0.821875 0.966912 0.008333 0.022059
1 0.944531 0.986673 0.014062 0.026654
1 0.971615 0.973805 0.021354 0.034007
1 0.993229 0.909467 0.013542 0.013787
