1 0.719271 0.8125 0.032292 0.080882
1 0.89375 0.762868 0.034375 0.055147
1 0.650781 0.712776 0.017188 0.050551
1 0.742448 0.65671 0.028646 0.035846
1 0.61901 0.661765 0.043229 0.082721
1 0.783594 0.663143 0.061979 0.111213
1 0.557812 0.640625 0.034375 0.080882
1 0.936979 0.580423 0.05 0.168199
1 0.333333 0.358915 0.03125 0.078125
1 0.267708 0.30193 0.01875 0.039522
1 0.502604 0.297335 0.069792 0.136949
1 0.330729 0.211857 0.03125 0.070772
1 0.221094 0.164522 0.032812 0.064338
1 0.267708 0.137408 0.025 0.039522
1 0.242708 0.108456 0.025 0.051471
1 0.08151 0.024816 0.023438 0.049632
1 0.126562 0.049632 0.007292 0.020221
1 0.175521 0.13557 0.011458 0.030331
1 0.438281 0.070312 0.022396 0.059743
1 0.388281 0.268842 0.099479 0.13511
1 0.396615 0.191636 0.020312 0.024816
1 0.790885 0.27068 0.015104 0.032169
1 0.49401 0.491268 0.100521 0.155331
1 0.735417 0.878217 0.007292 0.024816
1 0.753385 0.82261 0.013021 0.029412
1 0.774219 0.827206 0.007812 0.038603
1 0.786979 0.888787 0.015625 0.020221
1 0.966146 0.754596 0.067708 0.106618
1 0.253906 0.206801 0.023438 0.038603
1 0.260417 0.173254 0.022917 0.028493
1 0.274479 0.191176 0.011458 0.022059
1 0.515885 0.193474 0.019271 0.056066
1 0.534896 0.193474 0.029167 0.035846
1 0.8125 0.915901 0.011458 0.022978
