1 0.098438 0.897978 0.053125 0.079044
1 0.302344 0.940257 0.005729 0.040441
1 0.666146 0.691636 0.025 0.017463
1 0.239323 0.043199 0.014062 0.025735
1 0.263802 0.015625 0.011979 0.022059
1 0.251302 0.051011 0.013021 0.048713
1 0.286458 0.053768 0.069792 0.107537
1 0.284896 0.133272 0.022917 0.040441
1 0.311458 0.113971 0.014583 0.045956
1 0.34375 0.261029 0.030208 0.044118
1 0.439323 0.296415 0.018229 0.059743
1 0.458594 0.46875 0.140104 0.255515
1 0.400521 0.345129 0.017708 0.030331
1 0.504948 0.588235 0.047396 0.080882
1 0.517969 0.661305 0.070312 0.100184
1 0.553906 0.70864 0.075521 0.123162
1 0.034375 0.193474 0.023958 0.026654
1 0.00651 0.884191 0.013021 0.034926
1 0.26849 0.704504 0.023438 0.05239
1 0.942969 0.007353 0.017188 0.014706
1 0.982812 0.071232 0.034375 0.142463
1 0.689583 0.966452 0.089583 0.067096
1 0.6125 0.803309 0.053125 0.121324
1 0.398177 0.286765 0.068229 0.106618
1 0.34375 0.170037 0.082292 0.159926
1 0.783594 0.413143 0.013021 0.017463
