1 0.284635 0.975184 0.027604 0.034926
1 0.394792 0.87454 0.022917 0.02114
1 0.359635 0.844669 0.025521 0.027574
1 0.329167 0.870864 0.04375 0.098346
1 0.381771 0.8125 0.013542 0.033088
1 0.034375 0.654412 0.04375 0.053309
1 0.740365 0.659926 0.070312 0.180147
1 0.516667 0.559283 0.013542 0.013787
1 0.683073 0.523438 0.007812 0.02114
1 0.757292 0.320772 0.014583 0.051471
1 0.560417 0.267923 0.021875 0.074449
1 0.263542 0.18796 0.033333 0.037684
1 0.458854 0.172794 0.03125 0.064338
1 0.234115 0.139246 0.019271 0.054228
1 0.19974 0.113511 0.036979 0.087316
1 0.253906 0.027574 0.022396 0.055147
1 0.01875 0.128217 0.0375 0.243566
1 0.101042 0.047794 0.014583 0.038603
1 0.722656 0.153952 0.011979 0.015625
1 0.883333 0.254136 0.008333 0.017463
1 0.876302 0.104779 0.247396 0.209559
1 0.488542 0.446691 0.285417 0.452206
1 0.048958 0.214614 0.010417 0.015625
