1 0.047656 0.101562 0.025521 0.032169
1 0.092708 0.873162 0.075 0.025735
1 0.191406 0.729779 0.016146 0.018382
1 0.180469 0.467371 0.034896 0.118566
1 0.404948 0.101562 0.030729 0.065257
1 0.351042 0.787224 0.051042 0.074449
1 0.559115 0.654871 0.009896 0.019301
1 0.727865 0.532629 0.039062 0.030331
1 0.948177 0.649357 0.054688 0.061581
1 0.491927 0.488051 0.135938 0.327206
1 0.402865 0.498621 0.026562 0.028493
1 0.426042 0.413603 0.020833 0.025735
1 0.552604 0.519761 0.017708 0.008272
1 0.545312 0.120864 0.007292 0.046875
