1 0.919271 0.830882 0.035417 0.055147
1 0.713021 0.724724 0.04375 0.068934
1 0.650781 0.68704 0.017188 0.035846
1 0.683073 0.683824 0.024479 0.0625
1 0.630208 0.674173 0.041667 0.054228
1 0.673698 0.488971 0.042188 0.077206
1 0.832292 0.450827 0.04375 0.059743
1 0.96901 0.399357 0.036979 0.07261
1 0.20026 0.350184 0.028646 0.049632
1 0.3 0.373162 0.0625 0.112132
1 0.609115 0.375919 0.058854 0.128676
1 0.388021 0.307904 0.028125 0.117647
1 0.072396 0.277114 0.030208 0.08364
1 0.053646 0.237132 0.032292 0.079044
1 0.016927 0.245864 0.006771 0.019301
1 0.04974 0.195772 0.014062 0.020221
1 0.240365 0.358915 0.007812 0.02114
1 0.448177 0.267004 0.009896 0.030331
1 0.47474 0.242188 0.009896 0.02114
1 0.364583 0.410846 0.026042 0.058824
1 0.394531 0.43704 0.041146 0.096507
1 0.464062 0.50046 0.042708 0.087316
1 0.452604 0.549173 0.013542 0.02114
1 0.502865 0.534467 0.057812 0.11489
1 0.520573 0.552849 0.014062 0.04136
1 0.528646 0.592831 0.010417 0.016544
1 0.53151 0.634191 0.009896 0.022059
1 0.554427 0.550551 0.014062 0.016544
1 0.529948 0.306985 0.008854 0.020221
1 0.565365 0.33318 0.016146 0.02114
1 0.602865 0.605239 0.010938 0.015625
1 0.80625 0.561121 0.05 0.059743
1 0.773958 0.68796 0.033333 0.067096
1 0.8 0.754596 0.069792 0.082721
1 0.784635 0.828585 0.016146 0.026654
1 0.686719 0.414522 0.008854 0.03125
1 0.971615 0.914062 0.010938 0.02114
