1 0.25 0.340533 0.038542 0.04136
1 0.172656 0.442096 0.013021 0.023897
1 0.074479 0.733456 0.060417 0.060662
1 0.368229 0.383732 0.0375 0.065257
1 0.467708 0.480699 0.084375 0.193015
1 0.502083 0.528952 0.063542 0.08364
1 0.65651 0.817555 0.008854 0.015625
1 0.772656 0.76057 0.095312 0.195772
1 0.740104 0.036765 0.041667 0.073529
1 0.751302 0.140165 0.019271 0.024816
1 0.53776 0.095588 0.066146 0.143382
1 0.782552 0.96921 0.046354 0.061581
1 0.914323 0.844669 0.063021 0.082721
1 0.274479 0.25 0.026042 0.055147
1 0.615365 0.573989 0.088021 0.129596
1 0.672656 0.655331 0.073438 0.117647
1 0.122396 0.102941 0.00625 0.036765
1 0.780469 0.709559 0.005729 0.042279
1 0.821875 0.794118 0.027083 0.036765
