1 0.50651 0.485754 0.014062 0.028493
1 0.438021 0.424632 0.010417 0.022059
1 0.222656 0.074908 0.018229 0.030331
0 0.657812 0.597886 0.08125 0.098346
0 0.477083 0.372243 0.021875 0.137868
0 0.3125 0.105699 0.110417 0.090074
1 0.161979 0.554688 0.016667 0.02114
1 0.021615 0.667279 0.014062 0.018382
1 0.195573 0.700827 0.015104 0.030331
1 0.227604 0.654412 0.010417 0.036765
1 0.266667 0.75 0.013542 0.011029
1 0.314323 0.155331 0.018229 0.027574
1 0.364323 0.21829 0.014062 0.026654
1 0.454167 0.395221 0.011458 0.012868
1 0.82526 0.419577 0.010938 0.030331
1 0.8125 0.461857 0.021875 0.034007
1 0.789844 0.494945 0.020312 0.032169
1 0.776042 0.521599 0.013542 0.034007
1 0.842969 0.516544 0.035938 0.09375
1 0.889062 0.545037 0.01875 0.03125
1 0.903125 0.563879 0.0125 0.022978
1 0.898177 0.579504 0.008854 0.02114
1 0.859635 0.568015 0.023438 0.040441
1 0.84401 0.613971 0.010938 0.018382
1 0.827604 0.625 0.019792 0.025735
1 0.924219 0.598805 0.014062 0.013787
1 0.890885 0.706801 0.008854 0.023897
1 0.948698 0.77068 0.017188 0.015625
1 0.978385 0.774357 0.010938 0.026654
1 0.872917 0.929688 0.016667 0.035846
0 0.903646 0.951746 0.067708 0.096507
