0 0.966146 0.810662 0.066667 0.104779
0 0.47526 0.44807 0.047396 0.070772
0 0.346094 0.392463 0.025521 0.110294
0 0.211198 0.230239 0.090104 0.087316
0 0.657031 0.597426 0.032812 0.069853
0 0.832552 0.720129 0.045312 0.089154
1 0.038802 0.42693 0.006771 0.019301
1 0.070573 0.480239 0.011979 0.013787
1 0.063542 0.824449 0.0125 0.011029
1 0.256771 0.40625 0.013542 0.011029
1 0.209375 0.07261 0.007292 0.027574
1 0.255208 0.118107 0.010417 0.013787
1 0.274479 0.133732 0.00625 0.022978
1 0.33125 0.142463 0.010417 0.012868
1 0.374479 0.328585 0.005208 0.030331
1 0.433073 0.266085 0.022396 0.017463
1 0.438021 0.520221 0.013542 0.012868
1 0.455208 0.61489 0.010417 0.014706
1 0.66276 0.93704 0.006771 0.037684
1 0.977604 0.546415 0.019792 0.024816
1 0.904688 0.377298 0.010417 0.02114
