1 0.885938 0.935662 0.045833 0.036765
1 0.819531 0.89568 0.029688 0.043199
1 0.749479 0.746783 0.058333 0.089154
1 0.61224 0.640165 0.026562 0.045037
1 0.577344 0.627757 0.045312 0.071691
1 0.4875 0.514706 0.01875 0.042279
1 0.478906 0.475643 0.026562 0.04136
1 0.448438 0.439798 0.011458 0.019301
1 0.26875 0.274357 0.060417 0.131434
1 0.194792 0.195772 0.027083 0.077206
1 0.165625 0.178309 0.015625 0.042279
1 0.183854 0.164062 0.021875 0.045037
1 0.267188 0.120864 0.039583 0.068934
1 0.084115 0.075368 0.017188 0.029412
1 0.064583 0.056066 0.021875 0.047794
1 0.124219 0.074449 0.069271 0.128676
1 0.365104 0.380515 0.011458 0.018382
1 0.66276 0.673713 0.041146 0.099265
1 0.680469 0.694853 0.025521 0.049632
1 0.651562 0.764246 0.007292 0.019301
1 0.644531 0.755055 0.006771 0.019301
1 0.934635 0.717831 0.024479 0.053309
1 0.882552 0.973346 0.027604 0.033088
1 0.79349 0.89614 0.010938 0.025735
1 0.7875 0.880974 0.028125 0.045037
1 0.784896 0.84375 0.034375 0.044118
1 0.784375 0.795037 0.022917 0.056985
