1 0.554427 0.056985 0.065104 0.113971
1 0.523958 0.139246 0.041667 0.090993
1 0.547917 0.16682 0.027083 0.035846
1 0.575 0.150276 0.021875 0.061581
1 0.51849 0.251379 0.014062 0.028493
1 0.484115 0.407169 0.040104 0.064338
1 0.510677 0.457721 0.031771 0.086397
1 0.494792 0.373162 0.0125 0.023897
1 0.385677 0.476103 0.007812 0.016544
1 0.44401 0.542739 0.015104 0.039522
1 0.461458 0.676471 0.025 0.068015
1 0.445312 0.782629 0.035417 0.078125
1 0.454688 0.842831 0.05 0.051471
1 0.461198 0.89614 0.055729 0.0625
1 0.402344 0.891085 0.021354 0.037684
1 0.4125 0.954504 0.026042 0.04136
1 0.540625 0.272978 0.016667 0.036765
1 0.430208 0.716452 0.028125 0.039522
