1 0.745573 0.411305 0.010938 0.024816
1 0.790885 0.301471 0.008854 0.042279
1 0.816667 0.377757 0.013542 0.03125
1 0.172656 0.365349 0.006771 0.102022
1 0.325 0.130515 0.023958 0.038603
1 0.047656 0.07261 0.020312 0.011029
1 0.01224 0.556985 0.010938 0.03125
1 0.077083 0.477022 0.00625 0.022059
1 0.183333 0.336857 0.013542 0.019301
1 0.155469 0.469669 0.024479 0.016544
1 0.063542 0.63557 0.010417 0.017463
1 0.129948 0.658088 0.029688 0.045956
1 0.136719 0.97932 0.008854 0.032169
1 0.275781 0.39568 0.021354 0.046875
1 0.392188 0.480699 0.009375 0.023897
1 0.353646 0.918199 0.0125 0.011029
1 0.56224 0.903033 0.010938 0.035846
1 0.517448 0.682445 0.009896 0.013787
1 0.55651 0.210478 0.006771 0.023897
1 0.664062 0.086857 0.014583 0.011949
1 0.959635 0.070312 0.015104 0.019301
1 0.759635 0.214614 0.016146 0.024816
1 0.639323 0.504136 0.011979 0.024816
1 0.767708 0.362132 0.022917 0.009191
1 0.914844 0.401654 0.010938 0.034926
1 0.994792 0.578125 0.010417 0.025735
1 0.820573 0.657629 0.005729 0.024816
1 0.819271 0.676471 0.017708 0.009191
1 0.885677 0.883272 0.007812 0.022059
1 0.679427 0.892004 0.010938 0.02114
1 0.703646 0.867647 0.011458 0.027574
1 0.68125 0.768382 0.01875 0.036765
1 0.642188 0.813419 0.009375 0.036765
1 0.496875 0.498621 0.061458 0.081801
1 0.941667 0.820772 0.048958 0.069853
1 0.463281 0.681526 0.051562 0.054228
1 0.608594 0.597886 0.075521 0.105699
1 0.420573 0.851562 0.026562 0.056066
1 0.614583 0.036765 0.053125 0.073529
1 0.092448 0.522978 0.013021 0.027574
1 0.329688 0.225184 0.045833 0.104779
1 0.992188 0.676011 0.015625 0.045037
