1 0.326823 0.460478 0.021354 0.029412
0 0.365885 0.440257 0.009896 0.014706
1 0.361458 0.47932 0.027083 0.032169
1 0.417969 0.542279 0.011979 0.011029
1 0.442448 0.551471 0.021354 0.036765
1 0.471875 0.488051 0.010417 0.027574
0 0.570833 0.610754 0.013542 0.024816
1 0.603385 0.931526 0.021354 0.048713
0 0.827865 0.821232 0.013021 0.017463
1 0.874479 0.965993 0.008333 0.014706
0 0.960156 0.878217 0.078646 0.19761
0 0.496354 0.492647 0.0875 0.204044
0 0.023177 0.150276 0.018229 0.04136
1 0.161458 0.889706 0.01875 0.025735
1 0.336198 0.847426 0.027604 0.020221
1 0.494271 0.741728 0.011458 0.027574
1 0.885417 0.710478 0.014583 0.009191
