1 0.59375 0.007353 0.022917 0.014706
1 0.580208 0.181985 0.014583 0.022059
1 0.611458 0.134651 0.0125 0.019301
1 0.616406 0.158088 0.018229 0.020221
1 0.561458 0.276195 0.010417 0.019301
1 0.540625 0.313879 0.034375 0.078125
1 0.529688 0.33318 0.010417 0.017463
1 0.499479 0.840074 0.010417 0.012868
1 0.51276 0.654412 0.049479 0.082721
1 0.560938 0.076746 0.032292 0.063419
1 0.518229 0.797335 0.03125 0.059743
1 0.530729 0.223805 0.023958 0.046875
1 0.544271 0.373162 0.026042 0.036765
1 0.542188 0.503676 0.01875 0.042279
1 0.53125 0.440717 0.030208 0.04136
1 0.523177 0.581342 0.050521 0.057904
