1 0.648958 0.262868 0.030208 0.036765
1 0.546875 0.285386 0.047917 0.035846
1 0.536198 0.329504 0.032812 0.030331
1 0.528125 0.350184 0.025 0.027574
1 0.510417 0.594669 0.048958 0.079044
1 0.902344 0.374081 0.036979 0.056985
1 0.51849 0.485294 0.067188 0.102941
1 0.243229 0.283548 0.079167 0.120404
1 0.489583 0.011949 0.019792 0.023897
1 0.543229 0.007353 0.027083 0.014706
1 0.541146 0.139706 0.077083 0.097426
1 0.522656 0.397059 0.055729 0.042279
1 0.898698 0.713695 0.029688 0.063419
1 0.522656 0.543199 0.009896 0.014706
1 0.510677 0.545956 0.011979 0.011029
1 0.527083 0.738051 0.025 0.051471
