1 0.323698 0.988971 0.017188 0.022059
1 0.36875 0.589614 0.029167 0.032169
1 0.734635 0.017923 0.033854 0.035846
1 0.5375 0.43796 0.061458 0.116728
1 0.417969 0.950827 0.051562 0.096507
1 0.47526 0.91636 0.040104 0.082721
1 0.434896 0.847886 0.040625 0.070772
1 0.683854 0.037224 0.0375 0.074449
1 0.448958 0.757812 0.033333 0.056066
1 0.383073 0.903033 0.028646 0.063419
1 0.484115 0.653493 0.028646 0.060662
1 0.59401 0.294577 0.025521 0.061581
1 0.65625 0.127757 0.027083 0.053309
1 0.632552 0.184283 0.014062 0.030331
1 0.503125 0.58318 0.010417 0.02114
1 0.494792 0.702206 0.009375 0.016544
