1 0.047656 0.035386 0.013021 0.015625
1 0.034896 0.067555 0.009375 0.022978
1 0.110938 0.106158 0.007292 0.030331
1 0.121615 0.141544 0.007812 0.03125
1 0.152083 0.193934 0.005208 0.03125
1 0.054427 0.511949 0.014062 0.018382
1 0.18151 0.60432 0.018229 0.017463
1 0.286198 0.505055 0.006771 0.035846
1 0.451042 0.375919 0.013542 0.034926
1 0.596615 0.242647 0.025521 0.014706
0 0.751562 0.017004 0.011458 0.034007
1 0.710677 0.384651 0.008854 0.048713
1 0.883594 0.265625 0.007812 0.034926
1 0.963802 0.289982 0.033854 0.02114
1 0.925521 0.337316 0.010417 0.011029
1 0.970312 0.435202 0.020833 0.024816
0 0.276302 0.807445 0.040104 0.11489
0 0.379948 0.649357 0.073438 0.090993
0 0.536979 0.345588 0.048958 0.047794
0 0.456771 0.525735 0.078125 0.034926
0 0.157812 0.992647 0.014583 0.014706
1 0.507292 0.960018 0.020833 0.024816
1 0.856771 0.221507 0.007292 0.016544
1 0.534635 0.120864 0.011979 0.015625
