1 0.345052 0.137408 0.034896 0.063419
1 0.315885 0.525735 0.050521 0.091912
1 0.654167 0.86443 0.025 0.030331
1 0.532812 0.76057 0.029167 0.043199
1 0.51875 0.654412 0.023958 0.033088
1 0.546094 0.613971 0.010938 0.012868
1 0.522135 0.610294 0.022396 0.034926
1 0.540104 0.607077 0.026042 0.032169
1 0.51224 0.464154 0.022396 0.033088
1 0.502083 0.388327 0.019792 0.032169
1 0.516406 0.367188 0.022396 0.037684
1 0.509896 0.342831 0.025 0.03125
1 0.495833 0.338235 0.011458 0.012868
1 0.504687 0.224265 0.029167 0.055147
1 0.49349 0.184283 0.031771 0.061581
1 0.497656 0.121783 0.022396 0.030331
1 0.521875 0.545037 0.026042 0.047794
1 0.558854 0.976103 0.039583 0.045956
1 0.528125 0.408088 0.038542 0.064338
1 0.889844 0.943474 0.009896 0.046875
1 0.547135 0.792739 0.029688 0.046875
1 0.496875 0.068934 0.035417 0.068015
1 0.489844 0.006434 0.019271 0.012868
