1 0.00599 0.417279 0.011979 0.09375
1 0.013021 0.483915 0.026042 0.061581
1 0.008854 0.504136 0.009375 0.015625
1 0.023177 0.551471 0.023438 0.03125
1 0.022917 0.511949 0.014583 0.014706
1 0.051302 0.515165 0.049479 0.068934
1 0.066406 0.325368 0.081771 0.126838
1 0.130469 0.307904 0.079688 0.119485
1 0.086719 0.428309 0.061979 0.115809
1 0.142188 0.414522 0.110417 0.15625
1 0.127865 0.503676 0.009896 0.014706
1 0.153125 0.470588 0.040625 0.058824
1 0.179688 0.473346 0.010417 0.023897
1 0.221094 0.431526 0.008854 0.019301
1 0.161719 0.522978 0.027604 0.051471
1 0.245833 0.498162 0.015625 0.011029
1 0.294531 0.465533 0.009896 0.019301
1 0.303906 0.46875 0.007812 0.018382
1 0.365885 0.514246 0.006771 0.019301
1 0.410677 0.487592 0.013021 0.017463
1 0.642188 0.402114 0.008333 0.015625
1 0.863802 0.403033 0.007812 0.015625
1 0.811198 0.466912 0.009896 0.014706
1 0.93125 0.404871 0.079167 0.142463
1 0.489844 0.378676 0.124479 0.215074
1 0.552344 0.443934 0.069271 0.117647
