1 0.840104 0.973346 0.020833 0.053309
1 0.077083 0.96921 0.069792 0.061581
1 0.53151 0.936121 0.007812 0.02114
1 0.394531 0.934743 0.020312 0.053309
1 0.459896 0.841912 0.009375 0.016544
1 0.421875 0.815717 0.015625 0.026654
1 0.73776 0.801471 0.019271 0.045956
1 0.984375 0.631893 0.013542 0.017463
0 0.826042 0.676471 0.135417 0.181985
1 0.445052 0.542279 0.009896 0.055147
1 0.672656 0.53125 0.030729 0.0625
1 0.866146 0.452665 0.013542 0.02114
1 0.94401 0.434743 0.008854 0.016544
0 0.513542 0.42739 0.115625 0.231618
1 0.806771 0.221048 0.007292 0.019301
1 0.135156 0.201287 0.015104 0.040441
0 0.236979 0.223805 0.141667 0.232537
1 0.082812 0.081342 0.016667 0.02114
1 0.79974 0.039062 0.008854 0.022978
