1 0.159115 0.98989 0.017188 0.020221
1 0.015104 0.9375 0.014583 0.018382
1 0.971615 0.956801 0.056771 0.086397
1 0.160677 0.893842 0.031771 0.035846
1 0.89349 0.933824 0.094271 0.132353
1 0.994271 0.897518 0.011458 0.061581
1 0.00625 0.896599 0.0125 0.07261
1 0.813802 0.897059 0.074479 0.113971
1 0.771354 0.90625 0.0875 0.148897
1 0.636979 0.83364 0.064583 0.084559
1 0.709115 0.84421 0.077604 0.147978
1 0.81276 0.789982 0.077604 0.100184
1 0.585938 0.738971 0.039583 0.108456
1 0.704948 0.725643 0.070312 0.133272
1 0.652604 0.714614 0.065625 0.16636
1 0.546094 0.6875 0.060938 0.121324
1 0.614323 0.679688 0.047396 0.122243
1 0.583594 0.642923 0.031771 0.094669
1 0.954427 0.625919 0.066146 0.068015
1 0.817969 0.630055 0.080729 0.118566
1 0.030208 0.597886 0.060417 0.116728
1 0.659896 0.563879 0.030208 0.059743
1 0.396875 0.605699 0.079167 0.167279
1 0.003646 0.533088 0.007292 0.029412
1 0.68099 0.496783 0.031771 0.04136
1 0.020052 0.507353 0.022396 0.071691
1 0.008073 0.511489 0.016146 0.081801
1 0.478385 0.558824 0.114062 0.202206
1 0.667188 0.466912 0.048958 0.075368
1 0.922396 0.449449 0.0375 0.09375
1 0.889062 0.443934 0.042708 0.104779
1 0.36224 0.485754 0.091146 0.20864
1 0.554948 0.480699 0.127604 0.25
1 0.442188 0.414982 0.116667 0.186581
1 0.580208 0.324449 0.059375 0.075368
1 0.850521 0.361213 0.122917 0.163603
1 0.597135 0.292279 0.023438 0.027574
1 0.652344 0.269761 0.017188 0.030331
1 0.483594 0.289522 0.076562 0.102941
1 0.320052 0.293199 0.070312 0.132353
1 0.565365 0.226562 0.021354 0.045037
1 0.398438 0.211397 0.022917 0.042279
1 0.524479 0.215074 0.027083 0.0625
1 0.873958 0.255515 0.097917 0.161765
1 0.404427 0.248621 0.076562 0.16636
1 0.315365 0.190717 0.033854 0.054228
1 0.27474 0.197151 0.054688 0.105699
1 0.489844 0.19761 0.059896 0.125
1 0.220312 0.096048 0.05625 0.076287
1 0.867708 0.134191 0.085417 0.170956
1 0.731771 0.055147 0.040625 0.071691
1 0.973958 0.068934 0.052083 0.137868
1 0.79974 0.068934 0.110938 0.137868
1 0.666406 0.08318 0.111979 0.16636
1 0.565365 0.063879 0.075521 0.127757
1 0.265625 0.012408 0.023958 0.024816
1 0.129688 0.106158 0.165625 0.212316
