1 0.765625 0.92693 0.010417 0.015625
1 0.364062 0.810662 0.013542 0.018382
1 0.115625 0.839614 0.040625 0.090993
1 0.923177 0.795496 0.030729 0.07261
1 0.351042 0.73989 0.027083 0.049632
1 0.445052 0.55239 0.249479 0.34375
1 0.044271 0.393382 0.075 0.161765
1 0.585417 0.309283 0.135417 0.214154
1 0.835417 0.238971 0.06875 0.134191
1 0.169531 0.248162 0.095312 0.198529
1 0.080208 0.853401 0.044792 0.293199
1 0.920833 0.554228 0.158333 0.318015
1 0.941927 0.201287 0.116146 0.255515
1 0.411458 0.904412 0.046875 0.191176
1 0.900521 0.960938 0.038542 0.078125
1 0.859375 0.97886 0.029167 0.042279
1 0.955469 0.991268 0.023438 0.017463
1 0.996354 0.874081 0.007292 0.03125
1 0.992708 0.992647 0.014583 0.014706
