1 0.177344 0.566176 0.030729 0.044118
1 0.385417 0.919118 0.007292 0.036765
1 0.31875 0.393382 0.0125 0.029412
1 0.217969 0.248162 0.032812 0.064338
1 0.25599 0.227482 0.022396 0.050551
1 0.273177 0.195312 0.008854 0.024816
1 0.290625 0.227941 0.013542 0.03125
1 0.282031 0.275276 0.021354 0.028493
1 0.283333 0.245864 0.025 0.037684
1 0.805729 0.190257 0.016667 0.014706
1 0.896615 0.307445 0.009896 0.015625
1 0.941146 0.323989 0.0125 0.01011
1 0.791667 0.313419 0.007292 0.020221
1 0.713802 0.439338 0.031771 0.055147
1 0.499479 0.429228 0.021875 0.045956
1 0.53125 0.487592 0.025 0.065257
1 0.561198 0.496324 0.033854 0.066176
1 0.552865 0.550551 0.016146 0.034926
1 0.613802 0.59421 0.023438 0.024816
1 0.654948 0.604779 0.054688 0.075368
1 0.691406 0.589614 0.024479 0.028493
1 0.720052 0.624081 0.007812 0.016544
1 0.690365 0.650276 0.018229 0.022978
1 0.703646 0.640625 0.007292 0.022059
1 0.819792 0.663603 0.017708 0.038603
1 0.828385 0.503217 0.014062 0.019301
1 0.779427 0.866728 0.030729 0.042279
1 0.985417 0.799173 0.014583 0.032169
1 0.973438 0.825827 0.023958 0.026654
1 0.976823 0.865349 0.015104 0.02114
0 0.984635 0.851103 0.030729 0.064338
0 0.791146 0.539522 0.095833 0.193015
0 0.445573 0.373621 0.045312 0.22886
0 0.102083 0.211397 0.091667 0.049632
1 0.164583 0.136949 0.026042 0.034926
1 0.883854 0.101562 0.009375 0.015625
