1 0.278125 0.144761 0.034375 0.078125
1 0.450781 0.179688 0.023438 0.063419
1 0.516927 0.519761 0.031771 0.061581
1 0.532031 0.553309 0.027604 0.034926
1 0.529948 0.57261 0.039062 0.034926
1 0.553385 0.59329 0.013021 0.019301
1 0.597396 0.641085 0.038542 0.068934
1 0.623177 0.606158 0.034896 0.074449
1 0.898958 0.959559 0.039583 0.066176
1 0.358333 0.272518 0.019792 0.032169
1 0.397656 0.305147 0.011979 0.034926
1 0.418229 0.346507 0.017708 0.038603
1 0.775781 0.967371 0.026562 0.065257
1 0.684896 0.793199 0.025 0.03125
1 0.059896 0.392004 0.013542 0.028493
1 0.715104 0.877757 0.011458 0.014706
1 0.307292 0.199449 0.0125 0.014706
1 0.343229 0.241728 0.0125 0.016544
