1 0.723698 0.037224 0.027604 0.017463
1 0.754688 0.618107 0.015625 0.01011
1 0.678906 0.784007 0.007812 0.053309
1 0.60599 0.866728 0.027604 0.022059
1 0.404688 0.881434 0.009375 0.058824
1 0.297917 0.982996 0.026042 0.034007
1 0.234115 0.371783 0.023438 0.015625
1 0.23724 0.301471 0.026562 0.025735
1 0.092188 0.424632 0.023958 0.022059
1 0.079688 0.181066 0.159375 0.362132
1 0.027865 0.430147 0.055729 0.139706
1 0.069792 0.517923 0.139583 0.065257
1 0.057031 0.716452 0.114062 0.074449
1 0.504427 0.450368 0.051562 0.125
1 0.48724 0.619945 0.061979 0.142463
1 0.683854 0.857996 0.027083 0.032169
1 0.0375 0.558364 0.010417 0.02114
1 0.053906 0.606618 0.107812 0.038603
1 0.9875 0.46875 0.016667 0.033088
