1 0.417188 0.482996 0.022917 0.04136
1 0.510938 0.557904 0.0375 0.073529
1 0.090365 0.438419 0.018229 0.034926
1 0.114844 0.113971 0.009896 0.033088
1 0.352604 0.228401 0.00625 0.030331
1 0.373438 0.609835 0.007292 0.05239
1 0.471615 0.829044 0.005729 0.034926
1 0.525781 0.70818 0.013021 0.034007
1 0.619792 0.797335 0.004167 0.037684
1 0.653646 0.795037 0.0125 0.018382
1 0.817969 0.971507 0.017188 0.03125
1 0.873958 0.955423 0.0125 0.039522
1 0.907812 0.890625 0.009375 0.036765
1 0.866927 0.772059 0.025521 0.005515
1 0.941667 0.74954 0.025 0.030331
1 0.995573 0.51011 0.008854 0.044118
1 0.996354 0.627298 0.007292 0.028493
1 0.783594 0.558364 0.008854 0.028493
1 0.651302 0.592831 0.014062 0.018382
1 0.645833 0.4375 0.010417 0.029412
1 0.575 0.356158 0.010417 0.019301
1 0.836458 0.419118 0.019792 0.022059
1 0.872396 0.41682 0.005208 0.026654
1 0.705469 0.196691 0.021354 0.009191
1 0.753906 0.175092 0.008854 0.030331
1 0.78151 0.248162 0.022396 0.014706
1 0.791146 0.141544 0.008333 0.038603
1 0.80599 0.056526 0.005729 0.022978
1 0.888281 0.302849 0.006771 0.032169
1 0.940885 0.287224 0.016146 0.02114
1 0.951823 0.213695 0.009896 0.015625
1 0.953646 0.051471 0.008333 0.020221
1 0.934115 0.019761 0.016146 0.032169
1 0.98776 0.02068 0.024479 0.04136
