1 0.159375 0.190717 0.0125 0.024816
1 0.175781 0.59421 0.014062 0.024816
1 0.3 0.109835 0.044792 0.076287
1 0.367188 0.158548 0.025 0.054228
1 0.429427 0.322151 0.022396 0.035846
1 0.576302 0.69761 0.007812 0.020221
1 0.61224 0.645221 0.018229 0.03125
1 0.596615 0.534467 0.007812 0.02114
1 0.594271 0.237592 0.029167 0.037684
1 0.638542 0.12454 0.008333 0.039522
1 0.63724 0.267923 0.014062 0.026654
1 0.776302 0.289982 0.008854 0.015625
1 0.935938 0.147978 0.0125 0.023897
1 0.970312 0.502298 0.048958 0.094669
1 0.926042 0.819393 0.016667 0.034007
1 0.874479 0.859375 0.023958 0.027574
1 0.490885 0.422794 0.061979 0.143382
1 0.639844 0.69761 0.044271 0.108456
1 0.795833 0.806066 0.038542 0.108456
1 0.377083 0.005055 0.019792 0.01011
