1 0.057812 0.792279 0.055208 0.106618
1 0.117708 0.942096 0.015625 0.029412
1 0.227865 0.943474 0.027604 0.039522
1 0.336719 0.952206 0.023438 0.038603
1 0.34349 0.895221 0.011979 0.022059
1 0.379688 0.397978 0.104167 0.178309
1 0.327083 0.442555 0.011458 0.019301
1 0.408594 0.168658 0.015104 0.030331
1 0.199479 0.136489 0.030208 0.050551
1 0.041927 0.015165 0.071354 0.030331
1 0.484375 0.366728 0.016667 0.033088
1 0.450521 0.517004 0.090625 0.149816
1 0.545312 0.588695 0.082292 0.109375
1 0.6375 0.699908 0.092708 0.07261
1 0.713542 0.784007 0.009375 0.023897
1 0.599219 0.883732 0.008854 0.02114
1 0.740104 0.602022 0.019792 0.047794
1 0.753385 0.588235 0.008854 0.018382
1 0.809375 0.526654 0.044792 0.033088
1 0.827344 0.434743 0.019271 0.066176
1 0.866927 0.477941 0.017188 0.036765
1 0.91875 0.710478 0.008333 0.020221
1 0.790104 0.207261 0.019792 0.022978
1 0.942708 0.224724 0.016667 0.02114
1 0.896354 0.059283 0.032292 0.046875
1 0.25026 0.251379 0.025521 0.061581
1 0.239844 0.227941 0.007812 0.027574
1 0.295573 0.217831 0.076562 0.119485
1 0.759115 0.897978 0.064062 0.134191
1 0.482031 0.517463 0.017188 0.051471
1 0.471354 0.559743 0.0375 0.047794
1 0.427604 0.462776 0.03125 0.048713
1 0.568229 0.585018 0.016667 0.035846
1 0.523438 0.584559 0.009375 0.022059
1 0.552344 0.631893 0.014062 0.013787
