1 0.51276 0.02068 0.019271 0.04136
1 0.53776 0.05239 0.036979 0.049632
1 0.489583 0.287684 0.119792 0.209559
1 0.361458 0.11489 0.013542 0.027574
1 0.288021 0.188419 0.061458 0.077206
1 0.603125 0.321691 0.051042 0.036765
1 0.645052 0.067555 0.020312 0.032169
1 0.71276 0.005974 0.018229 0.011949
1 0.758854 0.380974 0.014583 0.024816
1 0.90026 0.500919 0.010938 0.020221
1 0.9375 0.632353 0.010417 0.03125
1 0.838542 0.826287 0.007292 0.03125
1 0.622656 0.75046 0.055729 0.079963
1 0.475521 0.83364 0.051042 0.082721
1 0.498177 0.699908 0.015104 0.028493
1 0.526823 0.693474 0.016146 0.02114
1 0.473698 0.706801 0.007812 0.016544
1 0.438802 0.612592 0.013021 0.024816
1 0.431771 0.594669 0.013542 0.036765
1 0.414062 0.475643 0.027083 0.037684
1 0.341146 0.672335 0.0125 0.028493
1 0.285677 0.78079 0.022396 0.037684
1 0.236719 0.814798 0.007812 0.019301
1 0.191146 0.856158 0.016667 0.037684
1 0.136198 0.803768 0.063021 0.094669
1 0.107031 0.819393 0.015104 0.028493
1 0.114323 0.658548 0.008854 0.024816
1 0.071875 0.596507 0.022917 0.038603
1 0.05625 0.488051 0.013542 0.027574
1 0.120312 0.505974 0.010417 0.02114
1 0.639583 0.90625 0.026042 0.044118
1 0.549479 0.922794 0.016667 0.029412
1 0.400521 0.550551 0.06875 0.108456
1 0.81901 0.671875 0.080729 0.152574
1 0.584896 0.518382 0.063542 0.134191
