1 0.463802 0.411305 0.032812 0.092831
1 0.30651 0.497243 0.006771 0.03125
1 0.153385 0.649816 0.028646 0.03125
1 0.072656 0.584099 0.028646 0.037684
1 0.065625 0.48943 0.023958 0.046875
1 0.078646 0.862592 0.017708 0.022978
1 0.710677 0.186581 0.008854 0.016544
1 0.741146 0.147059 0.016667 0.027574
1 0.772135 0.133732 0.013021 0.039522
1 0.945312 0.18704 0.027083 0.048713
1 0.753646 0.278952 0.020833 0.030331
1 0.735156 0.567096 0.038021 0.045956
1 0.84401 0.714154 0.018229 0.033088
1 0.873958 0.850643 0.023958 0.067096
1 0.957031 0.930607 0.031771 0.035846
1 0.840104 0.897978 0.013542 0.022059
1 0.60651 0.925551 0.015104 0.027574
1 0.51276 0.488051 0.056771 0.071691
1 0.527865 0.584559 0.042188 0.064338
1 0.375521 0.284467 0.034375 0.061581
1 0.611198 0.776654 0.026562 0.101103
1 0.029688 0.026654 0.010417 0.029412
1 0.229948 0.005974 0.009896 0.011949
1 0.255208 0.36489 0.0125 0.014706
1 0.970573 0.621783 0.015104 0.02114
1 0.984115 0.582261 0.008854 0.026654
1 0.829427 0.602482 0.010938 0.013787
1 0.739062 0.184283 0.013542 0.022978
1 0.794531 0.090074 0.007812 0.018382
1 0.863281 0.373162 0.005729 0.038603
