1 0.035938 0.172335 0.036458 0.056066
1 0.080729 0.19807 0.015625 0.019301
1 0.096615 0.219669 0.031771 0.025735
1 0.138802 0.689338 0.030729 0.034926
1 0.330469 0.383732 0.008854 0.019301
1 0.354167 0.388327 0.021875 0.037684
1 0.377604 0.352941 0.021875 0.025735
1 0.447396 0.425092 0.014583 0.057904
1 0.478385 0.474265 0.032812 0.023897
1 0.597135 0.373621 0.011979 0.048713
1 0.763802 0.613511 0.007812 0.034007
1 0.922917 0.407629 0.019792 0.046875
1 0.666667 0.503217 0.061458 0.111213
1 0.577865 0.512408 0.058854 0.068934
1 0.201042 0.283088 0.028125 0.058824
1 0.133594 0.217831 0.022396 0.055147
