1 0.361979 0.068015 0.011458 0.020221
1 0.208594 0.028952 0.035938 0.056066
1 0.01875 0.028493 0.0375 0.049632
1 0.014583 0.052849 0.023958 0.022978
1 0.759375 0.175092 0.039583 0.05239
1 0.933333 0.073529 0.013542 0.027574
1 0.702604 0.373621 0.009375 0.013787
1 0.915104 0.788143 0.016667 0.026654
1 0.217708 0.533548 0.05 0.131434
1 0.122396 0.394301 0.013542 0.022059
1 0.080729 0.342831 0.013542 0.022059
1 0.176823 0.733915 0.011979 0.019301
1 0.177865 0.789522 0.019271 0.036765
1 0.200781 0.795037 0.021354 0.036765
1 0.383333 0.240349 0.120833 0.249081
1 0.458594 0.346048 0.085938 0.144301
1 0.501042 0.523897 0.146875 0.229779
1 0.598438 0.846507 0.121875 0.237132
1 0.221875 0.011029 0.020833 0.018382
