1 0.504948 0.567555 0.038021 0.050551
1 0.884375 0.945312 0.030208 0.045037
1 0.80026 0.783548 0.033854 0.04136
1 0.589062 0.638787 0.032292 0.069853
1 0.654427 0.616268 0.051562 0.074449
1 0.5625 0.609375 0.019792 0.068015
1 0.695833 0.491268 0.04375 0.043199
1 0.438542 0.450368 0.028125 0.040441
1 0.561979 0.39568 0.044792 0.063419
1 0.726042 0.378676 0.027083 0.040441
1 0.870312 0.348805 0.034375 0.054228
1 0.422656 0.196691 0.015104 0.036765
1 0.08099 0.177849 0.022396 0.045037
1 0.180729 0.202206 0.069792 0.104779
1 0.282812 0.14568 0.042708 0.08364
1 0.111458 0.214154 0.007292 0.018382
1 0.23724 0.26011 0.043229 0.088235
1 0.271094 0.320312 0.075521 0.14614
1 0.346094 0.388787 0.071354 0.125
1 0.366667 0.443934 0.039583 0.126838
1 0.398698 0.443474 0.018229 0.063419
1 0.434635 0.48989 0.010938 0.022059
1 0.348958 0.129136 0.015625 0.034007
1 0.370052 0.122243 0.009896 0.022059
1 0.385677 0.069853 0.006771 0.023897
1 0.677083 0.705423 0.033333 0.08364
1 0.651302 0.701746 0.040104 0.087316
1 0.654948 0.78171 0.014062 0.024816
1 0.452604 0.213695 0.011458 0.034007
1 0.497135 0.26011 0.049479 0.091912
1 0.842969 0.891544 0.008854 0.027574
1 0.91901 0.948529 0.032812 0.086397
1 0.941667 0.960018 0.028125 0.070772
1 0.407292 0.540901 0.015625 0.035846
