1 0.258594 0.045496 0.068229 0.090993
1 0.322917 0.354779 0.035417 0.0625
1 0.508594 0.311121 0.020312 0.026654
1 0.45651 0.498621 0.015104 0.032169
1 0.583594 0.505974 0.013021 0.030331
1 0.617708 0.58364 0.021875 0.012868
1 0.519531 0.856618 0.046354 0.075368
1 0.346354 0.713235 0.007292 0.016544
1 0.39375 0.97932 0.01875 0.04136
1 0.225781 0.936121 0.011979 0.026654
1 0.18776 0.95818 0.018229 0.026654
1 0.114844 0.803309 0.017188 0.027574
1 0.004427 0.831342 0.008854 0.019301
1 0.003646 0.466912 0.007292 0.022059
1 0.045573 0.367647 0.014062 0.033088
1 0.177865 0.580423 0.010938 0.024816
1 0.191146 0.61443 0.009375 0.024816
1 0.7375 0.034007 0.010417 0.029412
1 0.748698 0.055147 0.016146 0.023897
1 0.866667 0.131434 0.016667 0.03125
1 0.904688 0.071691 0.0125 0.025735
1 0.953125 0.107537 0.011458 0.016544
1 0.760156 0.405331 0.005729 0.020221
1 0.758854 0.661765 0.0375 0.0625
1 0.833854 0.727941 0.014583 0.020221
1 0.802344 0.699908 0.069271 0.140625
1 0.539323 0.46921 0.051562 0.142463
