1 0.535677 0.449908 0.013021 0.013787
1 0.545052 0.444393 0.020312 0.039522
1 0.558854 0.466912 0.0125 0.03125
1 0.559375 0.501838 0.009375 0.025735
1 0.632552 0.573529 0.009896 0.03125
1 0.634375 0.60386 0.0125 0.023897
1 0.651302 0.624081 0.014062 0.014706
1 0.801042 0.547794 0.009375 0.020221
1 0.784375 0.880974 0.016667 0.011949
1 0.827344 0.224724 0.009896 0.032169
1 0.583854 0.210478 0.011458 0.03125
1 0.551562 0.207261 0.016667 0.02114
1 0.483333 0.133732 0.011458 0.022978
1 0.4125 0.042739 0.020833 0.022978
0 0.208073 0.014246 0.080729 0.028493
0 0.474479 0.403033 0.039583 0.214154
0 0.849479 0.854779 0.079167 0.126838
1 0.475781 0.501379 0.008854 0.024816
1 0.432552 0.033548 0.009896 0.019301
1 0.522135 0.019761 0.017188 0.013787
1 0.519792 0.158548 0.009375 0.013787
1 0.81875 0.159467 0.01875 0.011949
1 0.915365 0.40671 0.011979 0.026654
