1 0.742448 0.980699 0.028646 0.038603
1 0.542188 0.799173 0.013542 0.035846
0 0.974479 0.841912 0.051042 0.134191
1 0.589844 0.748162 0.010938 0.034926
0 0.842708 0.809283 0.077083 0.168199
1 0.494531 0.727941 0.023438 0.029412
1 0.892969 0.700368 0.023438 0.047794
1 0.911198 0.662684 0.033854 0.051471
1 0.871875 0.627757 0.011458 0.044118
1 0.492969 0.603401 0.033854 0.019301
1 0.345052 0.585018 0.022396 0.043199
1 0.270052 0.577206 0.016146 0.036765
0 0.61875 0.647978 0.0875 0.185662
1 0.390365 0.572151 0.021354 0.04136
1 0.473177 0.571232 0.039062 0.094669
1 0.845052 0.534467 0.007812 0.030331
1 0.392969 0.528952 0.023438 0.078125
0 0.329688 0.480239 0.064583 0.107537
0 0.522917 0.502298 0.096875 0.188419
1 0.925521 0.44807 0.076042 0.157169
1 0.713021 0.357996 0.016667 0.01011
1 0.507031 0.362132 0.016146 0.029412
1 0.818229 0.336397 0.008333 0.018382
1 0.805469 0.32307 0.021354 0.026654
1 0.596615 0.311121 0.011979 0.015625
0 0.208333 0.373162 0.096875 0.170956
1 0.604688 0.273438 0.009375 0.048713
1 0.739323 0.305607 0.049479 0.124081
1 0.491406 0.202665 0.022396 0.039522
1 0.726042 0.116268 0.014583 0.015625
1 0.516667 0.117647 0.013542 0.027574
0 0.051302 0.203125 0.102604 0.209559
1 0.150521 0.047794 0.011458 0.029412
1 0.302083 0.046875 0.015625 0.03125
1 0.136719 0.015625 0.006771 0.03125
1 0.057552 0.316176 0.005729 0.033088
1 0.226823 0.526195 0.014062 0.015625
1 0.626823 0.433364 0.026562 0.02114
1 0.71849 0.339614 0.010938 0.011949
