1 0.316406 0.625919 0.028646 0.071691
1 0.314323 0.519761 0.019271 0.035846
1 0.351302 0.567555 0.056771 0.105699
1 0.366406 0.627757 0.043229 0.066176
1 0.416667 0.378676 0.046875 0.066176
1 0.883073 0.278493 0.096354 0.150735
1 0.842969 0.190717 0.028646 0.050551
1 0.884635 0.15671 0.016146 0.017463
1 0.872656 0.182904 0.028646 0.047794
1 0.851823 0.098805 0.036979 0.107537
1 0.902604 0.158088 0.025 0.071691
1 0.934375 0.168658 0.040625 0.098346
1 0.943229 0.199449 0.054167 0.091912
1 0.888542 0.057445 0.034375 0.078125
1 0.086458 0.236213 0.058333 0.095588
1 0.401562 0.005515 0.021875 0.011029
1 0.004688 0.799173 0.009375 0.032169
1 0.017448 0.856158 0.034896 0.046875
1 0.005208 0.917279 0.010417 0.020221
1 0.008854 0.896599 0.017708 0.026654
1 0.83125 0.752298 0.016667 0.034007
1 0.891146 0.876838 0.023958 0.099265
1 0.783333 0.845129 0.017708 0.050551
