1 0.773698 0.986213 0.032812 0.027574
1 0.600781 0.981618 0.019271 0.036765
1 0.264323 0.922794 0.020312 0.056985
1 0.432031 0.893382 0.014062 0.025735
1 0.705729 0.883732 0.00625 0.028493
1 0.351823 0.83364 0.007812 0.023897
1 0.95599 0.831801 0.036979 0.045956
1 0.308594 0.784926 0.018229 0.014706
1 0.469792 0.776195 0.013542 0.024816
1 0.98151 0.757812 0.030729 0.030331
1 0.253646 0.768382 0.013542 0.053309
1 0.305208 0.736673 0.0125 0.030331
1 0.439844 0.722426 0.009896 0.014706
1 0.206771 0.700368 0.01875 0.012868
1 0.663021 0.702206 0.021875 0.045956
1 0.360677 0.641544 0.007812 0.027574
1 0.692448 0.644761 0.015104 0.050551
1 0.357812 0.566176 0.009375 0.025735
1 0.878385 0.527574 0.027604 0.033088
1 0.084896 0.523897 0.015625 0.025735
1 0.173958 0.480239 0.010417 0.034007
1 0.907552 0.457721 0.019271 0.022059
1 0.319271 0.455423 0.021875 0.035846
1 0.51224 0.537684 0.128646 0.292279
1 0.534375 0.394761 0.011458 0.022978
1 0.884375 0.34421 0.013542 0.024816
1 0.767969 0.344669 0.009896 0.027574
1 0.252083 0.321232 0.020833 0.017463
1 0.41901 0.319853 0.008854 0.023897
1 0.146615 0.282169 0.018229 0.038603
1 0.952604 0.229779 0.020833 0.016544
1 0.179688 0.231158 0.01875 0.028493
1 0.807031 0.140625 0.009896 0.022059
1 0.739844 0.13511 0.011979 0.025735
1 0.697656 0.13557 0.025521 0.043199
1 0.681771 0.129136 0.021875 0.07261
1 0.317969 0.053768 0.010938 0.034007
1 0.722135 0.032629 0.049479 0.024816
1 0.976302 0.009651 0.015104 0.019301
1 0.410677 0.07307 0.093229 0.14614
