0 0.014583 0.288143 0.029167 0.07261
1 0.033594 0.285386 0.011979 0.032169
1 0.060938 0.273438 0.014583 0.037684
1 0.079167 0.299632 0.027083 0.040441
1 0.11276 0.320312 0.014062 0.026654
1 0.1625 0.349265 0.023958 0.042279
1 0.177344 0.390165 0.028646 0.030331
1 0.245052 0.407169 0.020312 0.027574
1 0.447917 0.079504 0.014583 0.017463
1 0.352083 0.421415 0.019792 0.024816
1 0.392188 0.461857 0.010417 0.028493
1 0.390104 0.84421 0.010417 0.024816
1 0.491667 0.52114 0.01875 0.023897
1 0.554427 0.533088 0.009896 0.03125
1 0.684375 0.622702 0.021875 0.034007
1 0.704167 0.62454 0.017708 0.017463
1 0.705469 0.660846 0.014062 0.040441
1 0.747656 0.752757 0.020312 0.036765
1 0.832812 0.428309 0.011458 0.020221
1 0.815365 0.665901 0.022396 0.026654
1 0.846094 0.657629 0.013021 0.011949
1 0.902344 0.710018 0.011979 0.04136
1 0.945312 0.807445 0.017708 0.022978
1 0.985417 0.860754 0.015625 0.034007
0 0.897917 0.711857 0.080208 0.184743
0 0.547917 0.477941 0.073958 0.181985
0 0.748698 0.601103 0.060938 0.159926
0 0.667448 0.574449 0.110938 0.042279
0 0.147135 0.348346 0.110938 0.167279
