1 0.973177 0.995864 0.024479 0.008272
1 0.438542 0.976103 0.0125 0.029412
1 0.821094 0.977482 0.010938 0.045037
1 0.768229 0.9375 0.021875 0.047794
1 0.83776 0.919118 0.031771 0.097426
1 0.96224 0.888327 0.047396 0.113051
1 0.869792 0.827665 0.03125 0.039522
1 0.897135 0.903493 0.086979 0.193015
1 0.426042 0.825827 0.008333 0.05239
1 0.223958 0.782169 0.01875 0.049632
1 0.148958 0.709559 0.029167 0.033088
1 0.84974 0.723805 0.024479 0.063419
1 0.453125 0.734375 0.072917 0.095588
1 0.28099 0.716452 0.051562 0.076287
1 0.079427 0.676011 0.014062 0.04136
1 0.172917 0.645221 0.017708 0.023897
1 0.773958 0.573989 0.013542 0.054228
1 0.201823 0.563419 0.014062 0.053309
1 0.242708 0.506893 0.008333 0.059743
1 0.122396 0.482077 0.015625 0.035846
1 0.052865 0.444853 0.020312 0.023897
1 0.395052 0.515165 0.115104 0.184743
1 0.067969 0.432445 0.013021 0.024816
1 0.009115 0.431526 0.018229 0.043199
1 0.909375 0.420037 0.015625 0.027574
1 0.28125 0.39568 0.007292 0.024816
1 0.7125 0.362132 0.046875 0.03125
1 0.99401 0.345129 0.011979 0.011949
1 0.133854 0.355699 0.022917 0.058824
1 0.604167 0.412684 0.10625 0.181985
1 0.370312 0.387408 0.072917 0.13511
1 0.009115 0.331342 0.017188 0.050551
1 0.19349 0.32307 0.020312 0.061581
1 0.417969 0.31296 0.016146 0.045037
1 0.467188 0.292279 0.020833 0.040441
1 0.195052 0.261029 0.015104 0.038603
1 0.210677 0.245864 0.040104 0.019301
1 0.072656 0.271599 0.018229 0.074449
1 0.642969 0.240809 0.010938 0.034926
1 0.094271 0.238511 0.023958 0.061581
1 0.254688 0.214154 0.028125 0.027574
1 0.475 0.204504 0.010417 0.024816
1 0.020312 0.198529 0.040625 0.071691
1 0.118229 0.161765 0.022917 0.027574
1 0.052344 0.177849 0.009896 0.068934
1 0.217188 0.134651 0.014583 0.024816
1 0.374479 0.128217 0.00625 0.024816
1 0.621094 0.113971 0.018229 0.011029
1 0.331771 0.115349 0.026042 0.035846
1 0.424479 0.098805 0.019792 0.017463
1 0.558594 0.103401 0.004688 0.045037
1 0.576042 0.085478 0.027083 0.012868
1 0.776562 0.18704 0.132292 0.247243
1 0.604948 0.069853 0.010938 0.023897
1 0.030208 0.071691 0.017708 0.033088
1 0.973698 0.08318 0.052604 0.065257
1 0.110938 0.055147 0.039583 0.040441
1 0.080208 0.036305 0.023958 0.017463
1 0.610677 0.039982 0.021354 0.026654
1 0.564323 0.028033 0.007812 0.045037
1 0.9875 0.011949 0.020833 0.023897
1 0.698438 0.013787 0.028125 0.027574
1 0.911198 0.586857 0.009896 0.024816
