1 0.32526 0.936121 0.007812 0.026654
1 0.230469 0.744026 0.024479 0.04136
1 0.278125 0.619485 0.017708 0.038603
1 0.694792 0.599265 0.023958 0.034926
1 0.549479 0.526195 0.179167 0.170037
1 0.416927 0.387408 0.031771 0.127757
1 0.780729 0.357996 0.034375 0.081801
1 0.730729 0.366268 0.04375 0.105699
1 0.777083 0.289522 0.014583 0.03125
1 0.473438 0.144301 0.057292 0.047794
1 0.40026 0.096507 0.018229 0.038603
1 0.326302 0.089614 0.017188 0.04136
1 0.203646 0.074908 0.007292 0.019301
1 0.773438 0.079504 0.021875 0.04136
1 0.960938 0.930147 0.078125 0.139706
