1 0.71224 0.899357 0.023438 0.063419
1 0.021354 0.536765 0.042708 0.095588
1 0.471354 0.533088 0.082292 0.152574
1 0.530729 0.455423 0.008333 0.019301
1 0.035677 0.439798 0.016146 0.065257
1 0.492188 0.387868 0.017708 0.033088
1 0.463021 0.359375 0.00625 0.023897
1 0.189062 0.387408 0.072917 0.190257
1 0.152865 0.233456 0.013021 0.027574
1 0.660938 0.119485 0.066667 0.064338
1 0.721354 0.032629 0.013542 0.024816
1 0.960417 0.005515 0.0125 0.011029
1 0.896354 0.039062 0.038542 0.078125
1 0.674219 0.011949 0.010938 0.023897
1 0.107292 0.182904 0.214583 0.365809
1 0.76224 0.711857 0.324479 0.576287
1 0.902604 0.392004 0.194792 0.30239
1 0.955469 0.121324 0.089062 0.242647
1 0.975 0.493107 0.05 0.133272
