1 0.026042 0.970129 0.011458 0.022978
1 0.091927 0.922335 0.015104 0.024816
1 0.128906 0.894301 0.013021 0.023897
1 0.31875 0.841452 0.014583 0.017463
1 0.373698 0.636949 0.011979 0.034926
1 0.955208 0.618566 0.011458 0.022059
1 0.995833 0.485754 0.007292 0.019301
1 0.063021 0.576746 0.070833 0.280331
1 0.059375 0.431985 0.014583 0.022059
1 0.48776 0.378676 0.006771 0.020221
1 0.692969 0.411765 0.055729 0.119485
1 0.115625 0.274816 0.010417 0.020221
1 0.899219 0.285846 0.051562 0.082721
1 0.526042 0.165441 0.010417 0.040441
1 0.256771 0.144301 0.00625 0.020221
1 0.439583 0.427849 0.465625 0.609375
1 0.947135 0.16682 0.058854 0.118566
1 0.967448 0.971048 0.024479 0.057904
1 0.641927 0.935662 0.009896 0.022059
