1 0.994792 0.940257 0.010417 0.033088
1 0.014583 0.827206 0.010417 0.014706
1 0.503906 0.810202 0.005729 0.024816
1 0.517708 0.803309 0.013542 0.023897
1 0.541927 0.810202 0.019271 0.050551
1 0.891667 0.730239 0.028125 0.032169
1 0.778385 0.715533 0.011979 0.024816
1 0.796354 0.707721 0.021875 0.038603
1 0.026302 0.702206 0.032812 0.040441
1 0.085417 0.719669 0.08125 0.099265
1 0.402865 0.639246 0.010938 0.022978
1 0.323177 0.617647 0.011979 0.033088
1 0.841146 0.603401 0.026042 0.048713
1 0.759635 0.575368 0.009896 0.029412
1 0.852865 0.558824 0.004688 0.034926
1 0.893229 0.545496 0.013542 0.035846
1 0.199479 0.585018 0.059375 0.120404
1 0.293229 0.55239 0.017708 0.068015
1 0.315625 0.509651 0.01875 0.050551
1 0.285938 0.494026 0.011458 0.026654
1 0.163281 0.46829 0.013021 0.022978
1 0.873438 0.466452 0.008333 0.019301
1 0.607552 0.461397 0.009896 0.020221
1 0.660938 0.471507 0.021875 0.045956
1 0.081771 0.554228 0.163542 0.25
1 0.45651 0.449449 0.015104 0.053309
1 0.258073 0.501838 0.076562 0.183824
1 0.346094 0.425092 0.014062 0.032169
1 0.33125 0.420956 0.014583 0.03125
1 0.394792 0.434743 0.036458 0.077206
1 0.090104 0.404412 0.035417 0.084559
1 0.879427 0.367647 0.007812 0.045956
1 0.576042 0.351103 0.011458 0.018382
1 0.459375 0.352941 0.010417 0.022059
1 0.571094 0.339614 0.013021 0.013787
1 0.983333 0.348346 0.033333 0.0625
1 0.295833 0.31204 0.027083 0.050551
1 0.673438 0.293658 0.007292 0.022978
1 0.653125 0.28079 0.011458 0.024816
1 0.453906 0.247243 0.017188 0.009191
1 0.838021 0.245864 0.0125 0.032169
1 0.867708 0.244485 0.013542 0.060662
1 0.692708 0.241268 0.005208 0.056066
1 0.648177 0.236213 0.024479 0.056985
1 0.026302 0.235294 0.017188 0.056985
1 0.011719 0.1875 0.006771 0.022059
1 0.591406 0.443015 0.531771 0.540441
1 0.755729 0.176011 0.007292 0.032169
1 0.740625 0.159007 0.009375 0.014706
1 0.778906 0.200827 0.031771 0.118566
1 0.435417 0.25046 0.248958 0.22886
1 0.796875 0.138787 0.009375 0.055147
1 0.589062 0.021599 0.007292 0.026654
1 0.58151 0.012868 0.007812 0.025735
