1 0.310677 0.980239 0.033854 0.028493
1 0.054948 0.741268 0.014062 0.048713
1 0.51276 0.689338 0.025521 0.073529
1 0.466667 0.433824 0.030208 0.025735
1 0.048438 0.918199 0.017708 0.029412
1 0.103125 0.984835 0.017708 0.028493
1 0.15599 0.907169 0.034896 0.027574
1 0.574219 0.991268 0.008854 0.017463
1 0.645833 0.747243 0.009375 0.038603
1 0.691146 0.78079 0.0125 0.032169
1 0.975521 0.893382 0.011458 0.03125
1 0.967969 0.796875 0.008854 0.018382
1 0.778125 0.550551 0.0125 0.023897
1 0.89349 0.596048 0.009896 0.028493
1 0.858594 0.459099 0.021354 0.032169
1 0.923438 0.224265 0.005208 0.023897
1 0.657292 0.395221 0.03125 0.029412
