1 0.042448 0.139246 0.032812 0.028493
1 0.609635 0.539062 0.023438 0.048713
1 0.421354 0.387408 0.021875 0.046875
1 0.260156 0.324449 0.024479 0.042279
1 0.659635 0.578125 0.033854 0.03125
1 0.94375 0.842371 0.017708 0.045037
1 0.72474 0.628676 0.015104 0.051471
1 0.49401 0.492188 0.023438 0.032169
1 0.123958 0.167739 0.033333 0.024816
1 0.675 0.63511 0.027083 0.023897
1 0.832552 0.789522 0.029688 0.022059
1 0.795052 0.690717 0.015104 0.032169
1 0.175781 0.252298 0.010938 0.039522
1 0.077604 0.126838 0.009375 0.044118
