1 0.072396 0.854779 0.010417 0.020221
1 0.067969 0.758272 0.014062 0.022059
1 0.069531 0.564798 0.017188 0.028493
1 0.105208 0.714154 0.010417 0.014706
1 0.125 0.777114 0.008333 0.022978
1 0.160677 0.659467 0.015104 0.026654
1 0.151302 0.620864 0.008854 0.017463
0 0.259635 0.970588 0.033854 0.058824
0 0.292448 0.948529 0.026562 0.102941
0 0.326042 0.984835 0.016667 0.030331
1 0.249479 0.577206 0.016667 0.040441
1 0.282031 0.467831 0.014062 0.027574
1 0.357552 0.597426 0.016146 0.025735
1 0.661979 0.978401 0.023958 0.043199
1 0.92474 0.835938 0.019271 0.030331
1 0.973958 0.129136 0.0125 0.043199
1 0.940625 0.034926 0.038542 0.056985
1 0.432552 0.405331 0.017188 0.023897
1 0.460417 0.179688 0.010417 0.013787
1 0.436198 0.07307 0.009896 0.019301
1 0.459896 0.036765 0.008333 0.020221
1 0.550521 0.01057 0.011458 0.011949
0 0.57474 0.025735 0.036979 0.051471
0 0.342448 0.8125 0.108854 0.147059
0 0.489583 0.457261 0.085417 0.096507
0 0.520573 0.217371 0.091146 0.081801
