1 0.539323 0.949449 0.018229 0.023897
1 0.615885 0.957261 0.046354 0.048713
1 0.23151 0.952206 0.011979 0.095588
1 0.295052 0.748621 0.008854 0.019301
1 0.83125 0.554228 0.011458 0.022059
1 0.314323 0.519301 0.015104 0.025735
1 0.909896 0.485294 0.015625 0.025735
1 0.922656 0.457721 0.010938 0.016544
1 0.634635 0.417279 0.023438 0.049632
0 0.535417 0.478401 0.15625 0.261949
1 0.010417 0.376838 0.020833 0.066176
0 0.367188 0.397978 0.054167 0.172794
1 0.488802 0.241268 0.010938 0.024816
1 0.284635 0.046875 0.020312 0.036765
0 0.326823 0.050551 0.084896 0.101103
