1 0.405729 0.393842 0.030208 0.085478
1 0.288802 0.474724 0.035938 0.034007
1 0.255469 0.388787 0.005729 0.022059
1 0.142448 0.243107 0.020312 0.032169
1 0.446354 0.397518 0.019792 0.019301
1 0.509375 0.435662 0.019792 0.025735
1 0.560938 0.586397 0.010417 0.012868
1 0.601302 0.60386 0.024479 0.042279
1 0.66875 0.680147 0.0375 0.03125
1 0.698177 0.720588 0.018229 0.023897
1 0.747396 0.76011 0.014583 0.022059
1 0.809375 0.555607 0.029167 0.061581
1 0.72526 0.495404 0.016146 0.023897
1 0.85026 0.838695 0.016146 0.081801
1 0.797135 0.757812 0.041146 0.043199
1 0.840885 0.790901 0.032812 0.061581
1 0.746875 0.710478 0.027083 0.053309
1 0.884115 0.886949 0.033854 0.03125
1 0.930729 0.892923 0.038542 0.140625
