1 0.148958 0.912684 0.011458 0.018382
1 0.646875 0.79182 0.026042 0.050551
1 0.780469 0.693934 0.083854 0.148897
1 0.522917 0.625919 0.101042 0.215074
1 0.846875 0.580423 0.146875 0.219669
1 0.329167 0.512408 0.058333 0.102022
1 0.598438 0.56296 0.078125 0.210478
1 0.027083 0.401195 0.026042 0.043199
1 0.070573 0.358915 0.061979 0.113051
1 0.404427 0.28079 0.130729 0.201287
1 0.507292 0.09375 0.13125 0.1875
1 0.234115 0.019761 0.032812 0.039522
1 0.164323 0.110294 0.159896 0.220588
1 0.063802 0.101562 0.127604 0.203125
1 0.880729 0.145221 0.238542 0.290441
1 0.176042 0.918199 0.077083 0.163603
1 0.834375 0.933364 0.155208 0.133272
1 0.713802 0.962316 0.036979 0.075368
