1 0.264844 0.02068 0.033854 0.04136
1 0.35 0.227941 0.0375 0.044118
1 0.372656 0.232077 0.013021 0.050551
1 0.409896 0.402574 0.007292 0.020221
1 0.653125 0.911765 0.033333 0.056985
1 0.740104 0.502757 0.01875 0.027574
1 0.89401 0.448989 0.027604 0.065257
1 0.945573 0.022978 0.022396 0.023897
1 0.449479 0.471967 0.035417 0.054228
1 0.520573 0.563419 0.036979 0.066176
1 0.282031 0.110754 0.050521 0.05239
1 0.548438 0.689338 0.035417 0.088235
1 0.991146 0.788603 0.017708 0.053309
1 0.652344 0.175551 0.015104 0.023897
