1 0.395312 0.22886 0.030208 0.066176
1 0.748177 0.109835 0.008854 0.04136
1 0.870312 0.352941 0.016667 0.020221
1 0.636719 0.267004 0.013021 0.026654
1 0.585677 0.34375 0.011979 0.025735
1 0.560156 0.373162 0.044271 0.060662
1 0.683073 0.505974 0.063021 0.019301
1 0.511719 0.861213 0.038021 0.047794
1 0.640885 0.793199 0.017188 0.036765
1 0.647135 0.880515 0.010938 0.040441
1 0.641667 0.96875 0.03125 0.044118
1 0.810677 0.706801 0.016146 0.084559
1 0.901823 0.790901 0.016146 0.035846
1 0.852083 0.977941 0.052083 0.044118
1 0.225 0.516085 0.076042 0.063419
1 0.521875 0.743566 0.035417 0.082721
