0 0.009896 0.024357 0.019792 0.048713
0 0.276823 0.519301 0.008854 0.018382
0 0.659896 0.357537 0.011458 0.018382
0 0.905208 0.288143 0.009375 0.015625
1 0.332552 0.039522 0.024479 0.079044
1 0.626823 0.03079 0.070312 0.061581
1 0.692708 0.043658 0.059375 0.087316
1 0.738021 0.009191 0.0125 0.018382
1 0.788021 0.14614 0.077083 0.292279
1 0.882031 0.039062 0.021354 0.078125
1 0.933594 0.113051 0.073438 0.226103
1 0.956771 0.427849 0.086458 0.429228
1 0.98724 0.44761 0.025521 0.090074
0 0.093229 0.518842 0.186458 0.758272
0 0.45625 0.494026 0.0875 0.613051
