1 0.358854 0.048254 0.014583 0.096507
1 0.590365 0.234375 0.047396 0.042279
1 0.764062 0.017463 0.017708 0.034926
1 0.806771 0.074908 0.048958 0.074449
1 0.198698 0.721967 0.015104 0.008272
1 0.15651 0.795956 0.024479 0.029412
1 0.378646 0.818015 0.027083 0.077206
1 0.363802 0.873621 0.025521 0.074449
1 0.476042 0.953125 0.038542 0.086397
1 0.586198 0.972886 0.032812 0.04136
1 0.609115 0.935662 0.005729 0.055147
1 0.643229 0.96921 0.008333 0.045037
1 0.629688 0.892463 0.022917 0.108456
1 0.570312 0.719669 0.045833 0.176471
1 0.55651 0.116268 0.123438 0.232537
1 0.551042 0.513787 0.134375 0.246324
1 0.320573 0.522518 0.014062 0.098346
1 0.13724 0.581342 0.011979 0.028493
1 0.38724 0.633272 0.018229 0.016544
1 0.510156 0.705882 0.030729 0.014706
1 0.797917 0.366728 0.016667 0.012868
1 0.965104 0.97886 0.019792 0.011029
1 0.861458 0.982996 0.036458 0.034007
1 0.84349 0.955423 0.018229 0.034007
1 0.679167 0.056066 0.070833 0.069853
