1 0.019271 0.121324 0.013542 0.022059
1 0.023698 0.705423 0.007812 0.022978
1 0.057552 0.982996 0.004688 0.034007
1 0.070833 0.692555 0.011458 0.05239
1 0.073958 0.196232 0.009375 0.026654
1 0.111458 0.056526 0.017708 0.026654
1 0.220833 0.024357 0.013542 0.011949
1 0.424219 0.053768 0.016146 0.017463
1 0.33724 0.121783 0.009896 0.02114
1 0.323438 0.15671 0.008333 0.015625
1 0.346615 0.134191 0.006771 0.022059
1 0.335156 0.537684 0.005729 0.020221
1 0.421615 0.467831 0.018229 0.018382
1 0.469792 0.501838 0.015625 0.020221
1 0.494531 0.414062 0.009896 0.013787
1 0.502865 0.403952 0.022396 0.032169
1 0.483073 0.359375 0.020312 0.016544
1 0.466927 0.365349 0.009896 0.015625
1 0.553906 0.315257 0.008854 0.018382
1 0.453125 0.202665 0.010417 0.026654
1 0.484375 0.210018 0.009375 0.022978
1 0.482292 0.115349 0.015625 0.011949
1 0.782031 0.128217 0.021354 0.011949
1 0.79375 0.268382 0.007292 0.018382
1 0.978385 0.341452 0.018229 0.011949
1 0.925521 0.232077 0.004167 0.032169
1 0.633073 0.477941 0.018229 0.023897
0 0.478385 0.71921 0.021354 0.045037
1 0.440104 0.81204 0.025 0.022978
1 0.613802 0.831801 0.014062 0.014706
1 0.654167 0.742647 0.025 0.034926
1 0.646875 0.664522 0.013542 0.018382
1 0.669271 0.574908 0.009375 0.034007
1 0.744271 0.60432 0.00625 0.028493
1 0.825 0.588695 0.009375 0.02114
1 0.804167 0.633272 0.016667 0.007353
1 0.786458 0.643382 0.008333 0.020221
1 0.845833 0.767463 0.016667 0.011029
1 0.878646 0.804688 0.017708 0.013787
1 0.828125 0.884191 0.015625 0.025735
0 0.588542 0.03125 0.044792 0.0625
0 0.526562 0.490349 0.026042 0.079963
1 0.60651 0.798254 0.015104 0.013787
