1 0.264062 0.990809 0.021875 0.018382
1 0.472917 0.981158 0.008333 0.019301
1 0.061719 0.962316 0.015104 0.023897
1 0.719271 0.925092 0.023958 0.037684
1 0.853125 0.925551 0.020833 0.042279
1 0.419531 0.886489 0.014062 0.028493
1 0.26901 0.892004 0.017188 0.046875
1 0.184896 0.878217 0.025 0.045037
1 0.559635 0.857537 0.009896 0.016544
1 0.145052 0.858915 0.017188 0.028493
1 0.963021 0.805607 0.010417 0.02114
1 0.1625 0.796415 0.0125 0.022978
1 0.00625 0.755974 0.011458 0.017463
1 0.010938 0.657169 0.007292 0.018382
1 0.115625 0.654871 0.019792 0.046875
1 0.184635 0.609835 0.059896 0.07261
1 0.154167 0.602022 0.042708 0.113971
1 0.201302 0.498621 0.011979 0.02114
0 0.813021 0.523897 0.054167 0.176471
0 0.544531 0.485754 0.059896 0.127757
1 0.488542 0.40579 0.0125 0.026654
1 0.58125 0.395221 0.017708 0.029412
0 0.229948 0.442096 0.090104 0.154412
1 0.079688 0.339154 0.028125 0.044118
0 0.89974 0.435662 0.095312 0.283088
1 0.102083 0.289062 0.016667 0.017463
1 0.972917 0.1875 0.011458 0.023897
1 0.941146 0.178309 0.010417 0.025735
1 0.158854 0.165901 0.038542 0.050551
1 0.355208 0.147518 0.021875 0.034007
1 0.283073 0.110754 0.021354 0.056066
1 0.324479 0.057445 0.011458 0.028493
1 0.316146 0.026654 0.0125 0.025735
1 0.246875 0.021599 0.014583 0.032169
1 0.974219 0.007812 0.029688 0.015625
