1 0.911198 0.413603 0.032812 0.045956
1 0.815885 0.50046 0.031771 0.070772
1 0.884115 0.563879 0.022396 0.043199
1 0.554167 0.421875 0.032292 0.060662
1 0.454688 0.480239 0.034375 0.085478
1 0.407552 0.587316 0.063021 0.080882
1 0.25 0.481158 0.075 0.111213
1 0.084375 0.101562 0.032292 0.076287
1 0.913021 0.342371 0.079167 0.124081
1 0.313802 0.350643 0.054688 0.067096
1 0.339062 0.513327 0.019792 0.022978
1 0.36901 0.451746 0.023438 0.043199
1 0.372135 0.496783 0.018229 0.030331
1 0.39401 0.461397 0.043229 0.064338
1 0.508073 0.465533 0.044271 0.089154
1 0.55651 0.560202 0.023438 0.046875
1 0.646615 0.479779 0.053646 0.099265
1 0.66224 0.454504 0.019271 0.032169
1 0.784375 0.576287 0.076042 0.148897
1 0.78151 0.67693 0.075521 0.102022
1 0.264844 0.325368 0.070312 0.104779
