1 0.901302 0.869485 0.023438 0.033088
1 0.941667 0.85432 0.005208 0.028493
1 0.486458 0.626838 0.00625 0.027574
1 0.495052 0.624081 0.009896 0.034926
1 0.471094 0.630974 0.015104 0.067096
1 0.802083 0.613511 0.019792 0.048713
1 0.823438 0.591912 0.00625 0.027574
1 0.791146 0.547794 0.03125 0.095588
1 0.510677 0.527114 0.051562 0.105699
1 0.522396 0.440257 0.011458 0.034926
1 0.545052 0.422335 0.034896 0.059743
1 0.523958 0.404871 0.00625 0.026654
1 0.848177 0.435662 0.101562 0.130515
1 0.501302 0.397978 0.039062 0.075368
1 0.589323 0.276654 0.020312 0.047794
1 0.184115 0.230239 0.046354 0.081801
1 0.023958 0.276654 0.047917 0.216912
1 0.617188 0.124081 0.009375 0.033088
1 0.258073 0.049173 0.051562 0.092831
1 0.499219 0.082261 0.126562 0.164522
1 0.011719 0.95818 0.017188 0.08364
1 0.405729 0.96921 0.048958 0.061581
1 0.996354 0.963235 0.007292 0.044118
1 0.189323 0.39614 0.024479 0.040441
