1 0.047656 0.066176 0.079688 0.132353
1 0.211979 0.211397 0.103125 0.141544
1 0.291667 0.247243 0.072917 0.163603
1 0.491406 0.403033 0.058854 0.162684
1 0.548698 0.5 0.088021 0.143382
1 0.64349 0.597426 0.077604 0.136029
1 0.69974 0.556985 0.038021 0.0625
1 0.678125 0.585478 0.017708 0.016544
1 0.750781 0.671875 0.127604 0.200368
1 0.828125 0.694393 0.063542 0.124081
1 0.922135 0.823529 0.034896 0.097426
1 0.782292 0.862592 0.013542 0.022978
1 0.352865 0.548713 0.015104 0.03125
1 0.270312 0.925551 0.017708 0.027574
1 0.267188 0.974265 0.023958 0.018382
1 0.414062 0.375919 0.013542 0.016544
1 0.855208 0.497702 0.013542 0.032169
1 0.952083 0.272978 0.009375 0.022059
1 0.889323 0.754136 0.013021 0.045037
1 0.163802 0.068015 0.092188 0.121324
1 0.147656 0.14614 0.028646 0.023897
1 0.984375 0.934743 0.03125 0.020221
