1 0.16224 0.183364 0.009896 0.02114
1 0.171354 0.170956 0.0125 0.018382
1 0.174479 0.15671 0.009375 0.013787
1 0.152083 0.099724 0.0375 0.059743
1 0.051302 0.024357 0.011979 0.024816
1 0.109115 0.061121 0.009896 0.015625
1 0.245573 0.029412 0.018229 0.022059
1 0.358333 0.178309 0.03125 0.075368
1 0.263281 0.282629 0.044271 0.078125
1 0.39375 0.299173 0.039583 0.050551
1 0.397656 0.445312 0.023438 0.034007
1 0.38151 0.493566 0.011979 0.016544
1 0.292448 0.41636 0.011979 0.022059
1 0.60599 0.420956 0.018229 0.033088
1 0.630208 0.430147 0.011458 0.014706
1 0.629427 0.55193 0.015104 0.02114
1 0.641146 0.615349 0.013542 0.019301
1 0.691927 0.678309 0.023438 0.038603
1 0.722135 0.592831 0.019271 0.034926
1 0.753385 0.706342 0.030729 0.056066
1 0.779167 0.69807 0.021875 0.034007
1 0.879427 0.736673 0.011979 0.026654
1 0.50026 0.649357 0.009896 0.019301
1 0.471354 0.657169 0.013542 0.033088
1 0.571615 0.84375 0.018229 0.029412
1 0.645312 0.816176 0.019792 0.055147
1 0.801042 0.834099 0.017708 0.035846
1 0.811458 0.340074 0.009375 0.025735
1 0.644792 0.173713 0.019792 0.034926
1 0.589323 0.024357 0.010938 0.026654
1 0.79401 0.042279 0.013021 0.025735
1 0.103385 0.305147 0.009896 0.020221
1 0.01849 0.319393 0.027604 0.043199
1 0.232812 0.234375 0.065625 0.088235
1 0.40651 0.505974 0.034896 0.074449
1 0.441146 0.559283 0.035417 0.063419
1 0.098698 0.026195 0.027604 0.05239
1 0.579948 0.690717 0.025521 0.045037
1 0.835417 0.61489 0.026042 0.044118
1 0.44375 0.378676 0.027083 0.040441
1 0.098958 0.253676 0.022917 0.036765
1 0.323177 0.374081 0.022396 0.029412
1 0.53125 0.693474 0.030208 0.070772
1 0.06224 0.008272 0.013021 0.016544
1 0.0875 0.059283 0.0125 0.013787
1 0.214583 0.006434 0.010417 0.012868
1 0.328125 0.421875 0.009375 0.012868
1 0.347656 0.142004 0.014062 0.037684
1 0.627344 0.860294 0.009896 0.016544
1 0.827604 0.951746 0.008333 0.019301
