1 0.154167 0.484835 0.020833 0.032169
1 0.057812 0.51011 0.0125 0.029412
1 0.114844 0.011029 0.015104 0.022059
1 0.517969 0.021599 0.048438 0.043199
1 0.509635 0.20864 0.008854 0.027574
1 0.544531 0.214614 0.010938 0.024816
1 0.651562 0.196232 0.016667 0.043199
1 0.667448 0.12546 0.010938 0.022978
1 0.728646 0.124081 0.008333 0.060662
1 0.752083 0.070772 0.011458 0.023897
1 0.901562 0.190717 0.054167 0.056066
1 0.922135 0.147059 0.024479 0.044118
1 0.940885 0.056066 0.031771 0.053309
1 0.991146 0.014706 0.017708 0.029412
1 0.979948 0.142923 0.011979 0.028493
1 0.94401 0.240809 0.008854 0.018382
1 0.991927 0.23943 0.011979 0.017463
1 0.991146 0.470588 0.017708 0.077206
1 0.805208 0.345129 0.029167 0.061581
1 0.770052 0.35386 0.017188 0.03125
1 0.669271 0.417279 0.0125 0.025735
1 0.638021 0.426471 0.0125 0.025735
1 0.629167 0.676011 0.067708 0.087316
1 0.845052 0.799632 0.008854 0.022059
1 0.854167 0.838235 0.007292 0.018382
1 0.955208 0.96829 0.013542 0.015625
1 0.550521 0.841912 0.0125 0.022059
1 0.45 0.97886 0.019792 0.042279
1 0.401823 0.915441 0.006771 0.020221
1 0.14349 0.953125 0.013021 0.018382
1 0.08724 0.796415 0.006771 0.019301
1 0.009635 0.992647 0.008854 0.014706
0 0.357292 0.582721 0.054167 0.180147
0 0.45599 0.480699 0.133854 0.284926
0 0.636979 0.540441 0.063542 0.163603
0 0.098177 0.591912 0.041146 0.145221
