1 0.625521 0.878676 0.029167 0.060662
1 0.602083 0.828125 0.021875 0.064338
1 0.690365 0.774357 0.036979 0.067096
1 0.549219 0.587316 0.046354 0.075368
1 0.632292 0.482537 0.030208 0.066176
1 0.436198 0.446232 0.054688 0.100184
1 0.322656 0.203125 0.034896 0.068015
1 0.295312 0.140625 0.038542 0.071691
1 0.279948 0.063419 0.040104 0.049632
1 0.377344 0.042739 0.025521 0.050551
1 0.267969 0.017004 0.056771 0.034007
1 0.576042 0.727022 0.04375 0.102941
1 0.96875 0.10386 0.0625 0.207721
1 0.691667 0.942096 0.101042 0.115809
