1 0.515104 0.748162 0.005208 0.027574
1 0.513802 0.700368 0.060938 0.077206
1 0.467969 0.674632 0.110938 0.174632
1 0.859115 0.515165 0.038021 0.124081
1 0.5 0.507353 0.089583 0.180147
1 0.596354 0.561581 0.147917 0.336397
1 0.486198 0.374081 0.011979 0.034926
1 0.592188 0.373621 0.141667 0.182904
1 0.475781 0.323529 0.167188 0.275735
1 0.016146 0.230699 0.032292 0.101103
1 0.509896 0.131434 0.145833 0.169118
1 0.402344 0.014246 0.027604 0.028493
1 0.959115 0.039062 0.033854 0.078125
1 0.979688 0.184743 0.040625 0.088235
1 0.991667 0.282629 0.016667 0.035846
1 0.994531 0.254136 0.010938 0.02114
