1 0.046875 0.685202 0.019792 0.032169
1 0.134375 0.433364 0.036458 0.081801
1 0.176042 0.597426 0.023958 0.073529
1 0.240885 0.76011 0.020312 0.009191
1 0.241927 0.775276 0.021354 0.019301
1 0.25 0.788143 0.025 0.019301
1 0.224479 0.809743 0.0125 0.025735
1 0.285938 0.8125 0.030208 0.080882
1 0.396354 0.909467 0.047917 0.046875
1 0.453385 0.949908 0.018229 0.048713
1 0.476562 0.902114 0.036458 0.087316
1 0.513021 0.903033 0.029167 0.05239
1 0.670052 0.907169 0.053646 0.102941
1 0.391667 0.471967 0.023958 0.039522
1 0.361979 0.443934 0.029167 0.056985
1 0.38724 0.418658 0.030729 0.05239
1 0.401562 0.392004 0.023958 0.04136
1 0.641927 0.560202 0.010938 0.019301
1 0.567708 0.393842 0.021875 0.045037
1 0.603125 0.322151 0.05 0.08364
1 0.613802 0.28079 0.013021 0.030331
1 0.592448 0.20864 0.052604 0.091912
1 0.728906 0.163143 0.056771 0.074449
1 0.106771 0.610754 0.096875 0.153493
1 0.798698 0.35432 0.029688 0.039522
1 0.216667 0.772978 0.016667 0.036765
