1 0.114323 0.147978 0.019271 0.044118
1 0.2875 0.047335 0.005208 0.030331
1 0.353385 0.202665 0.009896 0.039522
1 0.370573 0.186581 0.014062 0.060662
1 0.378646 0.202206 0.007292 0.027574
1 0.390104 0.223346 0.020833 0.014706
1 0.409375 0.209099 0.008333 0.028493
1 0.433073 0.306066 0.019271 0.025735
1 0.41875 0.399357 0.025 0.01011
1 0.464583 0.518842 0.013542 0.019301
1 0.501823 0.532169 0.010938 0.016544
1 0.530729 0.559283 0.023958 0.045037
1 0.672917 0.772518 0.026042 0.063419
1 0.714323 0.806985 0.028646 0.049632
1 0.88776 0.755055 0.016146 0.015625
1 0.902083 0.673713 0.009375 0.027574
1 0.465625 0.252298 0.045833 0.096507
1 0.653385 0.742647 0.026562 0.033088
