1 0.434635 0.636029 0.072396 0.101103
1 0.442969 0.676471 0.014062 0.033088
1 0.428906 0.585938 0.034896 0.057904
1 0.489844 0.460938 0.026562 0.04136
1 0.448698 0.380055 0.029688 0.056066
1 0.481771 0.289522 0.017708 0.022059
1 0.434375 0.081801 0.017708 0.025735
1 0.524479 0.029412 0.015625 0.027574
1 0.507292 0.006434 0.014583 0.012868
1 0.54401 0.014246 0.023438 0.028493
1 0.692969 0.341452 0.025521 0.034007
1 0.763281 0.196232 0.023438 0.039522
1 0.760677 0.516085 0.017188 0.032169
1 0.565365 0.748621 0.010938 0.026654
1 0.490625 0.337776 0.036458 0.035846
1 0.417188 0.723805 0.025 0.070772
1 0.156771 0.106618 0.008333 0.016544
1 0.054427 0.388787 0.022396 0.029412
1 0.478125 0.196691 0.041667 0.080882
1 0.474219 0.012868 0.011979 0.025735
