1 0.369531 0.949449 0.031771 0.066176
1 0.378646 0.917739 0.013542 0.039522
1 0.364583 0.798713 0.00625 0.020221
1 0.4 0.758272 0.053125 0.086397
1 0.064323 0.721507 0.017188 0.018382
1 0.508073 0.6875 0.008854 0.020221
1 0.410677 0.692096 0.008854 0.053309
1 0.0125 0.602022 0.025 0.084559
1 0.714844 0.554228 0.014062 0.022059
1 0.494531 0.59329 0.110938 0.201287
1 0.445052 0.411305 0.006771 0.026654
1 0.505729 0.329504 0.053125 0.149816
1 0.311719 0.112592 0.060938 0.068934
1 0.664062 0.069853 0.021875 0.023897
1 0.421615 0.026195 0.036979 0.05239
