1 0.682292 0.953125 0.013542 0.027574
1 0.107552 0.886029 0.034896 0.064338
1 0.010156 0.85386 0.015104 0.022059
1 0.236198 0.83318 0.007812 0.019301
1 0.431771 0.779412 0.008333 0.023897
1 0.516927 0.710478 0.017188 0.011029
1 0.689062 0.571232 0.053125 0.100184
1 0.391667 0.507812 0.015625 0.022978
1 0.35026 0.505974 0.039062 0.065257
1 0.339323 0.456342 0.060938 0.105699
1 0.671615 0.407169 0.029688 0.079044
1 0.46875 0.425092 0.0875 0.129596
1 0.223958 0.513787 0.178125 0.34375
1 0.113542 0.342371 0.014583 0.013787
1 0.360156 0.380055 0.042188 0.098346
1 0.70599 0.371324 0.046354 0.091912
1 0.534375 0.28079 0.021875 0.024816
1 0.338542 0.273438 0.016667 0.017463
1 0.567448 0.258732 0.033854 0.05239
1 0.63724 0.231158 0.017188 0.024816
1 0.032292 0.212316 0.064583 0.112132
1 0.466146 0.191176 0.048958 0.079044
1 0.040104 0.150276 0.015625 0.035846
1 0.458854 0.129136 0.007292 0.02114
1 0.40625 0.15579 0.030208 0.094669
1 0.168229 0.096507 0.011458 0.012868
1 0.695052 0.113971 0.011979 0.016544
1 0.9625 0.852941 0.0125 0.014706
