0 0.43151 0.321691 0.101562 0.204044
0 0.846875 0.772518 0.117708 0.238051
0 0.958594 0.950827 0.081771 0.096507
0 0.301302 0.199908 0.070312 0.159007
0 0.57526 0.579044 0.042188 0.045956
0 0.566667 0.607996 0.047917 0.039522
1 0.203125 0.960018 0.020833 0.026654
1 0.413281 0.830423 0.007812 0.035846
1 0.43125 0.85386 0.010417 0.027574
1 0.288802 0.309283 0.011979 0.024816
1 0.352865 0.060202 0.016146 0.035846
1 0.446875 0.50046 0.009375 0.030331
1 0.633073 0.680147 0.013021 0.034926
1 0.645573 0.680147 0.010938 0.023897
1 0.669792 0.732077 0.01875 0.030331
1 0.723958 0.767004 0.009375 0.017463
1 0.756771 0.832721 0.013542 0.034926
1 0.785938 0.811121 0.00625 0.02114
