1 0.113021 0.043199 0.01875 0.023897
1 0.115104 0.226103 0.014583 0.027574
1 0.099219 0.567555 0.011979 0.02114
1 0.028646 0.698989 0.00625 0.022978
1 0.248698 0.953585 0.006771 0.030331
1 0.336458 0.959559 0.0125 0.014706
1 0.361979 0.962316 0.020833 0.012868
1 0.436979 0.915441 0.009375 0.018382
1 0.372135 0.704044 0.015104 0.020221
1 0.201562 0.713235 0.010417 0.016544
1 0.219792 0.683824 0.009375 0.029412
1 0.228646 0.696691 0.007292 0.016544
1 0.313021 0.619485 0.015625 0.014706
1 0.23776 0.509651 0.010938 0.019301
1 0.432031 0.456342 0.005729 0.048713
1 0.415365 0.428768 0.009896 0.015625
1 0.278646 0.023438 0.021875 0.046875
1 0.16875 0.078125 0.016667 0.009191
1 0.54974 0.040901 0.006771 0.043199
1 0.552865 0.509191 0.008854 0.029412
1 0.5375 0.570312 0.017708 0.04136
1 0.569531 0.551011 0.009896 0.045037
1 0.747656 0.311581 0.010938 0.036765
1 0.945833 0.295037 0.010417 0.022059
1 0.973177 0.497243 0.018229 0.027574
1 0.782812 0.453125 0.028125 0.033088
1 0.68151 0.756893 0.018229 0.01011
1 0.684375 0.903033 0.009375 0.02114
1 0.839323 0.642923 0.011979 0.017463
1 0.81875 0.88511 0.005208 0.025735
1 0.92474 0.78171 0.004688 0.032169
0 0.504167 0.380055 0.064583 0.078125
0 0.483073 0.637408 0.047396 0.081801
1 0.590885 0.267923 0.008854 0.04136
1 0.866146 0.990809 0.022917 0.009191
