1 0.848177 0.862592 0.038021 0.079963
1 0.477344 0.849724 0.110938 0.204963
1 0.721094 0.761949 0.120312 0.229779
1 0.888542 0.700368 0.133333 0.209559
1 0.404167 0.665901 0.125 0.221507
1 0.857552 0.605699 0.057812 0.125
1 0.580469 0.555147 0.074479 0.106618
1 0.947917 0.573989 0.098958 0.173713
1 0.805208 0.523438 0.110417 0.159007
1 0.654427 0.46829 0.006771 0.048713
1 0.425521 0.456801 0.098958 0.191176
1 0.174219 0.392004 0.081771 0.131434
1 0.811979 0.403493 0.095833 0.15625
1 0.647396 0.435662 0.133333 0.226103
1 0.746354 0.381893 0.064583 0.131434
1 0.521354 0.292279 0.021875 0.044118
1 0.605208 0.355699 0.119792 0.213235
1 0.434896 0.318934 0.09375 0.139706
1 0.139323 0.296415 0.077604 0.147978
1 0.441146 0.221048 0.067708 0.096507
1 0.73125 0.200368 0.067708 0.137868
1 0.307812 0.154871 0.06875 0.111213
1 0.659896 0.14568 0.113542 0.214154
1 0.579688 0.028493 0.057292 0.056985
1 0.332552 0.063419 0.117188 0.126838
1 0.21901 0.045496 0.101562 0.090993
1 0.38151 0.190257 0.018229 0.03125
1 0.790365 0.669118 0.021354 0.03125
1 0.023177 0.045496 0.046354 0.090993
1 0.13776 0.071232 0.109896 0.142463
1 0.420833 0.017004 0.016667 0.034007
1 0.970573 0.051011 0.058854 0.102022
1 0.9875 0.693015 0.025 0.036765
1 0.985417 0.827206 0.029167 0.055147
1 0.140365 0.940257 0.129688 0.119485
1 0.965625 0.923254 0.06875 0.153493
