1 0.615104 0.554228 0.013542 0.029412
1 0.624479 0.577665 0.017708 0.01011
1 0.735677 0.621324 0.011979 0.025735
1 0.746354 0.62546 0.007292 0.037684
1 0.405469 0.440717 0.018229 0.024816
1 0.155729 0.330882 0.0125 0.025735
1 0.684635 0.613971 0.014062 0.022059
1 0.7625 0.639246 0.010417 0.034007
1 0.669792 0.589614 0.020833 0.015625
1 0.790365 0.6875 0.014062 0.018382
1 0.427344 0.444393 0.009896 0.028493
1 0.23151 0.409007 0.011979 0.020221
1 0.264062 0.425092 0.016667 0.015625
1 0.08151 0.282169 0.014062 0.016544
1 0.489062 0.53171 0.013542 0.017463
1 0.866406 0.772518 0.018229 0.013787
1 0.823698 0.672335 0.008854 0.022978
1 0.689323 0.638327 0.013021 0.011949
1 0.140104 0.35432 0.005208 0.028493
1 0.989062 0.801011 0.011458 0.028493
