1 0.116146 0.355699 0.102083 0.202206
1 0.2125 0.423713 0.075 0.222426
1 0.241406 0.408548 0.020312 0.011949
1 0.254688 0.486213 0.020833 0.023897
1 0.352083 0.482537 0.00625 0.034926
1 0.37526 0.412684 0.018229 0.058824
1 0.495052 0.459559 0.013021 0.022059
1 0.533073 0.482996 0.007812 0.037684
1 0.565885 0.504136 0.026562 0.01011
1 0.038802 0.394761 0.018229 0.019301
1 0.136719 0.472886 0.008854 0.026654
1 0.145573 0.50046 0.015104 0.019301
1 0.227865 0.451746 0.021354 0.015625
1 0.267448 0.399357 0.025521 0.046875
1 0.289323 0.403033 0.010938 0.039522
1 0.299479 0.39614 0.01875 0.047794
1 0.421875 0.429688 0.011458 0.015625
1 0.576302 0.449908 0.007812 0.054228
1 0.592708 0.409926 0.013542 0.020221
1 0.595833 0.429688 0.020833 0.011949
1 0.6125 0.424173 0.014583 0.04136
1 0.620833 0.396599 0.016667 0.034007
1 0.629688 0.384651 0.017708 0.019301
1 0.701302 0.342831 0.140104 0.261029
1 0.744792 0.423254 0.025 0.046875
1 0.7 0.419118 0.019792 0.018382
1 0.742448 0.403493 0.009896 0.027574
1 0.748177 0.397518 0.011979 0.043199
1 0.746615 0.459559 0.015104 0.018382
1 0.766927 0.428768 0.018229 0.046875
1 0.759375 0.390625 0.029167 0.038603
1 0.763542 0.363051 0.028125 0.049632
1 0.775521 0.358915 0.004167 0.034007
1 0.789062 0.377757 0.013542 0.012868
1 0.804427 0.392004 0.017188 0.01011
1 0.824219 0.394761 0.013021 0.034007
1 0.45026 0.438419 0.114062 0.264706
1 0.182292 0.993566 0.013542 0.012868
1 0.895312 0.354779 0.032292 0.033088
1 0.919792 0.370404 0.01875 0.038603
1 0.932812 0.368107 0.010417 0.015625
1 0.954688 0.376379 0.04375 0.043199
