1 0.03776 0.940717 0.005729 0.02114
1 0.866927 0.675092 0.009896 0.024816
1 0.873958 0.676471 0.004167 0.029412
1 0.150521 0.670956 0.00625 0.051471
1 0.142448 0.619945 0.007812 0.037684
1 0.120312 0.586857 0.014583 0.01011
1 0.865365 0.534467 0.014062 0.022978
1 0.852344 0.528952 0.016146 0.022978
1 0.829688 0.511489 0.0125 0.02114
1 0.81875 0.495404 0.010417 0.038603
1 0.652344 0.449908 0.009896 0.022978
1 0.144531 0.472886 0.046354 0.089154
1 0.93151 0.384651 0.006771 0.019301
1 0.932292 0.516085 0.135417 0.324449
1 0.863802 0.370404 0.013021 0.033088
1 0.919271 0.381434 0.023958 0.075368
1 0.644792 0.341452 0.007292 0.019301
1 0.063542 0.494945 0.127083 0.339154
1 0.133854 0.339614 0.00625 0.034007
1 0.414062 0.491728 0.213542 0.352941
1 0.835156 0.321232 0.019271 0.045037
1 0.663281 0.338235 0.030729 0.099265
1 0.88099 0.301011 0.008854 0.035846
1 0.651562 0.262868 0.019792 0.025735
1 0.865104 0.264706 0.029167 0.042279
1 0.31849 0.266085 0.008854 0.054228
1 0.673698 0.256434 0.016146 0.036765
1 0.944792 0.289982 0.034375 0.11489
1 0.309375 0.244485 0.004167 0.033088
1 0.75599 0.4375 0.263021 0.488971
1 0.09401 0.147518 0.009896 0.039522
1 0.099219 0.102482 0.006771 0.017463
1 0.080729 0.102022 0.009375 0.033088
1 0.111719 0.111213 0.017188 0.055147
1 0.336979 0.136949 0.022917 0.079044
1 0.53776 0.825368 0.027604 0.069853
