1 0.417188 0.722426 0.010417 0.022059
1 0.591406 0.513327 0.010938 0.028493
1 0.624219 0.512868 0.020312 0.022059
1 0.597396 0.244945 0.020833 0.028493
1 0.630729 0.179228 0.014583 0.012868
1 0.727083 0.316176 0.035417 0.044118
1 0.653385 0.378676 0.006771 0.020221
1 0.750521 0.276195 0.013542 0.026654
1 0.804427 0.279871 0.046354 0.085478
0 0.822135 0.30193 0.009896 0.02114
1 0.839583 0.213235 0.0375 0.055147
1 0.872396 0.111213 0.007292 0.018382
0 0.491406 0.480699 0.107812 0.202206
0 0.630469 0.346967 0.086979 0.065257
0 0.266146 0.785386 0.085417 0.19761
0 0.167448 0.985754 0.008854 0.028493
1 0.992969 0.556066 0.014062 0.016544
1 0.955729 0.87454 0.010417 0.054228
