1 0.577344 0.741728 0.074479 0.180147
1 0.534375 0.669118 0.0125 0.090074
1 0.692448 0.777114 0.109896 0.105699
1 0.0125 0.579504 0.025 0.081801
1 0.035156 0.617188 0.024479 0.035846
1 0.008594 0.627298 0.017188 0.056066
1 0.010677 0.676011 0.021354 0.019301
1 0.629167 0.814798 0.046875 0.120404
1 0.689583 0.668658 0.040625 0.111213
1 0.796875 0.763327 0.044792 0.10386
1 0.422656 0.70864 0.080729 0.132353
1 0.108594 0.586857 0.046354 0.204963
1 0.286458 0.589154 0.047917 0.169118
1 0.53125 0.77114 0.052083 0.071691
1 0.177344 0.671415 0.016146 0.184743
1 0.084635 0.699449 0.124479 0.080882
