1 0.211458 0.952665 0.016667 0.034007
1 0.033333 0.608456 0.008333 0.018382
1 0.914844 0.602941 0.011979 0.016544
1 0.456771 0.525735 0.014583 0.029412
1 0.135156 0.628217 0.057812 0.234375
1 0.123177 0.502298 0.022396 0.032169
1 0.447135 0.498621 0.018229 0.030331
1 0.733333 0.398897 0.089583 0.090074
1 0.16875 0.344669 0.016667 0.033088
1 0.73099 0.34329 0.022396 0.035846
1 0.288281 0.33318 0.027604 0.089154
1 0.934635 0.252298 0.055729 0.098346
1 0.299479 0.1875 0.013542 0.029412
1 0.567188 0.180147 0.020833 0.055147
1 0.504167 0.442555 0.477083 0.624081
1 0.952865 0.126838 0.094271 0.137868
1 0.023958 0.948529 0.047917 0.102941
1 0.176823 0.978401 0.017188 0.043199
1 0.261198 0.022978 0.033854 0.045956
1 0.29974 0.012868 0.024479 0.025735
1 0.336719 0.022518 0.047396 0.045037
1 0.949479 0.262408 0.007292 0.017463
1 0.908333 0.267004 0.014583 0.02114
1 0.714583 0.456801 0.009375 0.016544
1 0.894271 0.565717 0.007292 0.019301
1 0.396094 0.86489 0.013021 0.022059
