1 0.027865 0.359835 0.047396 0.085478
1 0.130469 0.502757 0.018229 0.023897
1 0.064062 0.587316 0.011458 0.025735
1 0.091146 0.625919 0.0125 0.022059
1 0.149479 0.762408 0.029167 0.05239
1 0.195312 0.867188 0.040625 0.039522
1 0.526042 0.532629 0.053125 0.10386
1 0.395573 0.820312 0.024479 0.024816
1 0.470312 0.905331 0.040625 0.042279
1 0.059896 0.323529 0.022917 0.040441
1 0.071875 0.303309 0.009375 0.023897
1 0.33125 0.953125 0.032292 0.016544
1 0.214583 0.965993 0.026042 0.068015
1 0.196354 0.93704 0.015625 0.024816
1 0.064583 0.865349 0.032292 0.032169
1 0.048698 0.81296 0.097396 0.159007
1 0.007552 0.786305 0.015104 0.024816
1 0.013542 0.898438 0.027083 0.054228
1 0.041927 0.954044 0.083854 0.091912
1 0.690885 0.952665 0.074479 0.094669
1 0.451823 0.204963 0.052604 0.108456
1 0.461979 0.272518 0.033333 0.076287
1 0.554948 0.668658 0.034896 0.061581
1 0.913281 0.014706 0.018229 0.029412
