1 0.01276 0.209559 0.011979 0.023897
1 0.168229 0.261489 0.011458 0.024816
1 0.385156 0.244945 0.011979 0.02114
1 0.205208 0.56204 0.032292 0.048713
1 0.686719 0.459559 0.013021 0.023897
1 0.591406 0.576287 0.025521 0.045956
1 0.672396 0.58318 0.020833 0.068934
1 0.873958 0.42693 0.021875 0.039522
1 0.830469 0.584559 0.028646 0.040441
1 0.706771 0.758732 0.014583 0.05239
1 0.861458 0.782629 0.013542 0.019301
1 0.352604 0.856158 0.022917 0.030331
1 0.008854 0.740349 0.017708 0.019301
0 0.539062 0.546415 0.122917 0.247243
0 0.361458 0.517004 0.097917 0.186581
0 0.86901 0.636029 0.102604 0.147059
0 0.155729 0.505055 0.061458 0.217831
1 0.933854 0.935662 0.009375 0.020221
