1 0.007031 0.130974 0.014062 0.030331
1 0.117448 0.125 0.021354 0.038603
1 0.105729 0.043199 0.013542 0.03125
1 0.17474 0.095129 0.013021 0.045037
1 0.188802 0.019761 0.017188 0.039522
1 0.2125 0.142004 0.014583 0.061581
1 0.182552 0.188419 0.024479 0.033088
1 0.034375 0.34375 0.022917 0.040441
1 0.027344 0.532629 0.013021 0.030331
1 0.14401 0.672794 0.019271 0.068015
1 0.085417 0.879136 0.014583 0.045037
1 0.007552 0.816636 0.015104 0.028493
1 0.309115 0.645221 0.013021 0.020221
1 0.338542 0.399357 0.030208 0.046875
1 0.357812 0.339154 0.025 0.034926
1 0.305469 0.068934 0.034896 0.073529
1 0.417969 0.139706 0.038021 0.047794
1 0.554427 0.574908 0.009896 0.019301
1 0.51901 0.597426 0.014062 0.036765
1 0.415625 0.721048 0.010417 0.019301
1 0.406771 0.738511 0.004167 0.034007
1 0.716927 0.474265 0.018229 0.042279
1 0.710417 0.361213 0.0125 0.027574
1 0.740625 0.318934 0.019792 0.027574
1 0.765885 0.230699 0.023438 0.047794
1 0.7625 0.200827 0.007292 0.019301
1 0.945312 0.233456 0.008333 0.034926
1 0.834896 0.538603 0.025 0.047794
1 0.907031 0.845129 0.007812 0.037684
1 0.877083 0.907169 0.01875 0.012868
1 0.803906 0.842831 0.011979 0.023897
1 0.701562 0.732077 0.010417 0.028493
1 0.705469 0.515625 0.011979 0.023897
1 0.461979 0.986673 0.020833 0.015625
1 0.710677 0.051471 0.010938 0.064338
1 0.711458 0.159467 0.005208 0.026654
1 0.96276 0.036765 0.011979 0.073529
1 0.896615 0.081801 0.013021 0.020221
1 0.789844 0.060662 0.008854 0.020221
1 0.569792 0.553768 0.019792 0.081801
1 0.417188 0.47886 0.0625 0.082721
