1 0.157552 0.428768 0.005729 0.026654
1 0.177865 0.46875 0.008854 0.036765
1 0.415104 0.662224 0.017708 0.028493
1 0.446615 0.716452 0.008854 0.026654
1 0.557031 0.717371 0.009896 0.02114
1 0.58125 0.710938 0.017708 0.02114
0 0.518229 0.682445 0.067708 0.13511
1 0.610938 0.731618 0.014583 0.014706
1 0.642448 0.737592 0.009896 0.02114
1 0.678125 0.785846 0.020833 0.025735
1 0.669792 0.775735 0.01875 0.027574
1 0.729167 0.829044 0.03125 0.053309
1 0.76224 0.879596 0.009896 0.027574
1 0.844792 0.871324 0.017708 0.022059
1 0.850521 0.903493 0.019792 0.038603
1 0.983594 0.981158 0.010938 0.022978
0 0.461979 0.693015 0.014583 0.084559
0 0.648958 0.676471 0.085417 0.073529
0 0.763802 0.793199 0.059896 0.099265
0 0.88151 0.891085 0.050521 0.092831
0 0.201042 0.414982 0.048958 0.125919
0 0.11224 0.363051 0.072396 0.056985
0 0.345573 0.544577 0.075521 0.070772
0 0.960417 0.941636 0.079167 0.116728
1 0.20651 0.568934 0.007812 0.033088
1 0.5125 0.982537 0.025 0.034926
1 0.294792 0.501838 0.020833 0.018382
1 0.326302 0.48989 0.007812 0.018382
1 0.384375 0.557904 0.008333 0.034926
1 0.980208 0.707261 0.013542 0.028493
1 0.970312 0.972886 0.010417 0.015625
1 0.994792 0.984375 0.009375 0.03125
1 0.917188 0.934283 0.013542 0.013787
1 0.915104 0.949908 0.0125 0.015625
