1 0.726042 0.938879 0.028125 0.017463
1 0.008333 0.922794 0.016667 0.042279
1 0.967188 0.925092 0.034375 0.063419
1 0.315365 0.912224 0.015104 0.037684
0 0.053906 0.882812 0.107812 0.111213
1 0.374219 0.820772 0.016146 0.018382
1 0.033073 0.831801 0.028646 0.044118
1 0.910156 0.796415 0.030729 0.032169
1 0.428906 0.783548 0.017188 0.019301
1 0.356771 0.701746 0.015625 0.024816
1 0.124479 0.697151 0.007292 0.024816
1 0.083073 0.505515 0.016146 0.023897
1 0.103646 0.494026 0.027083 0.045037
1 0.277865 0.482996 0.013021 0.04136
1 0.011979 0.480239 0.023958 0.050551
1 0.555469 0.44761 0.022396 0.060662
1 0.98099 0.40625 0.032812 0.016544
1 0.098177 0.348805 0.020312 0.07261
1 0.477344 0.287684 0.023438 0.049632
0 0.491667 0.436581 0.196875 0.386029
0 0.993229 0.255515 0.013542 0.044118
1 0.915885 0.197151 0.011979 0.034007
0 0.954167 0.163143 0.091667 0.102022
0 0.976042 0.02114 0.047917 0.042279
1 0.335156 0.009191 0.015104 0.018382
1 0.903646 0.337776 0.007292 0.026654
