0 0.566667 0.310202 0.146875 0.19761
0 0.638802 0.027114 0.022396 0.054228
1 0.540625 0.425092 0.01875 0.026654
1 0.461198 0.625 0.014062 0.029412
0 0.435156 0.66682 0.010938 0.019301
0 0.352604 0.873621 0.108333 0.116728
1 0.386198 0.920956 0.009896 0.027574
1 0.20599 0.59375 0.040104 0.056985
1 0.046875 0.545956 0.023958 0.009191
1 0.038802 0.164062 0.024479 0.013787
1 0.167969 0.143842 0.021354 0.037684
1 0.848177 0.759191 0.017188 0.036765
1 0.938542 0.399357 0.016667 0.019301
1 0.940885 0.272518 0.011979 0.045037
1 0.970573 0.808824 0.021354 0.045956
1 0.932552 0.844669 0.029688 0.029412
1 0.958333 0.889246 0.028125 0.019301
1 0.963802 0.950827 0.018229 0.035846
1 0.146615 0.119026 0.008854 0.02114
1 0.108333 0.920956 0.0125 0.022059
1 0.117969 0.514246 0.016146 0.01011
1 0.320833 0.963235 0.010417 0.014706
1 0.591406 0.176011 0.013021 0.02114
1 0.620573 0.176011 0.011979 0.032169
1 0.69349 0.211857 0.011979 0.019301
1 0.7625 0.162224 0.015625 0.011949
1 0.827083 0.902114 0.014583 0.030331
1 0.5125 0.39568 0.010417 0.02114
1 0.551823 0.336857 0.015104 0.019301
