1 0.507292 0.648438 0.035417 0.056066
1 0.409375 0.407629 0.036458 0.07261
1 0.067448 0.356158 0.017188 0.015625
1 0.315104 0.007353 0.046875 0.014706
1 0.259635 0.499081 0.019271 0.022059
1 0.303906 0.481618 0.007812 0.033088
1 0.621354 0.782169 0.011458 0.029412
1 0.631771 0.632353 0.016667 0.011029
1 0.81875 0.586857 0.017708 0.019301
1 0.958854 0.671415 0.021875 0.008272
1 0.452604 0.330423 0.007292 0.032169
1 0.539583 0.013787 0.021875 0.023897
1 0.613802 0.019301 0.017188 0.009191
1 0.736458 0.140625 0.011458 0.016544
1 0.83724 0.141085 0.005729 0.035846
1 0.809896 0.262408 0.007292 0.030331
