1 0.113021 0.683824 0.082292 0.126838
1 0.190625 0.663603 0.123958 0.25
1 0.508594 0.588695 0.159896 0.293199
1 0.335156 0.302849 0.019271 0.028493
1 0.389062 0.296415 0.036458 0.140625
1 0.208854 0.275276 0.067708 0.111213
1 0.234375 0.188879 0.1 0.14614
1 0.482292 0.224265 0.184375 0.373162
1 0.657031 0.066176 0.050521 0.108456
1 0.579688 0.867188 0.201042 0.265625
1 0.327865 0.103401 0.218229 0.206801
1 0.055729 0.008732 0.028125 0.017463
1 0.178906 0.03125 0.047396 0.0625
1 0.460677 0.008272 0.030729 0.016544
1 0.5 0.015165 0.027083 0.030331
1 0.004688 0.571691 0.009375 0.038603
1 0.055469 0.986673 0.059896 0.026654
1 0.088021 0.990809 0.014583 0.018382
1 0.16224 0.941176 0.033854 0.117647
1 0.420312 0.960938 0.03125 0.078125
1 0.463021 0.974265 0.029167 0.051471
