1 0.122656 0.793658 0.015104 0.063419
1 0.075781 0.618107 0.006771 0.045037
1 0.03125 0.267463 0.017708 0.023897
1 0.148438 0.623162 0.029167 0.060662
1 0.159896 0.545956 0.030208 0.060662
1 0.176562 0.54182 0.020833 0.026654
1 0.222656 0.48943 0.019271 0.02114
1 0.148958 0.34329 0.039583 0.022978
1 0.11901 0.350184 0.010938 0.020221
1 0.186719 0.086397 0.008854 0.018382
1 0.282812 0.278033 0.011458 0.017463
1 0.390365 0.292739 0.026562 0.030331
1 0.409635 0.119945 0.017188 0.048713
1 0.323438 0.142004 0.019792 0.01011
1 0.730729 0.102482 0.134375 0.204963
1 0.805729 0.904871 0.035417 0.057904
1 0.932552 0.893842 0.013021 0.01011
1 0.902083 0.83318 0.028125 0.024816
1 0.292188 0.789982 0.148958 0.352022
1 0.542448 0.38557 0.142188 0.36489
1 0.45651 0.553768 0.161979 0.309743
1 0.207812 0.838695 0.023958 0.032169
1 0.239062 0.006893 0.011458 0.013787
1 0.326823 0.048713 0.054688 0.045956
1 0.315365 0.079044 0.036979 0.077206
1 0.23151 0.445312 0.010938 0.015625
1 0.325781 0.502757 0.011979 0.020221
1 0.340365 0.463695 0.006771 0.019301
1 0.048438 0.973346 0.010417 0.038603
1 0.034115 0.991268 0.016146 0.017463
1 0.083594 0.966452 0.013021 0.065257
1 0.172656 0.943015 0.058854 0.113971
1 0.223177 0.949908 0.077604 0.100184
1 0.293229 0.980699 0.027083 0.025735
1 0.491667 0.210018 0.016667 0.046875
1 0.654167 0.028033 0.028125 0.034007
1 0.638542 0.57261 0.015625 0.034926
1 0.835156 0.063879 0.015104 0.034007
1 0.911198 0.005974 0.011979 0.011949
1 0.920312 0.033088 0.0125 0.058824
1 0.864583 0.331342 0.013542 0.028493
1 0.992708 0.456342 0.014583 0.013787
1 0.938802 0.6875 0.009896 0.014706
1 0.858594 0.965533 0.038021 0.061581
1 0.911979 0.96875 0.027083 0.0625
