0 0.577604 0.529412 0.059375 0.123162
0 0.657552 0.028033 0.070312 0.056066
0 0.540104 0.678768 0.023958 0.070772
1 0.147135 0.07261 0.022396 0.077206
1 0.156771 0.073989 0.021875 0.022978
1 0.122656 0.182445 0.020312 0.116728
1 0.119531 0.271599 0.030729 0.019301
1 0.161719 0.424173 0.048438 0.015625
1 0.161979 0.470588 0.029167 0.036765
1 0.136719 0.627298 0.027604 0.081801
1 0.147396 0.721048 0.05 0.019301
1 0.06276 0.800551 0.011979 0.014706
1 0.067969 0.971507 0.014062 0.044118
1 0.171094 0.761489 0.029688 0.017463
