0 0.536458 0.642923 0.072917 0.056066
0 0.039062 0.071691 0.041667 0.033088
0 0.019531 0.097426 0.036979 0.047794
1 0.045052 0.153033 0.009896 0.017463
1 0.099479 0.182904 0.013542 0.023897
1 0.13125 0.243566 0.0125 0.023897
1 0.19375 0.294118 0.009375 0.018382
1 0.219531 0.362592 0.007812 0.030331
1 0.433333 0.595129 0.0125 0.024816
1 0.545573 0.617188 0.026562 0.032169
1 0.53125 0.674632 0.014583 0.020221
1 0.670052 0.973805 0.010938 0.013787
1 0.49375 0.97932 0.017708 0.01011
0 0.277083 0.261949 0.077083 0.209559
0 0.439062 0.440717 0.119792 0.168199
0 0.711979 0.935202 0.020833 0.120404
1 0.007812 0.028033 0.010417 0.019301
