1 0.972917 0.971507 0.020833 0.038603
1 0.65625 0.928309 0.01875 0.011029
1 0.880729 0.922335 0.019792 0.019301
1 0.839062 0.905331 0.009375 0.022059
1 0.700781 0.876379 0.016146 0.028493
1 0.947396 0.809283 0.010417 0.034007
1 0.640365 0.789982 0.028646 0.076287
1 0.540104 0.745864 0.013542 0.011949
1 0.495312 0.702206 0.007292 0.029412
1 0.688281 0.670956 0.013021 0.016544
1 0.752344 0.662684 0.015104 0.014706
1 0.785156 0.643382 0.010938 0.014706
1 0.090885 0.61489 0.014062 0.027574
1 0.805729 0.611213 0.009375 0.023897
1 0.928125 0.585938 0.00625 0.034007
1 0.472135 0.573989 0.013021 0.028493
1 0.59349 0.56296 0.023438 0.008272
1 0.334635 0.546415 0.009896 0.022978
1 0.476562 0.546415 0.01875 0.030331
1 0.551823 0.537684 0.010938 0.014706
1 0.155208 0.545496 0.021875 0.046875
1 0.163802 0.504596 0.017188 0.064338
1 0.283594 0.477482 0.011979 0.026654
1 0.595312 0.456342 0.015625 0.015625
1 0.538802 0.435202 0.008854 0.022978
1 0.46276 0.419118 0.020312 0.023897
1 0.673698 0.420956 0.008854 0.040441
1 0.799479 0.391544 0.013542 0.020221
1 0.898177 0.391544 0.006771 0.029412
1 0.641667 0.345588 0.0125 0.020221
1 0.245052 0.279412 0.011979 0.012868
1 0.988021 0.198529 0.021875 0.027574
1 0.156771 0.443474 0.017708 0.019301
1 0.416667 0.061581 0.009375 0.023897
