1 0.047656 0.730699 0.021354 0.029412
1 0.123438 0.609835 0.00625 0.043199
1 0.13776 0.306066 0.008854 0.016544
1 0.059635 0.200368 0.005729 0.025735
1 0.20625 0.048713 0.009375 0.042279
1 0.242708 0.10432 0.014583 0.028493
1 0.213281 0.536765 0.013021 0.018382
1 0.251823 0.535846 0.017188 0.034926
1 0.415365 0.608915 0.039062 0.017463
1 0.541146 0.061121 0.029167 0.015625
1 0.733073 0.039522 0.021354 0.016544
1 0.783333 0.047794 0.008333 0.029412
0 0.651562 0.432904 0.016667 0.034926
1 0.694531 0.488511 0.019271 0.028493
1 0.441406 0.872702 0.008854 0.022978
1 0.469271 0.851103 0.014583 0.018382
1 0.472656 0.982077 0.016146 0.008272
1 0.822135 0.840533 0.008854 0.017463
1 0.822656 0.974724 0.011979 0.015625
1 0.874219 0.869945 0.023438 0.05239
0 0.173438 0.963695 0.048958 0.070772
0 0.819271 0.277114 0.03125 0.065257
0 0.927865 0.113971 0.026562 0.066176
0 0.507812 0.5625 0.019792 0.036765
1 0.068229 0.386949 0.0125 0.018382
1 0.13125 0.383272 0.0125 0.022059
