1 0.535938 0.443015 0.029167 0.049632
1 0.578646 0.397978 0.035417 0.0625
1 0.033594 0.988971 0.017188 0.022059
1 0.061719 0.993107 0.025521 0.013787
1 0.103125 0.96875 0.021875 0.018382
1 0.116406 0.931526 0.039062 0.076287
1 0.331771 0.762408 0.01875 0.028493
1 0.732031 0.257812 0.010938 0.019301
1 0.560156 0.054228 0.023438 0.025735
1 0.81875 0.181985 0.013542 0.023897
1 0.884375 0.116728 0.011458 0.016544
1 0.757812 0.169118 0.055208 0.086397
1 0.43125 0.509651 0.04375 0.070772
1 0.327604 0.697151 0.040625 0.063419
1 0.482552 0.5 0.029688 0.073529
1 0.614323 0.357077 0.015104 0.026654
1 0.660677 0.30239 0.023438 0.0625
1 0.395052 0.626379 0.029688 0.10386
1 0.23151 0.798254 0.022396 0.046875
1 0.183333 0.82261 0.04375 0.056985
1 0.961979 0.073529 0.03125 0.049632
1 0.183854 0.892923 0.019792 0.035846
1 0.922135 0.115809 0.029688 0.056985
