1 0.066667 0.537224 0.021875 0.043199
1 0.111719 0.530331 0.021354 0.060662
1 0.428385 0.483915 0.094271 0.070772
1 0.602604 0.39614 0.115625 0.134191
1 0.771615 0.534926 0.041146 0.077206
1 0.426042 0.356618 0.126042 0.165441
1 0.871094 0.438419 0.127604 0.145221
1 0.329948 0.507812 0.074479 0.149816
1 0.61276 0.565717 0.129688 0.203125
1 0.702344 0.556526 0.090104 0.193934
1 0.695052 0.4375 0.034896 0.080882
1 0.188281 0.534926 0.107812 0.196691
1 0.265885 0.543199 0.057812 0.097426
1 0.020833 0.486213 0.041667 0.051471
1 0.975521 0.392004 0.048958 0.022978
1 0.979948 0.348346 0.040104 0.055147
