0 0.486979 0.423713 0.125 0.34375
1 0.557292 0.584099 0.064583 0.192096
1 0.858073 0.525276 0.013021 0.067096
1 0.935156 0.778952 0.035938 0.035846
1 0.158073 0.681526 0.031771 0.043199
1 0.034115 0.581342 0.024479 0.043199
0 0.470312 0.295956 0.065625 0.099265
0 0.616406 0.954044 0.031771 0.090074
0 0.392188 0.122702 0.048958 0.173713
1 0.051823 0.130974 0.014062 0.011949
1 0.241667 0.347886 0.00625 0.035846
1 0.394531 0.078125 0.009896 0.018382
1 0.439062 0.278493 0.016667 0.044118
1 0.298177 0.922335 0.007812 0.024816
1 0.566146 0.838235 0.020833 0.03125
1 0.641927 0.956342 0.016146 0.026654
1 0.577344 0.70864 0.013021 0.029412
1 0.790625 0.500919 0.009375 0.016544
1 0.815625 0.505055 0.013542 0.022978
1 0.789844 0.673254 0.020312 0.01011
1 0.484635 0.582721 0.010938 0.018382
