1 0.872396 0.846048 0.025 0.043199
1 0.875781 0.879136 0.023438 0.04136
1 0.884375 0.919577 0.022917 0.039522
1 0.915365 0.919577 0.010938 0.024816
1 0.911198 0.68796 0.013021 0.028493
1 0.690104 0.631434 0.011458 0.029412
1 0.633073 0.453585 0.054688 0.057904
1 0.530469 0.237132 0.033854 0.044118
1 0.580469 0.235754 0.007812 0.019301
1 0.728646 0.304688 0.0125 0.032169
1 0.822656 0.438879 0.029688 0.048713
1 0.913281 0.402574 0.016146 0.029412
1 0.836719 0.272059 0.013021 0.025735
1 0.73125 0.096967 0.017708 0.037684
1 0.701823 0.113511 0.006771 0.019301
0 0.961719 0.170956 0.076562 0.198529
1 0.989323 0.060662 0.021354 0.056985
0 0.310417 0.113971 0.126042 0.139706
1 0.314323 0.320312 0.008854 0.017463
1 0.104427 0.301471 0.007812 0.020221
1 0.026302 0.43704 0.021354 0.046875
1 0.154427 0.505055 0.025521 0.037684
1 0.229167 0.568015 0.0125 0.025735
1 0.253385 0.598346 0.011979 0.029412
1 0.294531 0.622702 0.009896 0.02114
1 0.35599 0.704963 0.021354 0.051471
1 0.292448 0.744026 0.010938 0.017463
1 0.403906 0.902574 0.014062 0.029412
1 0.460677 0.920037 0.008854 0.022059
1 0.236458 0.943934 0.017708 0.033088
1 0.216406 0.988051 0.015104 0.023897
1 0.415625 0.598805 0.013542 0.028493
0 0.509115 0.784926 0.075521 0.086397
0 0.439062 0.502757 0.1 0.130515
1 0.372917 0.988511 0.026042 0.022978
