1 0.022396 0.928768 0.0125 0.02114
1 0.227865 0.78125 0.010938 0.023897
1 0.153646 0.869945 0.172917 0.203125
1 0.660417 0.742647 0.01875 0.044118
1 0.377604 0.554228 0.00625 0.022059
1 0.801042 0.580423 0.045833 0.092831
1 0.186198 0.524357 0.022396 0.046875
1 0.814844 0.513787 0.015104 0.03125
1 0.748438 0.543658 0.034375 0.113051
1 0.536198 0.547335 0.192188 0.193934
1 0.258333 0.446691 0.015625 0.042279
1 0.860156 0.310662 0.020312 0.044118
1 0.536719 0.286305 0.013021 0.015625
1 0.447917 0.329963 0.030208 0.137868
1 0.011458 0.246324 0.022917 0.102941
1 0.55651 0.145221 0.053646 0.060662
1 0.5 0.042739 0.01875 0.037684
