1 0.490365 0.422794 0.021354 0.033088
1 0.538542 0.83364 0.021875 0.044118
1 0.630208 0.643382 0.025 0.040441
1 0.641927 0.683364 0.048438 0.067096
1 0.792708 0.867647 0.019792 0.042279
1 0.826042 0.859835 0.044792 0.065257
1 0.752344 0.842831 0.041146 0.082721
1 0.319792 0.251379 0.03125 0.065257
1 0.638542 0.524816 0.025 0.077206
1 0.29401 0.221507 0.030729 0.049632
1 0.299219 0.160846 0.021354 0.040441
1 0.61224 0.569853 0.019271 0.033088
1 0.866146 0.960018 0.033333 0.048713
1 0.411719 0.388327 0.018229 0.037684
1 0.523438 0.539522 0.015625 0.027574
1 0.705208 0.796875 0.033333 0.058824
1 0.377344 0.330423 0.039062 0.068934
1 0.525781 0.41636 0.020312 0.053309
1 0.351562 0.830882 0.01875 0.020221
