1 0.229688 0.372243 0.151042 0.288603
1 0.060156 0.046415 0.066146 0.092831
1 0.127344 0.346048 0.051562 0.081801
1 0.020052 0.394301 0.040104 0.086397
1 0.623177 0.193934 0.121354 0.176471
1 0.845833 0.352022 0.061458 0.091912
1 0.255729 0.68704 0.071875 0.096507
0 0.195052 0.898438 0.049479 0.153493
1 0.153125 0.715074 0.040625 0.040441
1 0.009635 0.139706 0.019271 0.042279
1 0.005469 0.32307 0.010938 0.059743
0 0.007812 0.925092 0.015625 0.109375
1 0.120573 0.97886 0.064062 0.042279
0 0.297396 0.877298 0.103125 0.08364
0 0.377604 0.908088 0.01875 0.040441
1 0.370052 0.857537 0.133854 0.255515
1 0.319531 0.695312 0.050521 0.181066
1 0.453125 0.724265 0.108333 0.238971
0 0.736458 0.82307 0.05 0.192096
1 0.717448 0.172794 0.038021 0.084559
1 0.751302 0.094669 0.032812 0.095588
1 0.864062 0.04182 0.084375 0.08364
1 0.91875 0.029412 0.036458 0.058824
1 0.88776 0.085478 0.068229 0.132353
1 0.895833 0.186121 0.09375 0.118566
1 0.966406 0.039522 0.047396 0.079044
1 0.98776 0.023897 0.024479 0.047794
1 0.898177 0.300551 0.057812 0.088235
1 0.339323 0.230239 0.107812 0.168199
1 0.442708 0.204963 0.19375 0.319853
1 0.513542 0.315717 0.089583 0.151654
0 0.628646 0.86489 0.136458 0.270221
1 0.167448 0.160846 0.131771 0.229779
1 0.629948 0.472426 0.166146 0.301471
1 0.416927 0.580882 0.129688 0.240809
1 0.351823 0.089154 0.068229 0.158088
