1 0.53151 0.427849 0.047396 0.149816
1 0.657292 0.162224 0.04375 0.076287
1 0.38151 0.07307 0.015104 0.030331
1 0.371875 0.134651 0.01875 0.037684
1 0.343229 0.169118 0.015625 0.036765
1 0.659896 0.534007 0.017708 0.073529
1 0.752865 0.51011 0.020312 0.025735
1 0.861719 0.550551 0.013021 0.014706
1 0.613281 0.78125 0.019271 0.033088
0 0.440104 0.475184 0.111458 0.169118
0 0.689583 0.043199 0.044792 0.086397
1 0.339583 0.68796 0.023958 0.019301
1 0.296094 0.877298 0.011979 0.02114
1 0.48724 0.992188 0.024479 0.015625
1 0.939844 0.962316 0.015104 0.036765
1 0.646094 0.712316 0.011979 0.018382
1 0.629948 0.159467 0.007812 0.017463
