1 0.034115 0.963695 0.029688 0.034007
1 0.175781 0.863971 0.056771 0.045956
1 0.219792 0.810662 0.023958 0.088235
1 0.389844 0.830423 0.063021 0.028493
1 0.483073 0.977022 0.014062 0.027574
1 0.552083 0.118566 0.029167 0.055147
1 0.736198 0.450827 0.019271 0.045037
1 0.877604 0.621324 0.039583 0.055147
1 0.779948 0.787684 0.016146 0.045956
1 0.777344 0.944393 0.019271 0.035846
1 0.865885 0.782169 0.113021 0.082721
1 0.988802 0.830423 0.017188 0.039522
0 0.239583 0.089614 0.116667 0.179228
0 0.872917 0.90625 0.090625 0.161765
0 0.72526 0.647978 0.113021 0.163603
0 0.526042 0.504136 0.0625 0.089154
1 0.299479 0.022059 0.025 0.027574
0 0.100521 0.009191 0.045833 0.018382
0 0.044531 0.007353 0.026562 0.014706
1 0.320312 0.960018 0.030208 0.039522
1 0.62474 0.351562 0.009896 0.017463
