1 0.44375 0.518382 0.042708 0.03125
1 0.416927 0.826746 0.071354 0.085478
1 0.433333 0.621324 0.06875 0.102941
1 0.433073 0.44807 0.044271 0.037684
1 0.459635 0.342371 0.045312 0.059743
1 0.466406 0.017923 0.029688 0.035846
1 0.450781 0.238511 0.043229 0.057904
1 0.466667 0.056985 0.019792 0.020221
1 0.48099 0.07307 0.023438 0.02114
1 0.427083 0.288143 0.020833 0.022978
1 0.663802 0.292279 0.022396 0.027574
1 0.414323 0.728401 0.036979 0.035846
1 0.433073 0.747243 0.033854 0.044118
1 0.39375 0.869026 0.0375 0.050551
1 0.388542 0.950368 0.01875 0.025735
1 0.569792 0.709559 0.015625 0.023897
1 0.442969 0.40625 0.029688 0.022059
1 0.46901 0.105699 0.017188 0.036765
