1 0.086979 0.53171 0.008333 0.024816
1 0.091667 0.174632 0.005208 0.029412
1 0.228646 0.373621 0.057292 0.043199
1 0.260417 0.371783 0.00625 0.022978
1 0.270052 0.338235 0.016146 0.009191
1 0.289323 0.334559 0.016146 0.014706
1 0.322396 0.328585 0.011458 0.013787
1 0.317708 0.367647 0.0125 0.012868
1 0.326823 0.396599 0.008854 0.030331
1 0.397917 0.375 0.022917 0.014706
1 0.40026 0.400276 0.009896 0.015625
1 0.564844 0.43704 0.015104 0.011949
1 0.590625 0.40625 0.00625 0.023897
1 0.805469 0.334559 0.010938 0.014706
1 0.514323 0.940717 0.017188 0.035846
1 0.43724 0.431985 0.051562 0.147059
1 0.377604 0.369485 0.010417 0.040441
1 0.741146 0.36443 0.007292 0.048713
1 0.005729 0.390165 0.011458 0.04136
1 0.026562 0.388327 0.017708 0.022978
1 0.022917 0.410386 0.010417 0.015625
1 0.202344 0.449449 0.114062 0.071691
1 0.198958 0.424173 0.007292 0.019301
1 0.661719 0.323989 0.009896 0.02114
