1 0.079688 0.06296 0.072917 0.10386
1 0.044271 0.212776 0.01875 0.032169
1 0.034635 0.505974 0.021354 0.057904
1 0.085156 0.269301 0.008854 0.047794
1 0.109896 0.196232 0.021875 0.039522
1 0.144792 0.212776 0.03125 0.035846
1 0.232812 0.039522 0.019792 0.03125
1 0.276042 0.050092 0.011458 0.032169
1 0.30599 0.037224 0.019271 0.037684
1 0.354427 0.07307 0.005729 0.022978
1 0.450521 0.147978 0.016667 0.038603
1 0.566927 0.102482 0.018229 0.019301
1 0.56849 0.128676 0.023438 0.03125
1 0.660156 0.193934 0.010938 0.023897
1 0.139062 0.908088 0.016667 0.036765
1 0.138281 0.820312 0.006771 0.046875
1 0.123177 0.920037 0.014062 0.014706
1 0.15 0.682904 0.014583 0.058824
1 0.177083 0.56296 0.011458 0.045037
1 0.227344 0.52114 0.020312 0.009191
1 0.198177 0.443015 0.017188 0.049632
1 0.267708 0.40579 0.035417 0.015625
1 0.282031 0.741728 0.016146 0.009191
1 0.368229 0.712316 0.025 0.042279
1 0.342448 0.545956 0.031771 0.044118
1 0.3875 0.368566 0.020833 0.042279
1 0.442188 0.40625 0.020833 0.097426
1 0.522135 0.428309 0.046354 0.088235
1 0.517448 0.482996 0.043229 0.087316
1 0.508073 0.556066 0.032812 0.053309
1 0.516146 0.608456 0.0125 0.014706
1 0.589844 0.457721 0.045312 0.060662
1 0.658333 0.393842 0.015625 0.030331
1 0.66901 0.444393 0.059896 0.059743
1 0.572656 0.616728 0.053646 0.119485
1 0.650521 0.714154 0.009375 0.014706
1 0.60651 0.899357 0.019271 0.019301
1 0.658594 0.88511 0.009896 0.027574
1 0.770312 0.600184 0.013542 0.033088
1 0.784375 0.705882 0.020833 0.055147
1 0.872396 0.703585 0.022917 0.032169
1 0.927604 0.811581 0.015625 0.014706
1 0.88724 0.800551 0.019271 0.033088
1 0.848438 0.963235 0.014583 0.038603
1 0.846354 0.891544 0.030208 0.03125
1 0.772917 0.857077 0.009375 0.019301
1 0.797917 0.838235 0.014583 0.023897
1 0.763021 0.810662 0.040625 0.079044
1 0.870312 0.973805 0.020833 0.05239
1 0.039323 0.981158 0.025521 0.037684
1 0.064583 0.983915 0.023958 0.032169
1 0.870312 0.070312 0.009375 0.024816
1 0.180729 0.639706 0.021875 0.034926
