1 0.84349 0.414982 0.023438 0.034007
1 0.690365 0.22932 0.020312 0.026654
1 0.597656 0.225643 0.015104 0.02114
1 0.632552 0.293199 0.027604 0.029412
1 0.563021 0.357537 0.015625 0.016544
1 0.611198 0.853401 0.029688 0.059743
1 0.402083 0.613511 0.019792 0.039522
1 0.328385 0.444393 0.020312 0.039522
1 0.314583 0.714614 0.0125 0.019301
1 0.247656 0.845129 0.109896 0.173713
1 0.21875 0.930147 0.023958 0.025735
1 0.740885 0.136489 0.068229 0.102022
1 0.353906 0.670956 0.042188 0.102941
1 0.361719 0.37546 0.055729 0.113051
1 0.626042 0.211857 0.0375 0.061581
1 0.510417 0.467831 0.052083 0.106618
1 0.671875 0.271599 0.039583 0.065257
1 0.829427 0.011949 0.060938 0.023897
1 0.801823 0.072151 0.045312 0.078125
1 0.349479 0.774357 0.030208 0.070772
1 0.48099 0.517923 0.055729 0.098346
1 0.097656 0.589154 0.007812 0.053309
1 0.606771 0.089154 0.011458 0.012868
1 0.792969 0.03079 0.017188 0.030331
1 0.81849 0.089154 0.011979 0.027574
1 0.513542 0.440257 0.0125 0.051471
