1 0.028125 0.282169 0.05625 0.121324
1 0.122135 0.505055 0.018229 0.030331
1 0.283073 0.267463 0.015104 0.022059
1 0.334375 0.548254 0.004167 0.032169
1 0.394531 0.341452 0.011979 0.017463
1 0.464323 0.519761 0.025521 0.043199
1 0.490625 0.486673 0.017708 0.026654
1 0.601562 0.537684 0.011458 0.023897
1 0.697135 0.276654 0.010938 0.029412
1 0.888802 0.313419 0.010938 0.023897
1 0.559635 0.433364 0.167188 0.263787
1 0.372396 0.470129 0.054167 0.131434
1 0.184375 0.390165 0.089583 0.164522
1 0.994531 0.597426 0.010938 0.023897
