1 0.120052 0.29136 0.040104 0.051471
1 0.310417 0.774357 0.015625 0.035846
0 0.434896 0.949908 0.132292 0.100184
1 0.439583 0.51011 0.033333 0.069853
1 0.364844 0.341912 0.018229 0.036765
1 0.376302 0.332261 0.008854 0.017463
1 0.375 0.158548 0.008333 0.019301
1 0.428646 0.151654 0.013542 0.020221
1 0.503125 0.171875 0.019792 0.040441
1 0.491667 0.20864 0.011458 0.029412
1 0.628646 0.266085 0.022917 0.045037
1 0.798438 0.699449 0.023958 0.023897
1 0.68151 0.650735 0.023438 0.033088
0 0.427865 0.72932 0.095312 0.23989
0 0.613281 0.148897 0.117188 0.178309
0 0.515104 0.426011 0.054167 0.107537
