1 0.977604 0.939338 0.0125 0.012868
1 0.941927 0.778952 0.007812 0.019301
1 0.313281 0.774816 0.007812 0.020221
1 0.210677 0.716912 0.018229 0.023897
1 0.492708 0.4375 0.009375 0.018382
1 0.491667 0.387408 0.011458 0.011949
1 0.471875 0.383272 0.008333 0.016544
1 0.452865 0.350643 0.011979 0.022978
1 0.44349 0.330882 0.009896 0.018382
1 0.970833 0.329963 0.005208 0.03125
1 0.895312 0.247702 0.007292 0.022978
1 0.41875 0.209099 0.010417 0.013787
1 0.402865 0.196691 0.011979 0.020221
1 0.361719 0.179228 0.008854 0.018382
