1 0.136719 0.209559 0.008854 0.018382
1 0.301823 0.191636 0.016146 0.045037
1 0.079688 0.371324 0.01875 0.027574
1 0.044792 0.577206 0.013542 0.022059
1 0.34375 0.421875 0.021875 0.03125
1 0.188021 0.984375 0.013542 0.020221
1 0.361198 0.698989 0.011979 0.013787
1 0.392708 0.661765 0.0125 0.03125
1 0.604427 0.494485 0.008854 0.023897
1 0.607552 0.66682 0.013021 0.017463
1 0.915104 0.879596 0.008333 0.018382
0 0.736979 0.514706 0.154167 0.231618
0 0.490104 0.492647 0.125 0.255515
0 0.31224 0.441636 0.115104 0.254596
0 0.805208 0.63557 0.125 0.124081
