1 0.013281 0.346507 0.018229 0.045956
1 0.078646 0.319853 0.022917 0.033088
1 0.097396 0.500919 0.015625 0.042279
1 0.069271 0.557904 0.032292 0.060662
1 0.245833 0.679688 0.014583 0.026654
1 0.247917 0.440257 0.010417 0.034926
1 0.29401 0.492188 0.019271 0.01011
1 0.391406 0.495864 0.006771 0.037684
1 0.382552 0.862132 0.011979 0.012868
1 0.496354 0.630515 0.009375 0.018382
1 0.514583 0.516085 0.00625 0.022978
1 0.616667 0.641085 0.016667 0.032169
1 0.872135 0.809283 0.013021 0.015625
1 0.923177 0.921415 0.013021 0.015625
0 0.521875 0.231158 0.05 0.056066
0 0.507031 0.040441 0.016146 0.064338
0 0.458333 0.913143 0.047917 0.074449
0 0.509375 0.474724 0.04375 0.056066
0 0.489583 0.697151 0.029167 0.067096
