1 0.21849 0.340533 0.023438 0.045037
1 0.929688 0.92693 0.015625 0.026654
1 0.945573 0.941636 0.024479 0.059743
1 0.901823 0.897978 0.021354 0.040441
1 0.870573 0.828125 0.018229 0.029412
1 0.800781 0.784007 0.026562 0.034926
1 0.754167 0.755055 0.022917 0.054228
1 0.690625 0.733915 0.028125 0.079963
1 0.608073 0.671875 0.016146 0.036765
1 0.436979 0.491728 0.025 0.056985
1 0.501302 0.495864 0.026562 0.079963
1 0.685938 0.423713 0.025 0.055147
1 0.666927 0.35432 0.014062 0.054228
1 0.358854 0.352482 0.033333 0.068934
1 0.154167 0.234375 0.040625 0.099265
1 0.092188 0.1875 0.019792 0.042279
1 0.128385 0.185662 0.023438 0.056985
1 0.25026 0.085018 0.039062 0.079963
1 0.0125 0.054688 0.01875 0.024816
1 0.050781 0.100643 0.011979 0.02114
1 0.133073 0.01057 0.023438 0.02114
1 0.086458 0.143382 0.014583 0.018382
1 0.071875 0.161305 0.020833 0.039522
1 0.13099 0.851103 0.039062 0.088235
1 0.21849 0.201287 0.033854 0.068015
1 0.245833 0.271599 0.034375 0.094669
1 0.472656 0.497702 0.020312 0.045037
1 0.475781 0.463235 0.020312 0.055147
1 0.651302 0.699449 0.007812 0.018382
1 0.736198 0.75 0.006771 0.022059
1 0.83151 0.80193 0.011979 0.011949
