1 0.05026 0.152574 0.020312 0.029412
1 0.273438 0.339154 0.008333 0.016544
1 0.566667 0.660846 0.019792 0.033088
1 0.719792 0.852482 0.011458 0.019301
1 0.727344 0.901195 0.010938 0.034007
1 0.76875 0.936581 0.0125 0.020221
1 0.806771 0.944393 0.015625 0.028493
1 0.879427 0.920496 0.011979 0.028493
1 0.879948 0.965074 0.013021 0.03125
0 0.621875 0.637408 0.06875 0.11489
0 0.495052 0.568934 0.056771 0.104779
0 0.796354 0.858456 0.025 0.130515
0 0.103646 0.14568 0.084375 0.070772
1 0.247396 0.380055 0.011458 0.011949
