1 0.40026 0.383732 0.064062 0.067096
1 0.294271 0.486213 0.038542 0.027574
1 0.202604 0.217831 0.067708 0.110294
1 0.128646 0.038603 0.048958 0.077206
1 0.358073 0.298713 0.016146 0.025735
1 0.740104 0.488511 0.010417 0.019301
1 0.439844 0.465533 0.091146 0.168199
1 0.635677 0.707261 0.024479 0.028493
1 0.534635 0.565257 0.084896 0.185662
1 0.765104 0.84375 0.073958 0.189338
1 0.990104 0.157169 0.019792 0.034926
1 0.640625 0.623621 0.088542 0.133272
1 0.682552 0.779871 0.108854 0.129596
1 0.252604 0.23989 0.105208 0.132353
1 0.194531 0.161305 0.031771 0.061581
1 0.159896 0.199908 0.072917 0.10386
1 0.931771 0.966452 0.013542 0.067096
