1 0.133594 0.303768 0.014062 0.02114
1 0.186979 0.311121 0.009375 0.028493
1 0.775781 0.150276 0.021354 0.008272
1 0.31849 0.400735 0.023438 0.042279
1 0.333594 0.4375 0.015104 0.038603
1 0.367708 0.528952 0.013542 0.028493
1 0.428906 0.452665 0.017188 0.015625
1 0.448698 0.450368 0.017188 0.025735
1 0.531771 0.496324 0.013542 0.038603
1 0.550521 0.526195 0.01875 0.02114
1 0.563802 0.589154 0.018229 0.023897
1 0.597135 0.637868 0.009896 0.03125
1 0.670833 0.888787 0.020833 0.033088
1 0.723438 0.615349 0.013542 0.013787
1 0.784375 0.648438 0.008333 0.017463
1 0.817969 0.681985 0.028646 0.038603
1 0.875781 0.716912 0.041146 0.071691
1 0.897656 0.746783 0.009896 0.022978
1 0.977865 0.748621 0.007812 0.028493
1 0.988802 0.786305 0.022396 0.028493
0 0.695833 0.591912 0.105208 0.132353
0 0.511458 0.486673 0.060417 0.171875
0 0.360417 0.378217 0.054167 0.147978
0 0.994271 0.737132 0.011458 0.080882
0 0.284375 0.348805 0.098958 0.045037
0 0.157031 0.245404 0.096354 0.174632
0 0.803646 0.581342 0.111458 0.133272
0 0.61875 0.608456 0.027083 0.130515
1 0.03151 0.241268 0.011979 0.028493
0 0.913281 0.685662 0.072396 0.101103
1 0.473438 0.438419 0.007292 0.023897
