1 0.852344 0.982996 0.040104 0.02114
1 0.877865 0.955423 0.023438 0.026654
1 0.851823 0.957721 0.026562 0.03125
1 0.128906 0.948989 0.007812 0.030331
1 0.221615 0.638787 0.023438 0.034926
1 0.122917 0.581801 0.008333 0.018382
1 0.20026 0.526654 0.015104 0.023897
1 0.226042 0.522059 0.03125 0.056985
1 0.100521 0.526654 0.091667 0.101103
1 0.18724 0.486213 0.046354 0.027574
1 0.891927 0.359375 0.009896 0.025735
1 0.545573 0.423254 0.174479 0.324449
1 0.877083 0.214614 0.010417 0.030331
1 0.941667 0.18796 0.116667 0.203125
1 0.234896 0.449908 0.0125 0.02114
1 0.280729 0.225184 0.011458 0.011029
1 0.567448 0.15671 0.008854 0.019301
