1 0.877344 0.748621 0.069271 0.065257
1 0.974219 0.682904 0.031771 0.047794
1 0.849219 0.68704 0.257812 0.451287
1 0.313021 0.58364 0.265625 0.398897
1 0.579948 0.511029 0.318229 0.470588
1 0.36875 0.287224 0.26875 0.366728
1 0.11849 0.193934 0.236979 0.387868
1 0.877865 0.153952 0.244271 0.307904
1 0.129688 0.961857 0.021875 0.076287
1 0.513281 0.79182 0.016146 0.015625
1 0.442448 0.685202 0.011979 0.034007
1 0.574219 0.768842 0.015104 0.013787
1 0.017969 0.349265 0.035938 0.058824
1 0.541927 0.762408 0.010938 0.015625
1 0.85 0.803768 0.017708 0.030331
1 0.905208 0.020221 0.015625 0.038603
