1 0.286979 0.667739 0.059375 0.070772
1 0.497135 0.574449 0.126562 0.211397
1 0.677083 0.584559 0.111458 0.255515
1 0.325 0.429688 0.177083 0.287684
1 0.582292 0.352022 0.084375 0.220588
1 0.238281 0.274357 0.103646 0.22886
1 0.471875 0.311581 0.142708 0.341912
1 0.675521 0.079963 0.05625 0.158088
1 0.530469 0.082721 0.159896 0.165441
1 0.431771 0.038143 0.051042 0.076287
1 0.798698 0.286765 0.402604 0.573529
1 0.947917 0.196232 0.104167 0.190257
1 0.96849 0.858456 0.063021 0.238971
1 0.981771 0.074908 0.036458 0.085478
1 0.032031 0.366728 0.064062 0.034926
1 0.029427 0.520221 0.058854 0.022059
1 0.173438 0.317555 0.020833 0.017463
1 0.427604 0.828585 0.009375 0.017463
1 0.76901 0.659926 0.009896 0.016544
1 0.853385 0.69807 0.022396 0.046875
1 0.057031 0.983915 0.023438 0.032169
1 0.105208 0.930147 0.034375 0.139706
1 0.153385 0.984835 0.023438 0.030331
