1 0.003646 0.75 0.007292 0.023897
1 0.026302 0.949908 0.019271 0.015625
1 0.066406 0.856618 0.017188 0.009191
1 0.142448 0.960018 0.008854 0.028493
1 0.116146 0.832261 0.015625 0.026654
1 0.145312 0.71921 0.010417 0.030331
1 0.140625 0.585478 0.007292 0.027574
1 0.136458 0.46829 0.00625 0.034007
1 0.165365 0.251379 0.005729 0.032169
1 0.163802 0.088695 0.008854 0.024816
1 0.109115 0.070312 0.030729 0.015625
1 0.366667 0.981618 0.029167 0.034926
1 0.347135 0.982077 0.026562 0.026654
1 0.255729 0.697151 0.015625 0.02114
1 0.260417 0.67739 0.023958 0.012868
1 0.51875 0.909926 0.020833 0.045956
1 0.49349 0.840074 0.039062 0.084559
1 0.522396 0.731158 0.009375 0.019301
1 0.497135 0.483915 0.034896 0.054228
1 0.51849 0.490809 0.013021 0.049632
1 0.36276 0.34375 0.017188 0.018382
1 0.373177 0.137408 0.009896 0.019301
1 0.36849 0.067096 0.023438 0.033088
1 0.447135 0.011029 0.015104 0.022059
1 0.591927 0.236673 0.011979 0.011949
1 0.795833 0.331342 0.0125 0.011949
1 0.75 0.248621 0.019792 0.013787
1 0.866927 0.297335 0.015104 0.013787
1 0.845573 0.211397 0.005729 0.029412
1 0.85599 0.182904 0.015104 0.029412
1 0.879427 0.014706 0.008854 0.025735
1 0.9125 0.055607 0.022917 0.043199
1 0.957031 0.150735 0.028646 0.042279
1 0.984115 0.238511 0.009896 0.024816
1 0.989583 0.170037 0.020833 0.049632
1 0.991667 0.044577 0.016667 0.030331
1 0.465625 0.425551 0.025 0.033088
1 0.435156 0.110754 0.023438 0.043199
1 0.591146 0.758272 0.019792 0.051471
1 0.514844 0.659467 0.016146 0.046875
1 0.485938 0.638327 0.015625 0.037684
1 0.495573 0.567555 0.017188 0.028493
1 0.435938 0.055607 0.028125 0.039522
1 0.846875 0.953125 0.007292 0.018382
