1 0.009375 0.569853 0.016667 0.03125
1 0.058073 0.332721 0.020312 0.020221
1 0.102344 0.206342 0.020312 0.015625
1 0.10026 0.413603 0.011979 0.020221
1 0.170573 0.332721 0.015104 0.009191
1 0.233073 0.329963 0.021354 0.038603
0 0.464062 0.04182 0.014583 0.011949
1 0.35 0.421875 0.016667 0.029412
1 0.314583 0.496324 0.011458 0.018382
1 0.142448 0.681526 0.017188 0.04136
1 0.167969 0.821232 0.009896 0.022978
1 0.188021 0.659007 0.015625 0.020221
1 0.228646 0.675092 0.008333 0.028493
1 0.272135 0.778493 0.020312 0.033088
1 0.310938 0.831342 0.030208 0.026654
1 0.371094 0.832261 0.004688 0.032169
1 0.425 0.94807 0.023958 0.011949
1 0.583594 0.938879 0.018229 0.02114
1 0.60026 0.962316 0.015104 0.027574
1 0.591146 0.977482 0.011458 0.022978
1 0.782812 0.805607 0.014583 0.008272
1 0.579948 0.322151 0.019271 0.02114
1 0.640625 0.342831 0.008333 0.025735
1 0.96276 0.373162 0.018229 0.009191
1 0.898438 0.21921 0.019792 0.032169
1 0.814583 0.18704 0.009375 0.045037
1 0.878906 0.023438 0.005729 0.032169
0 0.657552 0.951746 0.040104 0.063419
0 0.590625 0.636029 0.030208 0.064338
0 0.515885 0.296875 0.035938 0.036765
1 0.338021 0.12546 0.016667 0.039522
1 0.274479 0.130974 0.0125 0.011949
1 0.054427 0.738971 0.014062 0.029412
