1 0.089323 0.09375 0.016146 0.03125
1 0.096875 0.138327 0.026042 0.046875
1 0.159375 0.25046 0.016667 0.030331
1 0.16875 0.296415 0.0125 0.013787
1 0.189583 0.40579 0.057292 0.124081
1 0.398177 0.471507 0.016146 0.016544
1 0.759896 0.628217 0.05 0.08364
1 0.765885 0.69761 0.053646 0.053309
1 0.763802 0.764246 0.015104 0.037684
1 0.242969 0.294118 0.040104 0.079044
1 0.510417 0.517463 0.028125 0.090074
1 0.195312 0.214154 0.015625 0.042279
1 0.15 0.159467 0.017708 0.028493
1 0.534375 0.536765 0.017708 0.034926
1 0.466667 0.403493 0.021875 0.053309
1 0.807552 0.767923 0.028646 0.034007
1 0.910938 0.857077 0.032292 0.048713
1 0.42526 0.44761 0.022396 0.049632
1 0.560677 0.585938 0.040104 0.05239
