0 0.446354 0.175092 0.061458 0.217831
1 0.423177 0.195772 0.030729 0.080882
0 0.449479 0.419577 0.161458 0.171875
0 0.497135 0.738511 0.148438 0.232537
1 0.440104 0.971967 0.014583 0.028493
1 0.203646 0.606158 0.021875 0.01011
1 0.294531 0.494026 0.019271 0.034007
1 0.413021 0.726562 0.0125 0.037684
1 0.542969 0.55239 0.011979 0.027574
1 0.54349 0.584559 0.014062 0.012868
1 0.576562 0.792279 0.015625 0.040441
1 0.497135 0.346967 0.020312 0.039522
1 0.439583 0.07261 0.019792 0.027574
1 0.129167 0.764706 0.016667 0.022059
1 0.72526 0.084099 0.020312 0.030331
1 0.873438 0.164982 0.01875 0.022978
1 0.909375 0.273897 0.011458 0.018382
1 0.217969 0.990809 0.013021 0.018382
1 0.573698 0.874081 0.007812 0.036765
1 0.882552 0.835938 0.020312 0.030331
