1 0.714583 0.88511 0.027083 0.051471
1 0.419531 0.832261 0.024479 0.037684
1 0.695312 0.823529 0.008333 0.029412
1 0.364583 0.741268 0.0125 0.019301
1 0.229167 0.705882 0.065625 0.088235
1 0.396354 0.661765 0.013542 0.023897
1 0.126042 0.705882 0.08125 0.183824
1 0.103125 0.595129 0.026042 0.032169
1 0.533073 0.582721 0.008854 0.023897
1 0.507552 0.550551 0.020312 0.044118
1 0.315885 0.478401 0.018229 0.026654
1 0.601042 0.466912 0.023958 0.025735
1 0.61849 0.474724 0.010938 0.048713
1 0.566667 0.438879 0.061458 0.105699
1 0.5 0.325827 0.040625 0.067096
1 0.005729 0.272059 0.011458 0.023897
1 0.352344 0.323529 0.076562 0.145221
1 0.239844 0.138787 0.065104 0.108456
1 0.926302 0.081342 0.057812 0.076287
1 0.346615 0.034007 0.013021 0.027574
1 0.069792 0.032169 0.129167 0.064338
1 0.016146 0.366268 0.032292 0.078125
1 0.046615 0.549173 0.093229 0.153493
1 0.036979 0.920496 0.073958 0.159007
0 0.848438 0.845588 0.303125 0.308824
1 0.947135 0.710938 0.016146 0.028493
1 0.468229 0.959099 0.0375 0.081801
1 0.751562 0.824908 0.023958 0.037684
1 0.009635 0.422335 0.019271 0.04136
1 0.751562 0.959099 0.051042 0.081801
1 0.961458 0.665901 0.077083 0.131434
1 0.0375 0.221507 0.010417 0.012868
1 0.096875 0.288143 0.020833 0.015625
1 0.791667 0.428768 0.0125 0.02114
1 0.815885 0.683364 0.011979 0.02114
1 0.348958 0.993107 0.011458 0.013787
1 0.55026 0.816176 0.009896 0.012868
1 0.576823 0.850184 0.006771 0.018382
1 0.603125 0.846967 0.014583 0.013787
