1 0.89349 0.836397 0.035938 0.071691
1 0.275521 0.789062 0.0125 0.019301
1 0.157812 0.826746 0.042708 0.096507
1 0.620573 0.817096 0.051562 0.088235
1 0.845312 0.788143 0.0625 0.100184
1 0.024219 0.749081 0.014062 0.029412
1 0.667708 0.73943 0.026042 0.039522
1 0.455208 0.725184 0.007292 0.016544
1 0.464323 0.69807 0.011979 0.050551
1 0.446875 0.667279 0.005208 0.040441
1 0.024219 0.621783 0.048438 0.085478
1 0.63724 0.590074 0.009896 0.040441
1 0.400781 0.569393 0.010938 0.013787
1 0.627344 0.629136 0.086979 0.136949
1 0.00625 0.56296 0.0125 0.017463
1 0.94375 0.555147 0.019792 0.023897
1 0.740104 0.560202 0.034375 0.063419
1 0.016927 0.463235 0.033854 0.097426
1 0.96224 0.284467 0.007812 0.024816
1 0.59974 0.247243 0.009896 0.023897
1 0.596094 0.205423 0.069271 0.11489
1 0.859635 0.164062 0.015104 0.050551
1 0.382292 0.132812 0.015625 0.015625
1 0.421094 0.123621 0.013021 0.032169
1 0.260156 0.109375 0.008854 0.020221
1 0.926823 0.109375 0.010938 0.027574
1 0.836719 0.12454 0.015104 0.057904
1 0.817188 0.099265 0.016667 0.025735
1 0.402083 0.120404 0.045833 0.121324
1 0.370833 0.44807 0.414583 0.842831
1 0.297396 0.052849 0.0375 0.081801
1 0.982031 0.055147 0.034896 0.090074
1 0.942708 0.028952 0.041667 0.057904
1 0.614323 0.072151 0.055729 0.144301
1 0.893229 0.19807 0.213542 0.39614
1 0.261719 0.922794 0.095312 0.154412
1 0.628906 0.950827 0.022396 0.098346
1 0.695833 0.963695 0.10625 0.07261
1 0.819792 0.964154 0.071875 0.071691
1 0.065625 0.964154 0.070833 0.071691
1 0.317708 0.990349 0.010417 0.019301
1 0.167448 0.048713 0.070312 0.097426
1 0.444792 0.158548 0.028125 0.034007
1 0.279427 0.016085 0.021354 0.032169
