1 0.015625 0.376838 0.0125 0.033088
1 0.055469 0.470129 0.017188 0.028493
1 0.097396 0.710018 0.00625 0.04136
1 0.179948 0.287224 0.017188 0.035846
1 0.251823 0.015165 0.008854 0.028493
1 0.320833 0.605239 0.016667 0.02114
1 0.36875 0.954504 0.01875 0.026654
1 0.466927 0.840074 0.010938 0.022059
1 0.439062 0.644761 0.022917 0.030331
1 0.658333 0.951746 0.03125 0.065257
1 0.632031 0.075827 0.015104 0.028493
1 0.769792 0.684743 0.009375 0.053309
1 0.861719 0.688879 0.015104 0.035846
1 0.971875 0.43796 0.019792 0.030331
1 0.889844 0.412684 0.020312 0.012868
0 0.984896 0.248621 0.030208 0.122243
0 0.38125 0.075827 0.082292 0.151654
0 0.447135 0.542739 0.049479 0.182904
1 0.988542 0.654871 0.008333 0.035846
