1 0.690625 0.782169 0.078125 0.125
1 0.806771 0.612132 0.075 0.134191
1 0.76849 0.542279 0.023438 0.044118
1 0.126302 0.544118 0.117188 0.220588
1 0.896875 0.465533 0.054167 0.079963
1 0.506771 0.497243 0.139583 0.266544
1 0.73724 0.402574 0.108854 0.180147
1 0.326302 0.30239 0.032812 0.049632
1 0.354948 0.277114 0.011979 0.035846
1 0.263281 0.068474 0.053646 0.08364
1 0.721094 0.036765 0.026562 0.045956
1 0.071094 0.028493 0.014062 0.029412
1 0.57526 0.088695 0.049479 0.070772
1 0.939844 0.251838 0.120312 0.220588
1 0.976823 0.641085 0.046354 0.096507
1 0.874479 0.976103 0.05625 0.047794
