1 0.345573 0.348346 0.026562 0.053309
1 0.535417 0.621783 0.053125 0.096507
1 0.258073 0.201746 0.051562 0.05239
1 0.156771 0.107537 0.046875 0.064338
1 0.036979 0.071691 0.014583 0.018382
1 0.042188 0.617647 0.015625 0.029412
1 0.150781 0.575368 0.017188 0.022059
1 0.173177 0.29136 0.010938 0.012868
1 0.326562 0.098805 0.007292 0.043199
1 0.548438 0.028952 0.010417 0.028493
1 0.725 0.027574 0.010417 0.012868
1 0.401042 0.598805 0.021875 0.013787
1 0.384115 0.522518 0.013021 0.02114
1 0.467448 0.197151 0.008854 0.037684
1 0.553646 0.606618 0.017708 0.045956
1 0.814323 0.886949 0.024479 0.027574
1 0.681771 0.886029 0.03125 0.03125
1 0.948698 0.697151 0.008854 0.019301
