1 0.417188 0.785846 0.019792 0.049632
1 0.434896 0.502298 0.0125 0.050551
1 0.110417 0.813879 0.035417 0.046875
1 0.214844 0.873162 0.020312 0.020221
1 0.060417 0.784007 0.023958 0.047794
1 0.039062 0.804688 0.013542 0.015625
1 0.095312 0.622702 0.015625 0.019301
1 0.089844 0.460018 0.022396 0.01011
1 0.025 0.410846 0.011458 0.036765
1 0.138021 0.238971 0.013542 0.018382
1 0.190104 0.237132 0.005208 0.023897
1 0.46849 0.231158 0.007812 0.046875
1 0.777604 0.30193 0.020833 0.037684
1 0.867188 0.148438 0.009375 0.017463
