1 0.170052 0.022518 0.014062 0.045037
1 0.075781 0.039982 0.013021 0.045037
1 0.120833 0.202665 0.021875 0.07261
1 0.335677 0.280331 0.018229 0.027574
1 0.385156 0.261029 0.018229 0.012868
1 0.374219 0.387408 0.030729 0.02114
1 0.470052 0.29182 0.016146 0.022978
1 0.473958 0.368566 0.016667 0.022059
1 0.624219 0.811121 0.016146 0.030331
1 0.158333 0.415441 0.036458 0.045956
1 0.305469 0.880515 0.041146 0.044118
1 0.509375 0.261029 0.023958 0.047794
1 0.689062 0.984375 0.020833 0.03125
1 0.636458 0.877757 0.041667 0.053309
1 0.4625 0.393382 0.030208 0.045956
1 0.403906 0.194853 0.021354 0.034926
1 0.571875 0.686581 0.01875 0.045956
1 0.667969 0.927849 0.036979 0.076287
1 0.605469 0.700368 0.019271 0.040441
1 0.427344 0.103401 0.010938 0.013787
1 0.346875 0.471967 0.010417 0.017463
1 0.502083 0.546415 0.010417 0.011949
1 0.5375 0.612592 0.009375 0.017463
1 0.553646 0.62546 0.017708 0.02114
1 0.953125 0.299632 0.01875 0.053309
