1 0.789844 0.017004 0.016146 0.034007
1 0.820833 0.036765 0.016667 0.034926
1 0.817188 0.081342 0.01875 0.028493
1 0.80026 0.090533 0.015104 0.037684
1 0.776302 0.150276 0.011979 0.019301
1 0.742708 0.264706 0.022917 0.029412
1 0.694531 0.371783 0.027604 0.054228
1 0.686198 0.418658 0.032812 0.054228
1 0.485938 0.506434 0.027083 0.056985
1 0.495052 0.473805 0.015104 0.04136
1 0.454948 0.308364 0.034896 0.057904
1 0.124219 0.507353 0.017188 0.045956
1 0.067969 0.599724 0.019271 0.056066
1 0.027604 0.648438 0.026042 0.028493
1 0.104427 0.886029 0.045312 0.038603
1 0.408333 0.840993 0.017708 0.016544
1 0.957552 0.913143 0.017188 0.013787
1 0.0625 0.134191 0.019792 0.03125
1 0.445312 0.88511 0.015625 0.033088
