1 0.873177 0.971507 0.030729 0.042279
1 0.863802 0.907629 0.030729 0.05239
1 0.414323 0.539062 0.018229 0.039522
1 0.541146 0.496324 0.017708 0.020221
1 0.596354 0.515625 0.017708 0.060662
1 0.299219 0.519301 0.035938 0.069853
1 0.260677 0.49954 0.020312 0.048713
1 0.421615 0.512868 0.074479 0.102941
1 0.342448 0.502298 0.065104 0.081801
1 0.005208 0.456801 0.010417 0.036765
1 0.151042 0.480239 0.194792 0.182904
1 0.94349 0.374081 0.025521 0.040441
1 0.529167 0.313879 0.015625 0.030331
1 0.039583 0.299632 0.019792 0.042279
1 0.253906 0.164982 0.024479 0.079963
1 0.138281 0.880055 0.006771 0.028493
