1 0.140625 0.375 0.01875 0.029412
1 0.182031 0.330423 0.025521 0.032169
1 0.226562 0.325827 0.017708 0.034007
1 0.252344 0.376379 0.023438 0.045037
1 0.302083 0.340533 0.023958 0.043199
1 0.475521 0.56296 0.016667 0.019301
1 0.479167 0.451287 0.035417 0.079044
1 0.852865 0.872702 0.024479 0.065257
1 0.099479 0.438419 0.023958 0.033088
1 0.395312 0.287224 0.015625 0.045037
1 0.307292 0.46921 0.00625 0.026654
1 0.66901 0.523897 0.036979 0.079044
1 0.716146 0.566636 0.035417 0.048713
1 0.882031 0.931066 0.039062 0.053309
1 0.496615 0.714154 0.028646 0.042279
1 0.976302 0.085018 0.042188 0.08364
1 0.399479 0.159467 0.015625 0.026654
1 0.359375 0.244945 0.033333 0.059743
1 0.328125 0.309283 0.013542 0.017463
1 0.233594 0.42739 0.020312 0.040441
1 0.160156 0.724265 0.013021 0.022059
1 0.211719 0.786765 0.008854 0.014706
1 0.293229 0.613511 0.0125 0.019301
1 0.441146 0.56296 0.011458 0.019301
1 0.440104 0.608456 0.025 0.033088
1 0.51849 0.964154 0.034896 0.058824
1 0.87474 0.462776 0.009896 0.017463
