1 0.004948 0.188419 0.009896 0.020221
1 0.090104 0.330423 0.057292 0.048713
1 0.417448 0.519761 0.027604 0.015625
1 0.533073 0.688419 0.028646 0.03125
1 0.610677 0.78079 0.013021 0.02114
1 0.727604 0.883732 0.026042 0.017463
1 0.777604 0.86489 0.017708 0.020221
1 0.791667 0.901195 0.010417 0.026654
1 0.783854 0.928309 0.0125 0.036765
1 0.710938 0.816176 0.029167 0.0625
1 0.117708 0.32307 0.017708 0.087316
1 0.246354 0.391544 0.061458 0.073529
1 0.184635 0.347886 0.090104 0.16636
1 0.049219 0.216452 0.039062 0.057904
1 0.401042 0.574449 0.034375 0.023897
1 0.40625 0.554228 0.03125 0.022059
1 0.614844 0.185202 0.015104 0.043199
