0 0.834896 0.902114 0.040625 0.142463
0 0.435417 0.324908 0.098958 0.201287
1 0.25651 0.251838 0.018229 0.020221
1 0.27474 0.289982 0.018229 0.026654
1 0.3625 0.402114 0.011458 0.032169
1 0.571094 0.615349 0.019271 0.028493
1 0.670833 0.632353 0.028125 0.053309
0 0.680208 0.663143 0.095833 0.059743
0 0.178385 0.122702 0.044271 0.039522
0 0.581771 0.496324 0.121875 0.161765
0 0.16276 0.144761 0.056771 0.059743
1 0.059896 0.047794 0.008333 0.027574
1 0.180208 0.192096 0.01875 0.020221
1 0.120833 0.732537 0.019792 0.016544
1 0.239062 0.238051 0.011458 0.03125
1 0.332552 0.332721 0.011979 0.023897
1 0.526823 0.5625 0.007812 0.018382
1 0.648177 0.306066 0.021354 0.018382
