1 0.540885 0.392004 0.064062 0.171875
1 0.174219 0.244026 0.098438 0.164522
1 0.121615 0.295956 0.024479 0.036765
1 0.048177 0.443474 0.096354 0.107537
1 0.583594 0.555147 0.119271 0.283088
1 0.253125 0.577665 0.18125 0.355699
1 0.003385 0.492188 0.006771 0.026654
1 0.057031 0.339614 0.013021 0.015625
1 0.040104 0.298254 0.009375 0.015625
1 0.925521 0.204963 0.011458 0.033088
1 0.936458 0.174173 0.008333 0.017463
1 0.939062 0.201287 0.014583 0.038603
1 0.963802 0.206342 0.007812 0.028493
1 0.967708 0.329044 0.060417 0.101103
1 0.968229 0.454044 0.025 0.042279
