0 0.038802 0.990809 0.007812 0.018382
1 0.856771 0.877298 0.020833 0.028493
0 0.991927 0.884651 0.016146 0.056066
1 0.804427 0.66682 0.016146 0.022978
1 0.917188 0.670037 0.021875 0.036765
1 0.965885 0.631434 0.015104 0.025735
1 0.928385 0.630974 0.017188 0.034007
1 0.532031 0.534007 0.014062 0.022059
1 0.508333 0.480699 0.010417 0.016544
1 0.480208 0.376379 0.015625 0.019301
1 0.801562 0.36489 0.027083 0.016544
1 0.940104 0.346048 0.0125 0.048713
1 0.942188 0.3125 0.023958 0.018382
1 0.761979 0.300092 0.022917 0.034007
0 0.576042 0.347886 0.108333 0.269301
1 0.471875 0.020221 0.029167 0.022059
1 0.596354 0.014706 0.016667 0.020221
1 0.4 0.019761 0.010417 0.039522
1 0.032812 0.56296 0.0125 0.043199
