1 0.009896 0.412224 0.019792 0.032169
1 0.003385 0.392923 0.006771 0.019301
1 0.03125 0.34375 0.015625 0.020221
1 0.064844 0.482996 0.020312 0.028493
1 0.247135 0.509191 0.014062 0.020221
1 0.329167 0.471048 0.016667 0.024816
1 0.353906 0.446691 0.007812 0.016544
1 0.369271 0.452206 0.017708 0.033088
1 0.408073 0.472426 0.018229 0.036765
1 0.157812 0.29136 0.010417 0.018382
1 0.271094 0.191636 0.011979 0.02114
1 0.357031 0.080882 0.011979 0.016544
1 0.660938 0.293658 0.008333 0.019301
1 0.719271 0.311581 0.009375 0.018382
1 0.747656 0.10432 0.009896 0.017463
1 0.84375 0.306526 0.020833 0.035846
1 0.811458 0.425092 0.034375 0.039522
1 0.758854 0.431066 0.017708 0.034926
1 0.914583 0.518382 0.014583 0.025735
1 0.927344 0.232537 0.014062 0.033088
1 0.903125 0.117647 0.011458 0.020221
1 0.732031 0.5 0.039062 0.058824
1 0.694271 0.525735 0.03125 0.047794
1 0.667708 0.515165 0.033333 0.061581
1 0.633073 0.478401 0.028646 0.054228
1 0.560938 0.456342 0.021875 0.028493
1 0.520052 0.498621 0.025521 0.046875
1 0.498177 0.445772 0.018229 0.040441
1 0.478906 0.445772 0.019271 0.018382
1 0.452865 0.501379 0.035938 0.045037
1 0.372396 0.657629 0.009375 0.019301
1 0.369271 0.750919 0.011458 0.018382
1 0.646094 0.753676 0.009896 0.029412
1 0.657812 0.890165 0.007292 0.022978
1 0.121875 0.70818 0.015625 0.02114
1 0.097396 0.443934 0.042708 0.047794
1 0.126042 0.476562 0.028125 0.043199
