1 0.563802 0.643382 0.058854 0.091912
1 0.458073 0.544577 0.044271 0.098346
1 0.615104 0.805147 0.044792 0.090074
1 0.261198 0.162224 0.047396 0.08364
1 0.192969 0.030331 0.046354 0.060662
1 0.340104 0.313879 0.026042 0.068934
1 0.066406 0.90625 0.024479 0.020221
1 0.07474 0.879136 0.016146 0.017463
1 0.141146 0.65579 0.005208 0.034007
1 0.090885 0.379136 0.023438 0.045037
1 0.158333 0.481618 0.007292 0.022059
1 0.173438 0.202206 0.008333 0.029412
1 0.485938 0.151195 0.016667 0.030331
1 0.867448 0.039522 0.015104 0.023897
1 0.725 0.242188 0.013542 0.037684
1 0.633854 0.225184 0.008333 0.03125
1 0.655469 0.613971 0.016146 0.040441
1 0.736458 0.776195 0.017708 0.024816
