1 0.241406 0.831801 0.022396 0.027574
1 0.318229 0.720129 0.01875 0.04136
0 0.545833 0.566636 0.016667 0.030331
1 0.427865 0.434743 0.020312 0.018382
1 0.577865 0.378676 0.017188 0.018382
1 0.527865 0.324908 0.022396 0.01011
1 0.401562 0.245864 0.015625 0.019301
1 0.459635 0.236673 0.026562 0.028493
1 0.661198 0.247702 0.024479 0.028493
0 0.515885 0.096967 0.056771 0.098346
0 0.522917 0.409007 0.125 0.115809
1 0.933073 0.827665 0.020312 0.028493
1 0.597917 0.960938 0.010417 0.04136
1 0.301042 0.309283 0.0125 0.017463
1 0.152083 0.992647 0.036458 0.005515
1 0.194271 0.967831 0.0125 0.023897
