1 0.06224 0.149357 0.053646 0.096507
1 0.04974 0.524816 0.093229 0.178309
1 0.035417 0.65625 0.06875 0.152574
1 0.064583 0.801471 0.046875 0.097426
1 0.072917 0.650276 0.035417 0.048713
1 0.139062 0.498162 0.097917 0.148897
1 0.103125 0.535386 0.035417 0.07261
1 0.341406 0.607077 0.033854 0.070772
1 0.335677 0.475643 0.081771 0.125919
1 0.380729 0.495404 0.072917 0.125
1 0.46901 0.556066 0.078646 0.172794
1 0.45599 0.466452 0.051562 0.067096
1 0.428646 0.532629 0.055208 0.07261
1 0.518229 0.665901 0.1 0.164522
1 0.552083 0.596967 0.046875 0.092831
1 0.646354 0.532169 0.116667 0.222426
1 0.685938 0.620404 0.076042 0.112132
1 0.741927 0.537684 0.066146 0.097426
1 0.768229 0.178768 0.076042 0.122243
1 0.824479 0.568934 0.01875 0.0625
1 0.851823 0.581801 0.050521 0.086397
1 0.898177 0.596507 0.064062 0.104779
1 0.980469 0.595588 0.039062 0.088235
1 0.642708 0.36443 0.115625 0.184743
1 0.733854 0.743107 0.080208 0.131434
1 0.969792 0.754596 0.060417 0.169118
1 0.36875 0.585478 0.008333 0.022059
1 0.517708 0.609835 0.027083 0.034007
