1 0.234896 0.066176 0.015625 0.025735
1 0.245833 0.050551 0.015625 0.023897
1 0.264323 0.037224 0.020312 0.026654
1 0.271094 0.053768 0.018229 0.032169
1 0.295833 0.032629 0.013542 0.017463
1 0.317708 0.048713 0.014583 0.033088
1 0.495052 0.29136 0.015104 0.014706
1 0.538802 0.415441 0.017188 0.040441
1 0.67526 0.482077 0.009896 0.030331
1 0.828906 0.508732 0.014062 0.024816
1 0.825 0.636029 0.025 0.033088
1 0.865365 0.636489 0.014062 0.032169
1 0.840885 0.798254 0.018229 0.030331
1 0.7 0.743566 0.017708 0.03125
1 0.544792 0.824908 0.021875 0.032169
1 0.56849 0.556066 0.018229 0.020221
0 0.515625 0.516085 0.06875 0.157169
0 0.459896 0.134191 0.075 0.183824
1 0.265365 0.390625 0.010938 0.022059
1 0.33151 0.551011 0.011979 0.019301
1 0.345573 0.577665 0.011979 0.024816
1 0.530729 0.959099 0.03125 0.081801
0 0.551823 0.934743 0.066146 0.128676
1 0.25651 0.007812 0.028646 0.015625
1 0.324219 0.024357 0.010938 0.019301
1 0.270833 0.221967 0.010417 0.013787
1 0.99375 0.880974 0.0125 0.02114
