1 0.199219 0.971507 0.008854 0.018382
1 0.603385 0.972426 0.016146 0.034926
1 0.576823 0.922335 0.021354 0.037684
1 0.758073 0.909467 0.023438 0.011949
1 0.493229 0.903033 0.011458 0.028493
1 0.653385 0.896599 0.010938 0.026654
1 0.575 0.845129 0.015625 0.024816
1 0.709115 0.846967 0.007812 0.034007
1 0.502865 0.813879 0.018229 0.034007
1 0.61901 0.785846 0.023438 0.033088
1 0.643229 0.802849 0.058333 0.078125
1 0.134375 0.778493 0.0125 0.038603
1 0.634635 0.734375 0.019271 0.036765
1 0.395052 0.702665 0.016146 0.030331
1 0.495312 0.662684 0.014583 0.023897
1 0.389323 0.659007 0.026562 0.018382
1 0.432031 0.713235 0.058854 0.130515
1 0.902083 0.634191 0.009375 0.034926
1 0.608333 0.596967 0.022917 0.034007
1 0.038281 0.605239 0.048438 0.057904
1 0.472656 0.569853 0.009896 0.022059
1 0.570833 0.560662 0.014583 0.034926
1 0.627083 0.509651 0.0875 0.124081
1 0.334896 0.365809 0.010417 0.023897
1 0.131771 0.355699 0.059375 0.086397
1 0.391927 0.383272 0.053646 0.152574
1 0.249219 0.306985 0.069271 0.191176
1 0.448958 0.038603 0.009375 0.018382
1 0.458333 0.035386 0.008333 0.02114
1 0.654427 0.03079 0.006771 0.02114
1 0.865625 0.095588 0.154167 0.191176
1 0.616146 0.043199 0.078125 0.086397
1 0.029688 0.028033 0.028125 0.056066
1 0.975781 0.092831 0.048438 0.185662
1 0.589583 0.982996 0.011458 0.034007
