1 0.786458 0.172794 0.064583 0.082721
1 0.75625 0.664062 0.08125 0.125919
1 0.16276 0.96875 0.075521 0.0625
1 0.124219 0.51011 0.081771 0.051471
1 0.145052 0.550551 0.046354 0.038603
1 0.160938 0.5 0.041667 0.022059
1 0.255729 0.575827 0.025 0.160846
1 0.348177 0.45818 0.088021 0.120404
1 0.370052 0.488511 0.046354 0.05239
1 0.647135 0.51057 0.057812 0.098346
1 0.678385 0.559283 0.029688 0.116728
1 0.696094 0.59375 0.022396 0.0625
1 0.721615 0.585478 0.031771 0.112132
1 0.740885 0.604779 0.032812 0.055147
1 0.81875 0.661765 0.032292 0.034926
1 0.805208 0.672794 0.028125 0.060662
1 0.903646 0.680147 0.01875 0.058824
1 0.947135 0.661305 0.050521 0.08364
1 0.919792 0.717831 0.016667 0.038603
1 0.972396 0.644761 0.019792 0.04136
1 0.988542 0.675092 0.016667 0.013787
1 0.969792 0.726562 0.058333 0.087316
1 0.958594 0.826287 0.027604 0.036765
1 0.496875 0.577206 0.084375 0.071691
1 0.56901 0.547794 0.101562 0.029412
1 0.527344 0.434743 0.059896 0.136029
1 0.492708 0.495404 0.04375 0.115809
1 0.073698 0.496783 0.017188 0.015625
