1 0.009635 0.399357 0.013021 0.030331
1 0.015104 0.425092 0.015625 0.02114
1 0.08099 0.321691 0.025521 0.036765
1 0.113802 0.420037 0.017188 0.047794
1 0.511198 0.43704 0.009896 0.017463
1 0.441406 0.517463 0.017188 0.025735
1 0.423698 0.641085 0.007812 0.017463
1 0.548177 0.817555 0.020312 0.032169
1 0.548958 0.69761 0.016667 0.018382
1 0.975 0.774357 0.010417 0.017463
1 0.87474 0.268842 0.099479 0.133272
1 0.921875 0.175092 0.020833 0.034007
1 0.83125 0.289522 0.019792 0.03125
1 0.528646 0.607537 0.059375 0.128676
1 0.392448 0.285386 0.043229 0.096507
1 0.603125 0.858915 0.04375 0.090993
1 0.422396 0.429228 0.046875 0.090074
