1 0.271615 0.222886 0.027604 0.089154
0 0.446615 0.383732 0.209896 0.199449
0 0.450781 0.576746 0.115104 0.127757
0 0.404167 0.780331 0.052083 0.134191
0 0.552865 0.126838 0.044271 0.077206
1 0.059896 0.117188 0.015625 0.022978
1 0.038542 0.382353 0.028125 0.033088
1 0.245312 0.438419 0.008333 0.016544
1 0.46875 0.738511 0.01875 0.026654
1 0.501302 0.892004 0.007812 0.017463
1 0.826562 0.901195 0.0125 0.028493
1 0.641406 0.842831 0.013021 0.009191
1 0.440885 0.412684 0.018229 0.03125
1 0.478385 0.313419 0.008854 0.016544
1 0.499479 0.36443 0.007292 0.017463
1 0.541406 0.269761 0.015104 0.019301
1 0.597656 0.012408 0.008854 0.013787
1 0.877604 0.613511 0.015625 0.024816
1 0.81875 0.5625 0.026042 0.033088
1 0.713802 0.538143 0.025521 0.032169
1 0.61901 0.537224 0.019271 0.02114
