1 0.127344 0.484375 0.025521 0.027574
1 0.159635 0.754596 0.047396 0.088235
0 0.469271 0.819393 0.013542 0.017463
1 0.491667 0.965993 0.011458 0.014706
1 0.498958 0.487132 0.009375 0.016544
1 0.453385 0.372702 0.009896 0.013787
0 0.41276 0.365809 0.011979 0.023897
0 0.432812 0.511029 0.077083 0.264706
1 0.027083 0.506434 0.009375 0.020221
1 0.102865 0.369026 0.009896 0.013787
1 0.184896 0.340074 0.019792 0.029412
1 0.426562 0.471048 0.0125 0.011949
1 0.399479 0.053309 0.007292 0.020221
1 0.465104 0.074908 0.020833 0.046875
1 0.690625 0.120404 0.021875 0.022059
1 0.811458 0.197151 0.007292 0.028493
1 0.927344 0.569853 0.009896 0.020221
1 0.890104 0.483915 0.015625 0.030331
1 0.684635 0.576287 0.020312 0.034926
1 0.582552 0.566636 0.014062 0.046875
1 0.554688 0.504596 0.010417 0.03125
