1 0.166927 0.846048 0.046354 0.067096
1 0.254948 0.700827 0.034896 0.056066
1 0.2875 0.735294 0.020833 0.045956
1 0.3 0.738051 0.025 0.045956
1 0.310677 0.683364 0.016146 0.054228
1 0.367708 0.605239 0.023958 0.030331
1 0.360417 0.565257 0.054167 0.053309
1 0.457031 0.480239 0.020312 0.048713
1 0.471875 0.488971 0.022917 0.044118
1 0.482292 0.439798 0.039583 0.050551
1 0.498177 0.397978 0.018229 0.047794
1 0.519271 0.369945 0.022917 0.026654
1 0.535938 0.357537 0.00625 0.027574
1 0.615104 0.249081 0.044792 0.033088
1 0.665104 0.17693 0.05 0.059743
1 0.756771 0.087776 0.030208 0.04136
1 0.746875 0.054228 0.025 0.033088
1 0.776823 0.02114 0.028646 0.027574
1 0.074479 0.931985 0.036458 0.0625
1 0.285156 0.652574 0.025521 0.042279
1 0.405729 0.514246 0.020833 0.050551
1 0.545052 0.320312 0.024479 0.022978
1 0.431771 0.533088 0.007292 0.040441
1 0.104948 0.493107 0.023438 0.024816
1 0.720312 0.845588 0.013542 0.03125
