1 0.044271 0.014706 0.019792 0.029412
1 0.240625 0.042739 0.028125 0.061581
1 0.017188 0.423713 0.034375 0.082721
1 0.341406 0.389246 0.010938 0.019301
1 0.497917 0.5 0.04375 0.09375
1 0.429688 0.209099 0.0125 0.022978
1 0.66224 0.153033 0.007812 0.035846
0 0.546615 0.370864 0.044271 0.125919
1 0.75 0.233456 0.022917 0.044118
1 0.685938 0.507353 0.013542 0.014706
1 0.533594 0.750919 0.014062 0.023897
0 0.429948 0.678309 0.065104 0.066176
1 0.276042 0.82261 0.013542 0.029412
0 0.275 0.959559 0.085417 0.080882
1 0.415625 0.829044 0.008333 0.023897
1 0.229167 0.784007 0.014583 0.027574
1 0.113021 0.638327 0.010417 0.024816
1 0.063281 0.663143 0.006771 0.019301
1 0.947135 0.398897 0.020312 0.047794
1 0.995312 0.068934 0.007292 0.016544
1 0.899219 0.898897 0.017188 0.009191
1 0.042708 0.977941 0.010417 0.022059
0 0.35651 0.745404 0.058854 0.058824
