1 0.210677 0.216452 0.016146 0.017463
1 0.108333 0.154871 0.0125 0.030331
1 0.353385 0.680607 0.025521 0.07261
1 0.16224 0.951746 0.011979 0.070772
1 0.028385 0.856618 0.056771 0.042279
1 0.429167 0.508732 0.03125 0.050551
1 0.469792 0.627757 0.020833 0.034926
1 0.525 0.540441 0.035417 0.049632
1 0.521354 0.32307 0.03125 0.054228
1 0.683333 0.088235 0.025 0.058824
1 0.726042 0.15579 0.0125 0.063419
1 0.9 0.544118 0.026042 0.029412
1 0.984375 0.090074 0.0125 0.034926
1 0.703646 0.96921 0.025 0.061581
1 0.552083 0.756893 0.032292 0.054228
1 0.489583 0.670037 0.020833 0.033088
1 0.213021 0.28079 0.052083 0.113051
1 0.534896 0.954504 0.021875 0.035846
