1 0.272656 0.622243 0.009896 0.023897
1 0.177344 0.623621 0.016146 0.019301
1 0.091927 0.017004 0.014062 0.024816
1 0.232292 0.227022 0.009375 0.016544
1 0.26901 0.251379 0.013021 0.022978
1 0.420052 0.478401 0.011979 0.022978
1 0.455469 0.516085 0.013021 0.024816
1 0.53099 0.627298 0.020312 0.032169
1 0.601302 0.733915 0.014062 0.024816
1 0.664583 0.742188 0.035417 0.04136
1 0.667448 0.792279 0.029688 0.058824
1 0.884375 0.669577 0.025 0.04136
1 0.682552 0.501838 0.015104 0.029412
1 0.565625 0.173254 0.011458 0.019301
1 0.588542 0.151195 0.015625 0.022978
1 0.802344 0.067555 0.017188 0.026654
1 0.878906 0.138787 0.013021 0.027574
1 0.913021 0.063879 0.013542 0.015625
1 0.240365 0.697151 0.059896 0.10386
1 0.545573 0.633272 0.015104 0.040441
