1 0.43776 0.339154 0.179688 0.178309
1 0.18099 0.403033 0.089062 0.138787
1 0.174219 0.358915 0.028646 0.022978
1 0.147656 0.325827 0.028646 0.02114
1 0.164323 0.276654 0.022396 0.012868
1 0.108854 0.296415 0.017708 0.006434
1 0.096094 0.31296 0.017188 0.045037
1 0.066667 0.347886 0.009375 0.057904
1 0.057031 0.337316 0.019271 0.049632
1 0.04349 0.346507 0.010938 0.0625
1 0.635156 0.335938 0.017188 0.024816
1 0.647917 0.34375 0.013542 0.049632
1 0.713281 0.336857 0.043229 0.030331
1 0.500521 0.461397 0.005208 0.040441
1 0.370312 0.463235 0.015625 0.033088
1 0.008854 0.357077 0.017708 0.01011
1 0.63151 0.449908 0.025521 0.050551
1 0.653646 0.467371 0.029167 0.046875
1 0.951042 0.096048 0.028125 0.057904
1 0.589583 0.887408 0.011458 0.039522
