1 0.113281 0.088235 0.029688 0.045956
1 0.130208 0.142004 0.016667 0.05239
1 0.151823 0.173713 0.038021 0.082721
1 0.211719 0.277574 0.072396 0.066176
1 0.255729 0.270221 0.03125 0.03125
1 0.252865 0.318015 0.035938 0.033088
1 0.29375 0.168199 0.03125 0.034926
1 0.289062 0.522059 0.020833 0.034926
1 0.351042 0.388327 0.017708 0.046875
1 0.377604 0.251838 0.015625 0.014706
1 0.380208 0.10432 0.008333 0.02114
1 0.502865 0.161765 0.010938 0.014706
1 0.605208 0.274816 0.0125 0.016544
1 0.760417 0.293199 0.01875 0.014706
1 0.638021 0.38557 0.01875 0.02114
1 0.596615 0.661765 0.015104 0.011029
1 0.635677 0.66636 0.010938 0.014706
1 0.625521 0.795956 0.009375 0.040441
1 0.65599 0.828125 0.020312 0.036765
1 0.659115 0.753676 0.006771 0.018382
0 0.707031 0.89568 0.028646 0.054228
0 0.311719 0.242188 0.071354 0.164522
0 0.050781 0.056066 0.034896 0.112132
0 0.46276 0.569393 0.042188 0.074449
