1 0.231771 0.847886 0.145833 0.223346
1 0.138802 0.758732 0.053646 0.142463
1 0.083594 0.659926 0.055729 0.084559
1 0.082292 0.430147 0.0125 0.012868
1 0.561979 0.440257 0.0875 0.148897
1 0.152865 0.342371 0.015104 0.019301
1 0.433594 0.345129 0.016146 0.030331
1 0.40625 0.337776 0.007292 0.019301
1 0.34375 0.360294 0.101042 0.154412
1 0.414062 0.331801 0.021875 0.102941
1 0.78099 0.223805 0.064062 0.120404
1 0.058854 0.412224 0.117708 0.64614
1 0.008594 0.043199 0.017188 0.018382
1 0.272396 0.030331 0.073958 0.060662
1 0.08724 0.04136 0.057812 0.082721
1 0.02474 0.94807 0.049479 0.10386
1 0.976562 0.537224 0.046875 0.092831
1 0.127344 0.964154 0.030729 0.071691
1 0.325 0.967371 0.030208 0.065257
1 0.163021 0.984375 0.038542 0.03125
1 0.372135 0.987132 0.032812 0.025735
1 0.216667 0.990809 0.016667 0.018382
1 0.420833 0.990809 0.026042 0.018382
1 0.996615 0.033548 0.006771 0.067096
