0 0.460677 0.512868 0.085938 0.169118
1 0.309635 0.09329 0.019271 0.013787
1 0.292708 0.257353 0.00625 0.03125
1 0.143229 0.776654 0.020833 0.033088
1 0.489062 0.067555 0.011458 0.017463
1 0.661719 0.360294 0.017188 0.023897
1 0.767448 0.417739 0.009896 0.015625
1 0.784375 0.430607 0.015625 0.037684
1 0.551823 0.538603 0.005729 0.040441
1 0.499479 0.808364 0.007292 0.035846
1 0.532292 0.977022 0.025 0.034926
1 0.73151 0.875919 0.015104 0.025735
0 0.564844 0.991728 0.043229 0.016544
0 0.607552 0.993107 0.025521 0.013787
