1 0.586458 0.889246 0.010417 0.028493
1 0.842708 0.850184 0.016667 0.042279
1 0.067188 0.835018 0.007292 0.026654
1 0.94349 0.8125 0.111979 0.248162
1 0.11276 0.719669 0.031771 0.079044
1 0.236719 0.662684 0.009896 0.033088
1 0.317708 0.639706 0.04375 0.038603
1 0.282031 0.626838 0.035938 0.044118
1 0.904948 0.597886 0.017188 0.015625
1 0.225521 0.577665 0.020833 0.037684
1 0.882031 0.559743 0.009896 0.022059
1 0.227865 0.545037 0.029688 0.034926
1 0.254688 0.565717 0.035417 0.085478
1 0.829167 0.530331 0.010417 0.022059
1 0.778385 0.518382 0.015104 0.025735
1 0.790104 0.463695 0.058333 0.105699
1 0.172396 0.444393 0.0625 0.100184
1 0.159635 0.376379 0.019271 0.017463
1 0.586979 0.36443 0.016667 0.015625
1 0.488281 0.397059 0.072396 0.09375
1 0.628385 0.332721 0.005729 0.025735
1 0.563802 0.349724 0.057812 0.061581
1 0.063281 0.33364 0.015104 0.029412
1 0.059375 0.296875 0.014583 0.016544
1 0.040885 0.190717 0.007812 0.02114
1 0.029167 0.173254 0.011458 0.026654
1 0.083854 0.16636 0.0125 0.03125
1 0.117708 0.069393 0.014583 0.019301
1 0.558333 0.071691 0.014583 0.029412
1 0.936719 0.512408 0.126562 0.320772
1 0.997396 0.699908 0.005208 0.043199
