1 0.690365 0.939338 0.049479 0.090074
1 0.539844 0.524357 0.035938 0.057904
1 0.180469 0.659926 0.014062 0.016544
1 0.098177 0.314798 0.006771 0.05239
1 0.216927 0.300092 0.006771 0.026654
1 0.232552 0.627298 0.007812 0.030331
1 0.339323 0.522978 0.023438 0.007353
1 0.249479 0.896599 0.014583 0.039522
1 0.347656 0.889246 0.011979 0.032169
1 0.503646 0.806066 0.007292 0.016544
1 0.495052 0.272978 0.010938 0.016544
1 0.440365 0.069853 0.019271 0.022059
1 0.633073 0.032629 0.006771 0.043199
1 0.936458 0.415441 0.023958 0.016544
1 0.871875 0.363511 0.013542 0.026654
1 0.859115 0.298254 0.018229 0.030331
1 0.79375 0.378676 0.010417 0.025735
1 0.633594 0.488511 0.004688 0.032169
1 0.710677 0.607996 0.020312 0.02114
1 0.738281 0.695772 0.019271 0.014706
1 0.852604 0.563879 0.005208 0.026654
1 0.896875 0.634191 0.010417 0.025735
1 0.880469 0.785386 0.016146 0.037684
1 0.950521 0.875 0.026042 0.020221
