1 0.216406 0.023897 0.011979 0.03125
1 0.157552 0.068474 0.025521 0.011949
1 0.072135 0.115809 0.014062 0.029412
1 0.2 0.289982 0.017708 0.032169
1 0.172917 0.399816 0.029167 0.049632
1 0.167188 0.852941 0.021875 0.042279
1 0.591146 0.466912 0.026042 0.011029
1 0.719271 0.642463 0.027083 0.020221
1 0.53724 0.713235 0.089062 0.165441
1 0.501562 0.459559 0.101042 0.148897
1 0.355729 0.619945 0.013542 0.022978
1 0.408854 0.106158 0.027083 0.056066
1 0.346615 0.059283 0.017188 0.017463
1 0.973698 0.162224 0.021354 0.013787
1 0.917448 0.471507 0.015104 0.009191
