1 0.767969 0.987132 0.024479 0.022059
1 0.750781 0.982537 0.008854 0.023897
1 0.801562 0.966912 0.020833 0.011029
1 0.775521 0.957261 0.026042 0.037684
1 0.718229 0.944853 0.014583 0.042279
1 0.860938 0.914062 0.016667 0.024816
1 0.876042 0.893842 0.013542 0.046875
1 0.879427 0.875 0.017188 0.022059
1 0.853906 0.848346 0.013021 0.038603
1 0.714844 0.838235 0.018229 0.022059
1 0.820573 0.829504 0.031771 0.034007
1 0.489323 0.892463 0.061979 0.161765
1 0.855208 0.811121 0.025 0.030331
1 0.784115 0.803309 0.007812 0.036765
1 0.702344 0.795037 0.049479 0.073529
1 0.809115 0.773438 0.010938 0.032169
1 0.850521 0.72886 0.010417 0.022059
1 0.863542 0.740809 0.019792 0.049632
1 0.872135 0.710018 0.026562 0.017463
1 0.845312 0.700827 0.005208 0.030331
1 0.795052 0.710018 0.006771 0.05239
1 0.859896 0.692096 0.005208 0.038603
1 0.86875 0.6875 0.010417 0.038603
1 0.83099 0.686581 0.015104 0.038603
1 0.83724 0.678768 0.009896 0.028493
1 0.841146 0.670037 0.016667 0.027574
1 0.879427 0.667279 0.027604 0.03125
1 0.830208 0.651195 0.014583 0.04136
1 0.629427 0.646599 0.020312 0.043199
1 0.857812 0.628217 0.014583 0.032169
1 0.85599 0.585938 0.025521 0.034007
1 0.885677 0.579044 0.023438 0.044118
1 0.986719 0.450368 0.025521 0.064338
1 0.179688 0.422335 0.009375 0.026654
1 0.179427 0.400276 0.047396 0.11489
1 0.510677 0.473346 0.326562 0.658088
1 0.657292 0.034467 0.029167 0.050551
1 0.671875 0.979779 0.009375 0.040441
1 0.734896 0.990809 0.025 0.018382
1 0.715104 0.993566 0.014583 0.012868
