1 0.271094 0.504596 0.010938 0.022059
1 0.447396 0.615809 0.011458 0.014706
1 0.502604 0.668658 0.008333 0.026654
1 0.551562 0.428309 0.011458 0.023897
0 0.834115 0.888327 0.057812 0.094669
0 0.328906 0.459559 0.026562 0.090074
1 0.227865 0.449449 0.011979 0.018382
1 0.397396 0.111213 0.009375 0.018382
1 0.370573 0.5 0.010938 0.011029
1 0.379167 0.505515 0.011458 0.020221
1 0.247917 0.463235 0.020833 0.022059
1 0.621875 0.423713 0.011458 0.036765
1 0.473958 0.626838 0.009375 0.025735
1 0.276562 0.79182 0.013542 0.01011
1 0.389583 0.931985 0.010417 0.023897
1 0.51224 0.674632 0.010938 0.022059
