1 0.067708 0.923254 0.05 0.035846
1 0.107292 0.842371 0.036458 0.039522
1 0.132031 0.84329 0.015104 0.061581
1 0.219271 0.738971 0.027083 0.033088
1 0.213021 0.702206 0.025 0.027574
1 0.441667 0.432904 0.047917 0.034926
1 0.610156 0.20818 0.044271 0.065257
1 0.653646 0.225643 0.023958 0.045037
1 0.644792 0.196232 0.027083 0.032169
1 0.729427 0.081801 0.016146 0.047794
1 0.753906 0.038603 0.032812 0.036765
1 0.269792 0.641085 0.023958 0.046875
1 0.320052 0.59421 0.027604 0.039522
1 0.24349 0.673713 0.025521 0.034926
1 0.563542 0.358915 0.017708 0.048713
1 0.341927 0.574908 0.019271 0.04136
1 0.592188 0.313419 0.026042 0.027574
1 0.489062 0.39614 0.023958 0.025735
1 0.37474 0.546415 0.026562 0.019301
