1 0.079948 0.703585 0.126562 0.201287
1 0.341667 0.082721 0.13125 0.165441
1 0.689844 0.545037 0.141146 0.284926
1 0.69375 0.735294 0.205208 0.262868
1 0.851302 0.729779 0.061979 0.165441
1 0.985417 0.039062 0.029167 0.078125
1 0.955208 0.191636 0.089583 0.344669
1 0.939323 0.109835 0.023438 0.068934
1 0.8625 0.386949 0.069792 0.082721
1 0.956771 0.98989 0.026042 0.020221
1 0.582292 0.299173 0.055208 0.096507
1 0.021094 0.582721 0.042188 0.077206
0 0.028906 0.97932 0.057812 0.04136
0 0.10651 0.974265 0.032812 0.051471
1 0.782812 0.752298 0.03125 0.100184
1 0.945573 0.797335 0.108854 0.359375
1 0.420312 0.313879 0.219792 0.366728
1 0.89974 0.455423 0.185938 0.394301
1 0.788542 0.41636 0.055208 0.148897
1 0.621354 0.206342 0.135417 0.285846
