0 0.155469 0.429228 0.060938 0.049632
0 0.860417 0.920496 0.034375 0.056066
1 0.011719 0.245864 0.007812 0.022978
1 0.021615 0.241728 0.011979 0.023897
1 0.052604 0.348346 0.015625 0.029412
1 0.069271 0.322151 0.0125 0.043199
1 0.146875 0.379136 0.009375 0.013787
1 0.219792 0.400276 0.014583 0.019301
1 0.661979 0.09421 0.015625 0.022978
1 0.342969 0.438879 0.013021 0.011949
1 0.323958 0.463695 0.015625 0.04136
1 0.335417 0.507353 0.017708 0.018382
1 0.363802 0.518842 0.022396 0.019301
1 0.399219 0.566176 0.025521 0.047794
1 0.392969 0.59375 0.007812 0.023897
1 0.40625 0.604779 0.017708 0.029412
1 0.425521 0.581801 0.0125 0.029412
1 0.428906 0.621324 0.016146 0.020221
1 0.447396 0.62454 0.014583 0.024816
1 0.448958 0.667279 0.016667 0.014706
1 0.479948 0.640625 0.006771 0.018382
1 0.509635 0.636029 0.044271 0.09375
1 0.521094 0.67739 0.011979 0.016544
1 0.579688 0.601562 0.009375 0.013787
1 0.575521 0.660386 0.009375 0.015625
1 0.641406 0.724724 0.014062 0.028493
1 0.663802 0.774357 0.015104 0.022978
1 0.702344 0.789522 0.019271 0.033088
1 0.734375 0.825368 0.007292 0.022059
1 0.74349 0.822151 0.007812 0.032169
1 0.976302 0.53125 0.007812 0.027574
1 0.929688 0.63511 0.010417 0.020221
1 0.829948 0.898897 0.009896 0.018382
1 0.485677 0.964614 0.020312 0.028493
0 0.60625 0.674632 0.057292 0.108456
0 0.296875 0.371324 0.071875 0.091912
0 0.381771 0.528493 0.014583 0.119485
0 0.536719 0.601103 0.053646 0.075368
