1 0.082812 0.954963 0.008333 0.029412
1 0.126302 0.934743 0.017188 0.033088
1 0.076562 0.908088 0.021875 0.033088
1 0.058594 0.669118 0.117188 0.441176
1 0.367448 0.379136 0.097396 0.127757
1 0.498438 0.440717 0.147917 0.307904
1 0.75651 0.184283 0.048438 0.11489
1 0.291667 0.181985 0.05625 0.117647
1 0.440885 0.078585 0.019271 0.030331
1 0.178906 0.81296 0.177604 0.374081
1 0.761458 0.752757 0.477083 0.494485
1 0.932552 0.474724 0.134896 0.249081
1 0.441927 0.962776 0.021354 0.074449
1 0.461719 0.946232 0.025521 0.107537
