1 0.00651 0.991728 0.013021 0.016544
1 0.771354 0.965074 0.0375 0.069853
1 0.984375 0.915441 0.009375 0.018382
1 0.704167 0.873621 0.017708 0.065257
1 0.667708 0.829044 0.009375 0.018382
1 0.623438 0.799173 0.015625 0.026654
1 0.676823 0.792279 0.007812 0.045956
1 0.597917 0.694393 0.016667 0.019301
1 0.542188 0.485754 0.061458 0.100184
1 0.498958 0.451746 0.021875 0.087316
1 0.176562 0.382353 0.010417 0.029412
1 0.383333 0.119485 0.04375 0.139706
1 0.358854 0.074449 0.048958 0.101103
1 0.051302 0.034926 0.016146 0.040441
1 0.314583 0.013327 0.021875 0.026654
