1 0.467188 0.935662 0.009375 0.016544
1 0.05625 0.943015 0.020833 0.044118
1 0.889323 0.899816 0.025521 0.038603
1 0.910938 0.838235 0.013542 0.023897
1 0.956771 0.835938 0.01875 0.04136
0 0.914323 0.875919 0.057812 0.154412
0 0.794531 0.730699 0.100521 0.161765
1 0.99375 0.630055 0.0125 0.019301
0 0.570833 0.533548 0.034375 0.043199
1 0.539323 0.443934 0.024479 0.036765
0 0.388281 0.33318 0.068229 0.090993
1 0.185417 0.279871 0.0125 0.026654
1 0.167188 0.234835 0.014583 0.011949
0 0.28151 0.229779 0.057812 0.185662
1 0.928125 0.090993 0.008333 0.020221
0 0.244531 0.134651 0.095312 0.142463
1 0.689844 0.066176 0.010938 0.027574
0 0.168229 0.06296 0.073958 0.125919
0 0.107552 0.034467 0.032812 0.068934
