1 0.022917 0.037684 0.045833 0.073529
1 0.249479 0.248162 0.079167 0.123162
1 0.33724 0.497243 0.030729 0.091912
1 0.38724 0.538143 0.089062 0.144301
1 0.559375 0.274816 0.042708 0.069853
1 0.574219 0.317096 0.023438 0.03125
1 0.601042 0.306066 0.03125 0.086397
1 0.639323 0.278952 0.053646 0.096507
1 0.891146 0.351103 0.030208 0.075368
1 0.930729 0.338235 0.046875 0.104779
1 0.819792 0.601562 0.045833 0.087316
1 0.798438 0.678309 0.020833 0.055147
1 0.791146 0.755515 0.0375 0.071691
1 0.838802 0.71829 0.057812 0.155331
1 0.846354 0.663143 0.029167 0.067096
1 0.870833 0.717831 0.028125 0.104779
1 0.911719 0.95864 0.066146 0.082721
1 0.191927 0.373162 0.039062 0.069853
1 0.520833 0.337776 0.033333 0.079963
