1 0.203906 0.710478 0.043229 0.042279
1 0.317708 0.141544 0.016667 0.047794
1 0.400521 0.113971 0.009375 0.027574
1 0.42526 0.357996 0.022396 0.035846
1 0.644531 0.358456 0.017188 0.023897
1 0.830208 0.102941 0.015625 0.027574
1 0.472917 0.636029 0.009375 0.016544
1 0.522396 0.763787 0.014583 0.027574
1 0.60599 0.809283 0.015104 0.037684
1 0.665885 0.716452 0.015104 0.013787
1 0.815885 0.536305 0.020312 0.035846
1 0.853125 0.68796 0.005208 0.024816
1 0.866667 0.702206 0.016667 0.022059
1 0.941927 0.625 0.009896 0.018382
1 0.397917 0.23989 0.075 0.152574
1 0.497135 0.509191 0.063021 0.147059
1 0.546354 0.518842 0.077083 0.160846
1 0.779948 0.888327 0.045312 0.100184
1 0.868229 0.547335 0.00625 0.022978
