1 0.453646 0.112592 0.044792 0.124081
1 0.273958 0.21921 0.009375 0.015625
1 0.249219 0.266544 0.008854 0.016544
1 0.071615 0.048254 0.014062 0.019301
1 0.1125 0.641544 0.0125 0.016544
1 0.055469 0.703585 0.017188 0.026654
1 0.341667 0.567096 0.009375 0.027574
1 0.461719 0.857077 0.016146 0.032169
1 0.848958 0.922335 0.0125 0.02114
0 0.498698 0.445312 0.107812 0.129596
0 0.747135 0.078585 0.073438 0.157169
0 0.353385 0.768382 0.085938 0.137868
0 0.039323 0.012408 0.022396 0.024816
1 0.104948 0.413603 0.016146 0.033088
1 0.640104 0.127298 0.014583 0.034007
1 0.817188 0.070772 0.022917 0.022059
1 0.619531 0.423254 0.020312 0.037684
1 0.583854 0.790901 0.028125 0.050551
1 0.63099 0.851103 0.007812 0.029412
