1 0.058073 0.657169 0.024479 0.042279
1 0.279948 0.469669 0.040104 0.056985
1 0.308073 0.365349 0.024479 0.02114
1 0.338542 0.371783 0.032292 0.109375
1 0.358333 0.413143 0.032292 0.067096
1 0.4375 0.441176 0.16875 0.358456
1 0.754688 0.655331 0.034375 0.060662
1 0.823438 0.529871 0.011458 0.015625
1 0.858073 0.526654 0.030729 0.056985
1 0.961198 0.505055 0.025521 0.048713
1 0.986458 0.517923 0.017708 0.026654
1 0.975 0.434743 0.05 0.128676
1 0.725781 0.43704 0.045312 0.10386
1 0.675521 0.545037 0.017708 0.025735
1 0.697135 0.535386 0.018229 0.022978
