1 0.450781 0.598805 0.026562 0.039522
1 0.474219 0.732537 0.034896 0.051471
1 0.500521 0.933824 0.03125 0.029412
1 0.654167 0.53125 0.011458 0.029412
1 0.786719 0.652114 0.005729 0.04136
1 0.799479 0.707261 0.034375 0.015625
1 0.246094 0.268382 0.025521 0.009191
1 0.364583 0.193474 0.00625 0.035846
1 0.133073 0.24954 0.026562 0.032169
1 0.152344 0.424173 0.025521 0.043199
1 0.023177 0.984835 0.027604 0.017463
1 0.442188 0.434283 0.026042 0.057904
1 0.4125 0.073989 0.020833 0.048713
1 0.016406 0.720588 0.015104 0.011029
1 0.127344 0.994485 0.011979 0.011029
1 0.153385 0.686121 0.024479 0.006434
1 0.129427 0.466452 0.015104 0.01011
1 0.245312 0.022059 0.0125 0.012868
1 0.386198 0.28079 0.008854 0.028493
1 0.29349 0.495404 0.023438 0.009191
1 0.344271 0.64614 0.00625 0.022059
1 0.79375 0.91682 0.008333 0.045037
1 0.826823 0.873162 0.026562 0.016544
1 0.923958 0.795037 0.016667 0.016544
1 0.957812 0.61443 0.030208 0.013787
1 0.820312 0.539062 0.010417 0.017463
1 0.73724 0.174632 0.013021 0.012868
1 0.823958 0.084559 0.009375 0.018382
1 0.851823 0.106618 0.017188 0.009191
