1 0.535417 0.295037 0.028125 0.033088
1 0.510156 0.42739 0.021354 0.033088
1 0.467708 0.508732 0.017708 0.030331
1 0.31901 0.534926 0.008854 0.016544
1 0.23724 0.558824 0.016146 0.029412
1 0.140365 0.753217 0.015104 0.026654
1 0.01224 0.969669 0.016146 0.025735
1 0.166667 0.363051 0.021875 0.036765
1 0.153125 0.082261 0.027083 0.039522
1 0.183333 0.040901 0.013542 0.019301
1 0.086979 0.060202 0.017708 0.024816
1 0.602604 0.641544 0.011458 0.016544
1 0.550521 0.69807 0.0125 0.015625
1 0.516927 0.749081 0.010938 0.011029
1 0.622656 0.829504 0.014062 0.019301
1 0.611719 0.732996 0.024479 0.032169
1 0.607812 0.496324 0.009375 0.014706
1 0.748698 0.897518 0.014062 0.026654
1 0.927344 0.805607 0.030729 0.035846
1 0.981771 0.769301 0.013542 0.016544
1 0.794792 0.014706 0.029167 0.029412
1 0.969792 0.070312 0.014583 0.030331
1 0.735417 0.006434 0.010417 0.012868
1 0.664844 0.144301 0.011979 0.014706
1 0.290625 0.113511 0.010417 0.024816
1 0.477604 0.762868 0.052083 0.097426
1 0.279948 0.090074 0.043229 0.079044
1 0.503906 0.33318 0.033854 0.081801
1 0.455469 0.667739 0.039062 0.056066
1 0.440625 0.244945 0.034375 0.057904
1 0.371875 0.130974 0.03125 0.056066
1 0.607292 0.380055 0.029167 0.057904
1 0.85599 0.277114 0.028646 0.056066
1 0.58724 0.460478 0.023438 0.047794
1 0.564583 0.582261 0.03125 0.037684
1 0.295312 0.229779 0.019792 0.055147
1 0.585156 0.321232 0.028646 0.035846
1 0.497135 0.852482 0.020312 0.04136
