1 0.071094 0.290441 0.040104 0.113971
1 0.058333 0.940257 0.01875 0.020221
1 0.464583 0.185202 0.05625 0.133272
1 0.511198 0.147978 0.061979 0.102941
1 0.574479 0.759651 0.052083 0.078125
1 0.685677 0.933824 0.033854 0.055147
0 0.957552 0.381434 0.020312 0.040441
1 0.758073 0.566636 0.048438 0.056066
1 0.769271 0.664522 0.042708 0.084559
1 0.825521 0.576287 0.035417 0.055147
1 0.904167 0.600643 0.015625 0.043199
1 0.910156 0.872702 0.058854 0.07261
0 0.58724 0.41636 0.039062 0.123162
0 0.455208 0.463695 0.028125 0.122243
0 0.845833 0.419577 0.034375 0.059743
1 0.788021 0.494485 0.038542 0.034926
1 0.784375 0.971967 0.064583 0.056066
