1 0.945833 0.828585 0.086458 0.129596
1 0.448958 0.571691 0.036458 0.09375
1 0.514062 0.573529 0.070833 0.126838
1 0.854427 0.550551 0.121354 0.1875
1 0.292708 0.466452 0.05 0.105699
1 0.672135 0.219669 0.009896 0.027574
1 0.721354 0.223805 0.03125 0.07261
1 0.536458 0.176011 0.020833 0.079963
1 0.024479 0.193474 0.048958 0.147978
1 0.225521 0.137868 0.0375 0.071691
1 0.83125 0.157629 0.11875 0.179228
1 0.569271 0.068934 0.054167 0.091912
1 0.695573 0.026654 0.073438 0.053309
1 0.085417 0.736213 0.170833 0.527574
1 0.013802 0.785386 0.027604 0.04136
1 0.017969 0.873621 0.035938 0.089154
1 0.090625 0.990349 0.017708 0.019301
1 0.157552 0.924173 0.034896 0.151654
1 0.183594 0.973346 0.056771 0.053309
1 0.190885 0.991268 0.020312 0.017463
1 0.246615 0.938879 0.051562 0.122243
1 0.311198 0.96875 0.006771 0.0625
1 0.328906 0.976562 0.008854 0.046875
1 0.360417 0.981618 0.039583 0.036765
1 0.395052 0.952665 0.017188 0.094669
1 0.772396 0.982077 0.025 0.035846
1 0.820573 0.990349 0.021354 0.019301
1 0.917188 0.920956 0.091667 0.158088
1 0.991927 0.028033 0.016146 0.056066
