1 0.14349 0.081342 0.050521 0.11489
1 0.20625 0.273438 0.022917 0.05239
1 0.155469 0.645221 0.022396 0.036765
1 0.540365 0.044118 0.093229 0.088235
1 0.536719 0.112132 0.086979 0.119485
1 0.535156 0.273438 0.075521 0.144301
1 0.507292 0.361673 0.032292 0.046875
1 0.492448 0.413603 0.036979 0.042279
1 0.514323 0.515625 0.075521 0.185662
1 0.458333 0.50046 0.025 0.056066
1 0.466667 0.619026 0.045833 0.074449
1 0.502604 0.644761 0.040625 0.11489
1 0.48125 0.846048 0.030208 0.07261
1 0.467188 0.894761 0.025 0.037684
1 0.489062 0.941176 0.066667 0.101103
1 0.491667 0.782169 0.058333 0.112132
1 0.50599 0.193934 0.056771 0.069853
1 0.46276 0.715993 0.035938 0.068015
1 0.427083 0.303768 0.013542 0.017463
1 0.691927 0.095588 0.013021 0.022059
