1 0.03724 0.483456 0.031771 0.012868
1 0.050521 0.506434 0.019792 0.016544
1 0.042708 0.582721 0.0125 0.023897
1 0.065885 0.68796 0.014062 0.043199
1 0.108594 0.68704 0.025521 0.011949
1 0.133333 0.78125 0.007292 0.045956
1 0.271094 0.94807 0.005729 0.026654
1 0.332812 0.969669 0.020833 0.007353
1 0.346615 0.88511 0.034896 0.029412
1 0.221094 0.565257 0.007812 0.036765
1 0.16875 0.433824 0.007292 0.040441
1 0.35651 0.118107 0.022396 0.019301
1 0.629948 0.119945 0.032812 0.057904
1 0.609635 0.438419 0.019271 0.045956
1 0.584896 0.525735 0.019792 0.005515
1 0.74974 0.713695 0.014062 0.043199
1 0.718229 0.898438 0.028125 0.078125
1 0.789583 0.717831 0.021875 0.011029
1 0.947396 0.622702 0.017708 0.028493
1 0.905208 0.432904 0.020833 0.018382
1 0.935677 0.412224 0.016146 0.008272
1 0.634115 0.814338 0.043229 0.073529
1 0.759375 0.942096 0.027083 0.066176
1 0.298438 0.379596 0.028125 0.056985
1 0.159115 0.215533 0.015104 0.046875
1 0.455729 0.482996 0.036458 0.070772
1 0.039323 0.18704 0.024479 0.017463
1 0.066406 0.258272 0.013021 0.055147
1 0.079167 0.34329 0.014583 0.01011
1 0.084896 0.39568 0.014583 0.015625
1 0.127865 0.894761 0.009896 0.013787
1 0.307552 0.759651 0.017188 0.026654
1 0.525 0.918658 0.014583 0.04136
1 0.751562 0.359375 0.011458 0.014706
1 0.995052 0.310662 0.007812 0.018382
1 0.928646 0.322151 0.007292 0.017463
