1 0.060417 0.522978 0.027083 0.025735
1 0.148177 0.278493 0.011979 0.03125
1 0.201823 0.290901 0.013021 0.067096
1 0.350521 0.28171 0.021875 0.04136
1 0.653646 0.1875 0.009375 0.047794
1 0.64974 0.228401 0.014062 0.022978
1 0.770573 0.091912 0.040104 0.064338
1 0.854688 0.036305 0.022917 0.046875
1 0.288021 0.328125 0.019792 0.014706
1 0.815365 0.016544 0.010938 0.020221
1 0.835938 0.109835 0.00625 0.032169
1 0.971875 0.255515 0.05625 0.020221
1 0.976823 0.538603 0.017188 0.022059
1 0.979427 0.603401 0.011979 0.013787
1 0.941927 0.421415 0.116146 0.247243
1 0.81849 0.383272 0.223438 0.382353
1 0.772656 0.607537 0.009896 0.038603
1 0.716927 0.630055 0.048438 0.043199
1 0.757292 0.645221 0.008333 0.027574
1 0.816927 0.900276 0.018229 0.043199
1 0.254427 0.550092 0.257812 0.524816
1 0.463802 0.487132 0.198438 0.279412
1 0.523958 0.08318 0.015625 0.019301
1 0.378646 0.522059 0.015625 0.018382
1 0.313802 0.417279 0.015104 0.027574
1 0.339844 0.909467 0.007812 0.046875
