1 0.26849 0.701287 0.042188 0.056985
1 0.321875 0.725643 0.015625 0.032169
1 0.277083 0.772059 0.014583 0.012868
1 0.355469 0.577206 0.053646 0.060662
1 0.43099 0.494945 0.015104 0.045037
1 0.439583 0.443474 0.014583 0.022978
1 0.471875 0.409467 0.007292 0.022978
1 0.480469 0.398897 0.006771 0.029412
1 0.617969 0.328585 0.010938 0.011949
1 0.638542 0.276195 0.013542 0.022978
1 0.661458 0.195772 0.015625 0.049632
1 0.673177 0.109375 0.018229 0.03125
1 0.740885 0.050092 0.026562 0.100184
1 0.517708 0.36489 0.03125 0.143382
1 0.339062 0.611673 0.036458 0.074449
1 0.119271 0.972426 0.067708 0.055147
1 0.571875 0.789982 0.040625 0.054228
