1 0.895573 0.86489 0.098438 0.154412
1 0.749219 0.701746 0.239062 0.340993
1 0.835156 0.576287 0.067188 0.139706
1 0.470312 0.545037 0.294792 0.536765
1 0.655208 0.340993 0.18125 0.472426
1 0.020833 0.071691 0.041667 0.143382
1 0.220833 0.036765 0.1375 0.073529
1 0.475781 0.051471 0.226562 0.102941
1 0.97474 0.190257 0.046354 0.101103
1 0.984115 0.24954 0.031771 0.056066
1 0.967448 0.306985 0.049479 0.077206
1 0.981771 0.365349 0.036458 0.182904
1 0.9375 0.962316 0.125 0.075368
1 0.207552 0.869026 0.149479 0.261949
1 0.770833 0.877298 0.21875 0.245404
1 0.927344 0.679688 0.145312 0.524816
1 0.419531 0.224265 0.191146 0.391544
1 0.078646 0.584099 0.157292 0.831801
