1 0.434635 0.821232 0.025521 0.063419
1 0.459896 0.748162 0.005208 0.033088
1 0.067969 0.631893 0.008854 0.022978
1 0.465104 0.611673 0.026042 0.026654
1 0.476562 0.465074 0.059375 0.0625
1 0.492448 0.424173 0.004688 0.034007
1 0.504948 0.41636 0.046354 0.060662
1 0.516927 0.381893 0.035938 0.037684
1 0.128906 0.331801 0.032812 0.056985
1 0.524479 0.286765 0.029167 0.088235
1 0.828125 0.211857 0.046875 0.048713
1 0.516927 0.164522 0.014062 0.025735
1 0.548698 0.116268 0.015104 0.02114
1 0.851302 0.019301 0.018229 0.020221
1 0.559635 0.017923 0.010938 0.035846
