1 0.235677 0.059283 0.066146 0.118566
1 0.334375 0.190257 0.0375 0.091912
1 0.308333 0.189338 0.038542 0.060662
1 0.396615 0.313879 0.008854 0.070772
1 0.404167 0.386489 0.025 0.092831
1 0.413802 0.327206 0.017188 0.049632
1 0.486979 0.398897 0.0375 0.038603
1 0.809635 0.888787 0.094271 0.174632
1 0.759115 0.73943 0.050521 0.151654
1 0.292188 0.755055 0.051042 0.096507
1 0.266667 0.790901 0.022917 0.061581
1 0.257031 0.876838 0.021354 0.018382
1 0.122396 0.560662 0.0375 0.056985
1 0.726042 0.788603 0.017708 0.047794
1 0.76276 0.849724 0.011979 0.054228
1 0.826302 0.965533 0.007812 0.022978
1 0.057552 0.262868 0.011979 0.047794
1 0.636198 0.625919 0.149479 0.306985
1 0.504167 0.52068 0.079167 0.050551
1 0.490104 0.426471 0.082292 0.132353
1 0.88776 0.948989 0.031771 0.102022
1 0.910417 0.990349 0.022917 0.019301
1 0.932812 0.986213 0.011458 0.027574
