1 0.73125 0.772978 0.017708 0.042279
1 0.242448 0.722426 0.061979 0.170956
1 0.182292 0.652114 0.066667 0.120404
1 0.355469 0.578125 0.010938 0.022059
1 0.654948 0.56204 0.015104 0.026654
1 0.641927 0.530331 0.014062 0.025735
1 0.350781 0.550551 0.053646 0.077206
1 0.158854 0.47932 0.057292 0.070772
1 0.263281 0.342831 0.013021 0.023897
1 0.288542 0.338695 0.033333 0.092831
1 0.202083 0.22886 0.025 0.029412
1 0.46849 0.478401 0.277604 0.534007
1 0.190104 0.157629 0.0125 0.01011
1 0.207812 0.889706 0.020833 0.020221
1 0.959896 0.047335 0.0125 0.026654
