1 0.903125 0.98989 0.027083 0.020221
1 0.842969 0.942555 0.063021 0.037684
1 0.927344 0.94807 0.058854 0.10386
1 0.7625 0.862132 0.030208 0.020221
1 0.291146 0.837316 0.013542 0.018382
1 0.299219 0.777114 0.011979 0.017463
1 0.708333 0.744485 0.017708 0.022059
1 0.61224 0.638787 0.025521 0.020221
1 0.622135 0.62546 0.034896 0.011949
1 0.55 0.523438 0.026042 0.078125
1 0.480208 0.45864 0.029167 0.068015
1 0.521875 0.451746 0.021875 0.067096
1 0.017708 0.402114 0.035417 0.070772
1 0.446094 0.371324 0.048438 0.042279
1 0.18776 0.36489 0.024479 0.029412
1 0.361979 0.240809 0.036458 0.03125
1 0.239583 0.074908 0.042708 0.04136
1 0.907552 0.926471 0.072396 0.069853
