1 0.072917 0.903952 0.059375 0.076287
1 0.102083 0.726103 0.114583 0.294118
1 0.069792 0.645221 0.107292 0.128676
1 0.274479 0.140165 0.039583 0.08364
1 0.310156 0.088235 0.084896 0.167279
1 0.340625 0.013327 0.040625 0.026654
1 0.389583 0.050092 0.069792 0.100184
1 0.460677 0.05193 0.078646 0.10386
1 0.78776 0.023897 0.044271 0.047794
1 0.455208 0.4375 0.030208 0.077206
1 0.491406 0.40579 0.047396 0.136949
1 0.960417 0.346967 0.04375 0.059743
1 0.96276 0.516085 0.036979 0.094669
1 0.813802 0.930607 0.057812 0.111213
1 0.838802 0.880515 0.035938 0.0625
1 0.838802 0.803309 0.051562 0.112132
1 0.882552 0.872243 0.053646 0.121324
1 0.927083 0.917279 0.032292 0.077206
1 0.768229 0.942096 0.109375 0.115809
1 0.694792 0.946691 0.04375 0.106618
1 0.972396 0.392004 0.055208 0.162684
1 0.972656 0.586397 0.054688 0.084559
1 0.753646 0.835018 0.08125 0.149816
1 0.885156 0.964154 0.089062 0.071691
1 0.990885 0.508732 0.018229 0.05239
1 0.566406 0.303768 0.021354 0.039522
