1 0.309896 0.944853 0.010417 0.029412
1 0.958854 0.88557 0.010417 0.02114
1 0.695052 0.83364 0.020312 0.044118
1 0.805208 0.823989 0.03125 0.035846
1 0.954427 0.823529 0.031771 0.0625
1 0.55599 0.803768 0.009896 0.026654
1 0.539583 0.795496 0.015625 0.035846
1 0.513542 0.722426 0.011458 0.018382
1 0.7625 0.711397 0.03125 0.056985
1 0.638021 0.67693 0.019792 0.028493
1 0.964062 0.701287 0.048958 0.086397
1 0.794531 0.679228 0.014062 0.049632
1 0.767188 0.667279 0.020833 0.040441
1 0.226823 0.628217 0.028646 0.061581
1 0.133333 0.610754 0.016667 0.034007
1 0.805729 0.585478 0.067708 0.117647
1 0.655469 0.538603 0.026562 0.029412
1 0.124479 0.532629 0.010417 0.02114
1 0.589062 0.494026 0.016667 0.045037
1 0.578906 0.474265 0.006771 0.025735
1 0.539583 0.470588 0.016667 0.027574
1 0.476562 0.465993 0.032292 0.040441
1 0.065625 0.46921 0.022917 0.061581
1 0.653646 0.429688 0.026042 0.04136
1 0.613281 0.439338 0.035938 0.060662
1 0.519271 0.41682 0.01875 0.035846
1 0.458333 0.401195 0.008333 0.015625
1 0.681771 0.40625 0.020833 0.034926
1 0.486719 0.400276 0.011979 0.022978
1 0.329427 0.438879 0.061979 0.105699
1 0.748438 0.413603 0.041667 0.077206
1 0.592708 0.394301 0.032292 0.053309
1 0.134375 0.395221 0.03125 0.0625
1 0.552344 0.391544 0.044271 0.060662
1 0.10651 0.377298 0.020312 0.039522
1 0.918229 0.334099 0.011458 0.022978
1 0.932812 0.334099 0.007292 0.026654
1 0.725 0.365349 0.039583 0.096507
1 0.701562 0.329504 0.011458 0.024816
1 0.236198 0.352482 0.041146 0.081801
1 0.767969 0.299632 0.020312 0.03125
1 0.27526 0.294118 0.009896 0.049632
1 0.196615 0.289062 0.052604 0.092831
1 0.05026 0.226562 0.024479 0.032169
1 0.085677 0.215993 0.026562 0.038603
1 0.073698 0.196691 0.027604 0.025735
1 0.254167 0.163603 0.011458 0.03125
1 0.079167 0.143842 0.020833 0.035846
1 0.785938 0.110294 0.008333 0.023897
1 0.936719 0.04182 0.013021 0.026654
1 0.522135 0.039982 0.021354 0.054228
1 0.939583 0.500919 0.014583 0.014706
