1 0.459115 0.465993 0.013021 0.020221
1 0.476042 0.481618 0.020833 0.03125
1 0.508594 0.482077 0.040104 0.074449
1 0.63776 0.625 0.013021 0.022059
1 0.947656 0.908088 0.015104 0.023897
1 0.871875 0.837316 0.039583 0.097426
1 0.795312 0.758272 0.035417 0.064338
1 0.054167 0.115349 0.01875 0.056066
1 0.250781 0.255515 0.018229 0.047794
1 0.774479 0.735294 0.016667 0.051471
1 0.008594 0.073989 0.017188 0.032169
1 0.008073 0.11489 0.010938 0.022059
1 0.043229 0.15625 0.009375 0.022059
1 0.183073 0.196691 0.021354 0.066176
