1 0.146875 0.848805 0.013542 0.015625
1 0.341146 0.811121 0.010417 0.030331
1 0.33724 0.732537 0.011979 0.022059
1 0.185156 0.704504 0.020312 0.059743
1 0.244792 0.689798 0.023958 0.046875
1 0.130469 0.701287 0.049479 0.106618
1 0.495573 0.507812 0.064062 0.149816
1 0.780729 0.335018 0.438542 0.670037
1 0.508333 0.853401 0.276042 0.293199
1 0.25599 0.52068 0.175521 0.309743
1 0.176042 0.009651 0.013542 0.019301
1 0.334635 0.02068 0.041146 0.04136
1 0.424219 0.009651 0.023438 0.019301
1 0.979427 0.899816 0.041146 0.095588
1 0.711719 0.985754 0.029688 0.028493
