1 0.061198 0.446691 0.024479 0.055147
1 0.036198 0.404412 0.027604 0.049632
1 0.084635 0.034926 0.016146 0.042279
1 0.129167 0.019301 0.016667 0.038603
1 0.278906 0.104779 0.016146 0.023897
1 0.338542 0.266544 0.008333 0.033088
1 0.06901 0.556985 0.006771 0.022059
1 0.139583 0.65671 0.013542 0.043199
1 0.186719 0.755974 0.014062 0.030331
1 0.193229 0.827665 0.025 0.034007
1 0.146354 0.837776 0.009375 0.017463
1 0.096354 0.881893 0.027083 0.046875
1 0.03776 0.886489 0.011979 0.030331
1 0.00651 0.759651 0.006771 0.02114
1 0.291927 0.830423 0.021354 0.045037
1 0.233333 0.87546 0.011458 0.030331
1 0.195833 0.980699 0.009375 0.025735
1 0.255208 0.994026 0.0125 0.011949
1 0.271875 0.993107 0.010417 0.013787
1 0.31901 0.984375 0.022396 0.03125
1 0.396875 0.982077 0.023958 0.035846
1 0.410156 0.824449 0.015104 0.033088
1 0.360938 0.681985 0.008333 0.020221
1 0.582031 0.730239 0.027604 0.048713
1 0.571875 0.690717 0.008333 0.02114
1 0.691406 0.804688 0.011979 0.026654
1 0.380469 0.477482 0.008854 0.015625
1 0.663281 0.47932 0.011979 0.032169
1 0.685677 0.602941 0.007812 0.018382
1 0.728646 0.542739 0.022917 0.035846
1 0.759375 0.587316 0.009375 0.018382
1 0.759635 0.497243 0.006771 0.020221
1 0.569271 0.255055 0.038542 0.057904
1 0.530469 0.128217 0.006771 0.02114
1 0.596615 0.169118 0.023438 0.040441
1 0.672917 0.130055 0.019792 0.035846
1 0.747656 0.08364 0.013021 0.033088
1 0.863542 0.013787 0.008333 0.018382
1 0.73724 0.245864 0.010938 0.013787
1 0.747396 0.304228 0.007292 0.020221
1 0.758854 0.372702 0.020833 0.030331
1 0.865104 0.257812 0.025 0.028493
1 0.840104 0.18704 0.015625 0.028493
1 0.986458 0.056526 0.023958 0.045037
1 0.995833 0.122702 0.008333 0.019301
1 0.978906 0.193934 0.011979 0.020221
1 0.877865 0.327206 0.009896 0.012868
1 0.923438 0.808364 0.020833 0.034007
1 0.950781 0.861213 0.032812 0.038603
1 0.948177 0.923254 0.023438 0.046875
1 0.938021 0.959099 0.032292 0.056066
1 0.558333 0.142923 0.041667 0.08364
1 0.551562 0.554688 0.034375 0.057904
1 0.388021 0.758272 0.055208 0.097426
1 0.205729 0.884191 0.029167 0.049632
1 0.540625 0.423713 0.032292 0.068015
1 0.383594 0.580882 0.033854 0.056985
1 0.24375 0.167739 0.027083 0.039522
1 0.357292 0.403033 0.03125 0.056066
1 0.575 0.305607 0.03125 0.061581
1 0.322656 0.215074 0.019271 0.038603
1 0.992969 0.234835 0.014062 0.039522
