1 0.230208 0.171415 0.010417 0.048713
1 0.24974 0.294118 0.019271 0.034926
1 0.271094 0.604779 0.017188 0.020221
1 0.328906 0.75046 0.021354 0.037684
1 0.451562 0.65671 0.04375 0.057904
1 0.359896 0.245404 0.0125 0.018382
1 0.563542 0.192555 0.00625 0.046875
1 0.530469 0.597426 0.013021 0.038603
1 0.554427 0.54182 0.018229 0.032169
1 0.650521 0.14568 0.016667 0.039522
1 0.875521 0.015165 0.01875 0.030331
1 0.969792 0.044577 0.01875 0.070772
1 0.821875 0.305607 0.029167 0.043199
1 0.73125 0.484835 0.027083 0.050551
1 0.980729 0.411305 0.030208 0.048713
1 0.900521 0.404412 0.01875 0.03125
1 0.907552 0.431526 0.013021 0.022978
1 0.966146 0.814798 0.041667 0.030331
1 0.91875 0.818015 0.032292 0.055147
1 0.883594 0.52068 0.024479 0.039522
1 0.828646 0.810662 0.025 0.03125
1 0.844271 0.939798 0.036458 0.057904
1 0.58776 0.533548 0.061979 0.157169
1 0.502604 0.534926 0.069792 0.106618
1 0.992708 0.110294 0.014583 0.022059
1 0.115365 0.495864 0.082812 0.111213
1 0.927083 0.399357 0.021875 0.039522
1 0.988021 0.598805 0.01875 0.019301
1 0.879427 0.461397 0.026562 0.058824
1 0.024219 0.473346 0.048438 0.108456
1 0.920312 0.349724 0.034375 0.059743
1 0.9625 0.479779 0.019792 0.027574
1 0.825 0.691636 0.102083 0.11489
1 0.19974 0.178768 0.010938 0.013787
1 0.721875 0.292279 0.023958 0.0625
1 0.920052 0.007353 0.015104 0.014706
1 0.966667 0.129136 0.013542 0.08364
1 0.951823 0.178309 0.016146 0.025735
1 0.823438 0.354779 0.053125 0.075368
1 0.796094 0.40625 0.025521 0.084559
1 0.815365 0.413603 0.011979 0.029412
1 0.91276 0.44807 0.011979 0.013787
1 0.93724 0.474265 0.010938 0.014706
1 0.915104 0.485294 0.010417 0.033088
1 0.905729 0.559283 0.053125 0.067096
1 0.945052 0.700827 0.054688 0.039522
1 0.992188 0.612592 0.013542 0.01011
1 0.929948 0.590993 0.022396 0.03125
1 0.692969 0.71875 0.019271 0.099265
1 0.677344 0.681066 0.020312 0.009191
1 0.629427 0.689338 0.021354 0.071691
1 0.807292 0.919577 0.014583 0.01011
1 0.639844 0.770221 0.016146 0.03125
1 0.929427 0.95864 0.018229 0.016544
1 0.869792 0.91636 0.028125 0.112132
1 0.884375 0.91636 0.013542 0.011029
1 0.959115 0.73943 0.018229 0.008272
1 0.953385 0.411765 0.014062 0.016544
1 0.853646 0.233915 0.036458 0.079963
1 0.911458 0.138787 0.0625 0.115809
1 0.885938 0.280331 0.061458 0.139706
1 0.645052 0.579504 0.030729 0.04136
1 0.685417 0.534467 0.025 0.035846
