1 0.032812 0.030331 0.008333 0.040441
1 0.004688 0.138787 0.009375 0.027574
1 0.067448 0.052849 0.007812 0.037684
1 0.134896 0.091912 0.025 0.025735
1 0.078906 0.116268 0.043229 0.063419
1 0.097656 0.261949 0.015104 0.022059
1 0.070052 0.292279 0.035938 0.049632
1 0.039583 0.233456 0.020833 0.060662
1 0.019792 0.351103 0.009375 0.040441
1 0.050781 0.482996 0.048438 0.07261
1 0.026302 0.538143 0.027604 0.034007
1 0.036719 0.876838 0.023438 0.077206
1 0.124479 0.819853 0.011458 0.053309
1 0.109635 0.733915 0.016146 0.056066
1 0.079167 0.636029 0.016667 0.023897
1 0.08776 0.600643 0.015104 0.050551
1 0.134635 0.637868 0.044271 0.064338
1 0.202083 0.544118 0.0375 0.016544
1 0.196094 0.287224 0.031771 0.057904
1 0.207812 0.329504 0.004167 0.032169
1 0.261979 0.323989 0.009375 0.022978
1 0.296094 0.338695 0.006771 0.022978
1 0.322135 0.453585 0.009896 0.017463
1 0.35599 0.585938 0.027604 0.057904
1 0.390104 0.470129 0.013542 0.02114
1 0.416667 0.878217 0.009375 0.035846
1 0.396094 0.352022 0.005729 0.033088
1 0.386719 0.278493 0.009896 0.018382
1 0.438542 0.242647 0.014583 0.047794
1 0.456771 0.387408 0.0125 0.046875
1 0.477604 0.389706 0.005208 0.03125
1 0.532552 0.376379 0.011979 0.024816
1 0.550521 0.400735 0.011458 0.016544
1 0.54974 0.451746 0.015104 0.019301
1 0.532292 0.470588 0.009375 0.018382
1 0.565625 0.342371 0.010417 0.011949
1 0.641406 0.253676 0.020312 0.025735
1 0.611979 0.192096 0.009375 0.014706
1 0.846354 0.202665 0.022917 0.019301
1 0.960417 0.133732 0.008333 0.015625
1 0.9875 0.19761 0.008333 0.020221
1 0.907292 0.295037 0.009375 0.018382
1 0.922656 0.320312 0.009896 0.017463
1 0.966406 0.314338 0.014062 0.020221
1 0.907552 0.373621 0.015104 0.030331
1 0.917448 0.472886 0.015104 0.063419
1 0.934635 0.499081 0.008854 0.014706
1 0.782812 0.532169 0.011458 0.033088
1 0.757552 0.537684 0.020312 0.03125
1 0.633854 0.569393 0.01875 0.013787
1 0.608073 0.556526 0.028646 0.035846
1 0.838281 0.665441 0.018229 0.044118
1 0.901302 0.690257 0.007812 0.020221
1 0.790885 0.710478 0.023438 0.011029
1 0.818229 0.761029 0.007292 0.016544
1 0.384896 0.512868 0.022917 0.047794
1 0.89974 0.314798 0.021354 0.034007
1 0.088281 0.198989 0.026562 0.105699
1 0.479688 0.492188 0.029167 0.054228
1 0.051823 0.20818 0.049479 0.133272
1 0.34349 0.533088 0.023438 0.038603
1 0.341667 0.483915 0.023958 0.045037
1 0.817708 0.391085 0.025 0.037684
1 0.005729 0.290441 0.011458 0.018382
1 0.489844 0.282169 0.010938 0.014706
