1 0.907812 0.660846 0.032292 0.077206
1 0.452865 0.71875 0.025521 0.042279
1 0.300521 0.813419 0.073958 0.106618
0 0.113802 0.420956 0.227604 0.244485
0 0.014583 0.290441 0.029167 0.029412
1 0.291927 0.659467 0.022396 0.039522
1 0.611198 0.977941 0.033854 0.044118
1 0.709635 0.663143 0.029688 0.032169
1 0.723177 0.747702 0.018229 0.034007
1 0.739583 0.788143 0.036458 0.054228
1 0.805208 0.820312 0.092708 0.142463
1 0.816927 0.643842 0.027604 0.02114
1 0.869271 0.690257 0.034375 0.042279
1 0.965365 0.564798 0.066146 0.08364
1 0.898698 0.793199 0.036979 0.047794
1 0.85625 0.860294 0.034375 0.071691
1 0.959896 0.806066 0.080208 0.123162
0 0.266146 0.313419 0.1125 0.626838
0 0.527083 0.340074 0.372917 0.266544
0 0.665104 0.393842 0.216667 0.432904
