1 0.105208 0.882812 0.015625 0.04136
1 0.161719 0.777114 0.028646 0.019301
1 0.330729 0.881434 0.023958 0.045956
1 0.373698 0.945312 0.016146 0.045037
1 0.434896 0.887408 0.020833 0.026654
1 0.455469 0.789522 0.011979 0.020221
1 0.422917 0.701287 0.016667 0.040441
1 0.491406 0.664062 0.015104 0.026654
1 0.530729 0.762408 0.01875 0.013787
1 0.717188 0.684743 0.023958 0.042279
1 0.604167 0.64568 0.01875 0.035846
1 0.652344 0.435662 0.015104 0.020221
1 0.518229 0.538603 0.059375 0.101103
1 0.479167 0.576287 0.022917 0.044118
1 0.483594 0.477482 0.081771 0.140625
1 0.515104 0.432445 0.042708 0.085478
1 0.488542 0.324908 0.020833 0.048713
1 0.332292 0.111213 0.014583 0.036765
1 0.410156 0.013327 0.011979 0.026654
1 0.62474 0.019301 0.011979 0.038603
1 0.657552 0.134191 0.018229 0.020221
1 0.685677 0.014706 0.018229 0.029412
1 0.690104 0.130055 0.01875 0.028493
1 0.83125 0.178768 0.007292 0.024816
1 0.797135 0.24954 0.007812 0.017463
1 0.777604 0.206342 0.019792 0.04136
1 0.783073 0.150735 0.014062 0.016544
1 0.8 0.11489 0.010417 0.014706
1 0.420312 0.97886 0.014583 0.042279
1 0.625781 0.471048 0.047396 0.08364
1 0.016406 0.355699 0.032812 0.068015
