1 0.010417 0.046875 0.010417 0.012868
1 0.077083 0.011949 0.014583 0.023897
1 0.095312 0.027114 0.009375 0.024816
1 0.158073 0.132812 0.011979 0.026654
1 0.158594 0.162224 0.009896 0.019301
1 0.173698 0.179688 0.010938 0.013787
1 0.278125 0.421875 0.0125 0.016544
1 0.327865 0.396599 0.013021 0.015625
1 0.601042 0.119945 0.0125 0.017463
1 0.548958 0.231158 0.011458 0.024816
1 0.433594 0.376379 0.014062 0.02114
1 0.813281 0.465533 0.009896 0.04136
1 0.636458 0.540441 0.019792 0.016544
1 0.508594 0.631434 0.010938 0.016544
1 0.514323 0.657169 0.020312 0.022059
1 0.578906 0.743566 0.008854 0.03125
1 0.479688 0.716912 0.007292 0.016544
0 0.307812 0.392463 0.066667 0.084559
0 0.735938 0.943015 0.0375 0.112132
