1 0.213021 0.975643 0.016667 0.026654
1 0.245312 0.971967 0.010417 0.022978
1 0.214062 0.954963 0.009375 0.014706
1 0.198958 0.913143 0.008333 0.015625
1 0.326042 0.929688 0.032292 0.085478
1 0.211979 0.888787 0.014583 0.036765
1 0.360938 0.844669 0.008333 0.014706
1 0.28776 0.686581 0.015104 0.025735
1 0.305208 0.663143 0.019792 0.02114
1 0.316146 0.642004 0.0125 0.02114
1 0.309375 0.607077 0.017708 0.032169
1 0.332552 0.59329 0.009896 0.02114
1 0.092448 0.585018 0.009896 0.02114
1 0.253906 0.586857 0.016146 0.028493
1 0.35 0.563879 0.013542 0.026654
1 0.361979 0.477022 0.014583 0.025735
1 0.26875 0.383732 0.021875 0.034007
1 0.230208 0.505055 0.161458 0.318934
1 0.554948 0.493107 0.244271 0.320772
1 0.284115 0.155331 0.008854 0.014706
1 0.971615 0.134191 0.030729 0.036765
0 0.853385 0.196232 0.293229 0.241728
1 0.182292 0.992647 0.014583 0.014706
1 0.893229 0.092831 0.103125 0.042279
