1 0.317969 0.957721 0.027604 0.033088
1 0.591406 0.926011 0.016146 0.039522
1 0.340365 0.926011 0.018229 0.039522
1 0.829948 0.918658 0.009896 0.035846
1 0.708594 0.908088 0.007812 0.020221
1 0.384115 0.871783 0.019271 0.030331
1 0.375521 0.839154 0.013542 0.045956
1 0.357812 0.623621 0.007292 0.024816
1 0.440625 0.554688 0.009375 0.024816
1 0.478125 0.548713 0.021875 0.088235
1 0.386979 0.504596 0.011458 0.020221
1 0.583854 0.501379 0.008333 0.02114
1 0.557552 0.488511 0.007812 0.015625
1 0.457552 0.481618 0.042188 0.095588
1 0.510677 0.398897 0.019271 0.049632
1 0.433073 0.389246 0.019271 0.04136
1 0.608333 0.408088 0.051042 0.099265
1 0.629948 0.366268 0.040104 0.079963
1 0.795833 0.225643 0.015625 0.028493
1 0.870052 0.26057 0.009896 0.015625
