0 0.809896 0.86443 0.0375 0.046875
0 0.228385 0.390625 0.078646 0.09375
0 0.939323 0.788143 0.092188 0.070772
0 0.557552 0.623621 0.071354 0.122243
1 0.014323 0.403952 0.015104 0.030331
1 0.146875 0.439338 0.023958 0.022059
1 0.178646 0.436121 0.016667 0.019301
1 0.211719 0.453585 0.016146 0.013787
1 0.24349 0.455882 0.008854 0.018382
1 0.26901 0.497243 0.013021 0.018382
1 0.283073 0.502298 0.016146 0.022978
1 0.334115 0.537684 0.030729 0.047794
1 0.473438 0.577206 0.015625 0.023897
1 0.596354 0.392004 0.013542 0.032169
1 0.476823 0.599265 0.015104 0.020221
1 0.453646 0.60386 0.009375 0.020221
1 0.524479 0.623162 0.009375 0.014706
1 0.551823 0.657169 0.006771 0.023897
1 0.570052 0.659467 0.026562 0.045037
1 0.590885 0.660846 0.010938 0.020221
1 0.597135 0.685662 0.014062 0.033088
1 0.585156 0.692555 0.010938 0.02114
1 0.63099 0.690717 0.018229 0.032169
1 0.685677 0.762408 0.016146 0.045037
1 0.672396 0.792739 0.01875 0.030331
1 0.773698 0.814338 0.010938 0.012868
1 0.838802 0.810662 0.014062 0.016544
1 0.957292 0.83318 0.015625 0.013787
1 0.945312 0.862592 0.014583 0.039522
1 0.956771 0.904412 0.013542 0.027574
1 0.98724 0.902114 0.024479 0.04136
1 0.99375 0.948529 0.010417 0.025735
1 0.117188 0.710018 0.022917 0.034007
1 0.366667 0.58364 0.010417 0.023897
0 0.476823 0.579504 0.054688 0.090993
0 0.608594 0.682445 0.022396 0.037684
0 0.354167 0.496324 0.05625 0.108456
0 0.096354 0.395221 0.086458 0.132353
0 0.043229 0.421415 0.022917 0.089154
