1 0.528125 0.17693 0.041667 0.048713
1 0.633854 0.047794 0.101042 0.095588
1 0.583594 0.02114 0.021354 0.042279
1 0.55 0.065717 0.034375 0.019301
1 0.370573 0.55239 0.010938 0.023897
1 0.427865 0.619945 0.025521 0.061581
1 0.66901 0.682445 0.011979 0.013787
1 0.66849 0.838235 0.018229 0.033088
1 0.910156 0.84375 0.009896 0.012868
1 0.825 0.543199 0.019792 0.034926
1 0.371094 0.712776 0.085938 0.243566
1 0.507292 0.243107 0.084375 0.116728
1 0.592188 0.391085 0.098958 0.317096
1 0.426302 0.515625 0.088021 0.132353
