1 0.023698 0.988051 0.011979 0.023897
1 0.248438 0.931985 0.008333 0.025735
1 0.215625 0.845129 0.011458 0.017463
1 0.46224 0.839154 0.025521 0.045956
1 0.191406 0.740809 0.009896 0.016544
1 0.152344 0.73943 0.006771 0.026654
1 0.033073 0.650735 0.018229 0.03125
1 0.442708 0.639706 0.009375 0.025735
1 0.272917 0.65625 0.047917 0.069853
1 0.172135 0.622702 0.010938 0.015625
1 0.623177 0.642004 0.047396 0.061581
1 0.005469 0.621324 0.010938 0.036765
1 0.223177 0.609835 0.011979 0.039522
1 0.16276 0.522059 0.015104 0.018382
1 0.406771 0.452206 0.013542 0.023897
1 0.127865 0.372702 0.011979 0.019301
1 0.144271 0.33318 0.010417 0.015625
0 0.466927 0.4375 0.139062 0.284926
1 0.546094 0.27114 0.013021 0.023897
1 0.280729 0.19761 0.016667 0.034926
1 0.636458 0.195772 0.022917 0.040441
1 0.503125 0.100184 0.035417 0.084559
1 0.491406 0.046415 0.010938 0.013787
