1 0.701042 0.939798 0.026042 0.054228
1 0.316927 0.857996 0.019271 0.059743
1 0.286198 0.783548 0.021354 0.030331
1 0.108333 0.677849 0.019792 0.043199
1 0.655469 0.748162 0.096354 0.185662
1 0.822396 0.617188 0.033333 0.030331
1 0.688281 0.599724 0.067188 0.151654
1 0.397656 0.522059 0.019271 0.025735
1 0.521094 0.52114 0.032812 0.038603
1 0.332031 0.533548 0.067188 0.085478
1 0.847656 0.473346 0.022396 0.044118
1 0.499479 0.463695 0.029167 0.076287
1 0.963802 0.467831 0.057812 0.207721
1 0.563021 0.434743 0.079167 0.163603
1 0.626042 0.40579 0.066667 0.127757
1 0.498177 0.380055 0.045312 0.111213
1 0.538802 0.357077 0.060938 0.067096
1 0.307031 0.348805 0.077604 0.094669
1 0.60599 0.32307 0.030729 0.067096
1 0.636458 0.241728 0.016667 0.03125
1 0.632031 0.118107 0.014062 0.035846
1 0.739323 0.013787 0.020312 0.027574
1 0.496094 0.009651 0.017188 0.019301
1 0.474479 0.078585 0.06875 0.157169
1 0.41849 0.011949 0.026562 0.023897
1 0.359375 0.028952 0.042708 0.057904
1 0.294531 0.014246 0.021354 0.028493
1 0.954688 0.665901 0.090625 0.296875
1 0.261979 0.901654 0.009375 0.022059
1 0.232292 0.926011 0.078125 0.136949
1 0.613542 0.53171 0.009375 0.013787
