1 0.051042 0.020221 0.008333 0.023897
1 0.089844 0.056066 0.018229 0.022059
1 0.078385 0.617188 0.011979 0.019301
1 0.08099 0.703585 0.010938 0.026654
1 0.033594 0.950827 0.015104 0.015625
1 0.134375 0.871324 0.0125 0.018382
1 0.182292 0.785846 0.022917 0.014706
1 0.235417 0.850184 0.023958 0.009191
1 0.278906 0.883732 0.017188 0.011949
1 0.346354 0.818015 0.01875 0.011029
1 0.251823 0.690717 0.010938 0.046875
1 0.36849 0.677849 0.019271 0.019301
1 0.272656 0.516544 0.024479 0.022059
1 0.20026 0.536765 0.009896 0.03125
1 0.303646 0.46875 0.007292 0.033088
1 0.19974 0.080423 0.004688 0.057904
1 0.270573 0.186121 0.010938 0.030331
1 0.275 0.071232 0.015625 0.032169
1 0.289323 0.084099 0.019271 0.030331
1 0.657812 0.068474 0.017708 0.011949
1 0.655469 0.096967 0.014062 0.030331
1 0.832812 0.051011 0.017708 0.024816
1 0.833333 0.07261 0.009375 0.020221
1 0.721094 0.277574 0.006771 0.042279
1 0.780208 0.257353 0.019792 0.053309
1 0.739323 0.33364 0.008854 0.036765
1 0.966146 0.276654 0.017708 0.033088
1 0.970312 0.39568 0.013542 0.019301
1 0.6875 0.619945 0.017708 0.046875
1 0.604427 0.816636 0.007812 0.028493
1 0.775521 0.619945 0.004167 0.028493
1 0.810417 0.712776 0.00625 0.034007
1 0.803906 0.827206 0.014062 0.011029
1 0.963281 0.692555 0.019271 0.043199
1 0.781771 0.912224 0.026042 0.070772
1 0.934896 0.961397 0.060417 0.051471
0 0.502344 0.413603 0.040104 0.066176
0 0.544531 0.860294 0.031771 0.082721
0 0.532812 0.679688 0.023958 0.046875
1 0.171615 0.349724 0.016146 0.013787
1 0.18724 0.579504 0.020312 0.017463
