1 0.96224 0.903493 0.024479 0.088235
1 0.608073 0.773897 0.013021 0.014706
1 0.561198 0.773438 0.023438 0.030331
1 0.896875 0.751379 0.013542 0.013787
1 0.646094 0.715074 0.013021 0.012868
1 0.511979 0.726562 0.038542 0.05239
1 0.329948 0.619945 0.006771 0.022978
1 0.446354 0.611673 0.009375 0.017463
1 0.403125 0.616268 0.016667 0.037684
1 0.646354 0.588235 0.017708 0.040441
1 0.672135 0.509191 0.034896 0.058824
1 0.801562 0.533088 0.119792 0.172794
1 0.671875 0.465533 0.013542 0.050551
1 0.328646 0.454963 0.020833 0.029412
1 0.626042 0.446232 0.0125 0.019301
1 0.536719 0.469669 0.040104 0.082721
1 0.559896 0.426471 0.010417 0.018382
1 0.292969 0.443474 0.033854 0.08364
1 0.845312 0.420037 0.036458 0.051471
1 0.171354 0.378217 0.007292 0.019301
1 0.33125 0.25046 0.0375 0.034007
1 0.890104 0.244485 0.015625 0.038603
1 0.973958 0.20864 0.020833 0.040441
1 0.527344 0.186581 0.009896 0.014706
1 0.953385 0.990349 0.009896 0.019301
1 0.763802 0.539062 0.019271 0.030331
1 0.76849 0.47886 0.018229 0.036765
