1 0.99375 0.960478 0.0125 0.036765
1 0.994271 0.730699 0.009375 0.020221
1 0.225781 0.644301 0.018229 0.040441
1 0.675 0.619026 0.010417 0.024816
1 0.775781 0.661765 0.070312 0.125
1 0.558073 0.5625 0.050521 0.0625
1 0.463802 0.573529 0.067188 0.132353
1 0.654688 0.5 0.017708 0.034926
1 0.141927 0.491268 0.017188 0.032169
1 0.25599 0.544577 0.056771 0.144301
1 0.083594 0.515165 0.097396 0.133272
1 0.502344 0.337316 0.028646 0.020221
1 0.061979 0.297335 0.011458 0.015625
1 0.978385 0.221048 0.016146 0.024816
1 0.208333 0.204963 0.021875 0.115809
1 0.653906 0.148438 0.027604 0.039522
1 0.714844 0.078585 0.009896 0.022978
1 0.516927 0.813419 0.015104 0.03125
