1 0.505469 0.602022 0.015104 0.018382
1 0.595833 0.550092 0.019792 0.028493
1 0.420312 0.721967 0.01875 0.022978
1 0.173698 0.414982 0.032812 0.032169
1 0.171615 0.875 0.013021 0.023897
1 0.58151 0.068015 0.054688 0.073529
1 0.140104 0.011489 0.032292 0.022978
1 0.06224 0.060202 0.029688 0.026654
1 0.381771 0.754136 0.008333 0.015625
1 0.377344 0.889246 0.007812 0.017463
1 0.551562 0.994485 0.016667 0.011029
1 0.986979 0.657169 0.01875 0.012868
1 0.973698 0.37454 0.007812 0.026654
1 0.878646 0.074449 0.008333 0.034926
