1 0.470833 0.761029 0.05 0.211397
1 0.914844 0.539062 0.016146 0.028493
1 0.088802 0.012408 0.035938 0.024816
1 0.216927 0.210478 0.032812 0.055147
1 0.459896 0.197151 0.05 0.078125
1 0.376302 0.235754 0.101562 0.068934
1 0.464062 0.311581 0.109375 0.211397
1 0.477344 0.608915 0.079688 0.109375
1 0.547135 0.667279 0.082812 0.181985
1 0.528906 0.858915 0.065104 0.215993
1 0.436979 0.938419 0.140625 0.121324
1 0.428906 0.097886 0.108854 0.188419
1 0.41901 0.494026 0.121354 0.102022
1 0.465365 0.545956 0.018229 0.03125
