1 0.785677 0.025735 0.017188 0.025735
1 0.2125 0.730699 0.010417 0.038603
1 0.007031 0.327206 0.014062 0.014706
1 0.039062 0.356618 0.020833 0.022059
1 0.053906 0.346967 0.010938 0.017463
1 0.074479 0.396599 0.020833 0.04136
1 0.146354 0.434283 0.028125 0.034007
1 0.161198 0.380515 0.015104 0.022059
1 0.177604 0.39568 0.016667 0.019301
1 0.224479 0.414982 0.015625 0.022978
1 0.245312 0.442555 0.013542 0.015625
1 0.264844 0.431526 0.016146 0.008272
1 0.283854 0.410846 0.007292 0.027574
1 0.2875 0.438879 0.011458 0.019301
1 0.30651 0.454963 0.016146 0.012868
1 0.323438 0.443015 0.014583 0.012868
1 0.379688 0.47886 0.01875 0.016544
1 0.372917 0.435202 0.014583 0.015625
1 0.395052 0.467831 0.014062 0.014706
1 0.841667 0.60432 0.015625 0.028493
1 0.867969 0.604779 0.017188 0.022059
1 0.961979 0.607077 0.011458 0.011949
1 0.95 0.622243 0.014583 0.011029
1 0.989844 0.640625 0.016146 0.009191
1 0.947135 0.650276 0.014062 0.01011
1 0.954948 0.677849 0.017188 0.01011
1 0.23776 0.191176 0.017188 0.027574
