1 0.34974 0.963695 0.035938 0.017463
0 0.803385 0.913603 0.200521 0.172794
1 0.032031 0.738971 0.064062 0.113971
1 0.294271 0.621324 0.010417 0.025735
1 0.699219 0.556985 0.018229 0.034926
0 0.639844 0.659467 0.186979 0.261949
0 0.485677 0.53079 0.070312 0.124081
1 0.181771 0.487592 0.03125 0.037684
1 0.617188 0.483456 0.009375 0.034926
1 0.620573 0.389706 0.015104 0.033088
1 0.798958 0.358456 0.039583 0.075368
1 0.904948 0.326746 0.024479 0.05239
1 0.91849 0.289982 0.007812 0.02114
1 0.503906 0.285846 0.007812 0.034926
1 0.71901 0.267923 0.039062 0.054228
1 0.357552 0.236213 0.015104 0.011029
1 0.502083 0.227482 0.020833 0.028493
0 0.377604 0.27068 0.128125 0.249081
1 0.328646 0.048713 0.026042 0.033088
