0 0.769792 0.591452 0.059375 0.085478
0 0.041667 0.377757 0.070833 0.068015
0 0.933594 0.617188 0.097396 0.07261
0 0.366406 0.469669 0.041146 0.163603
0 0.615104 0.528493 0.084375 0.071691
1 0.18724 0.366268 0.023438 0.057904
1 0.333333 0.092831 0.013542 0.018382
1 0.498698 0.267463 0.018229 0.012868
1 0.625 0.024357 0.03125 0.022978
1 0.734115 0.014246 0.007812 0.028493
1 0.865365 0.428768 0.011979 0.032169
1 0.670312 0.421415 0.020833 0.030331
1 0.147917 0.880515 0.00625 0.020221
1 0.180729 0.871783 0.010417 0.015625
1 0.58776 0.714614 0.019271 0.02114
