1 0.659115 0.969669 0.018229 0.034926
1 0.564323 0.931985 0.009896 0.020221
1 0.585938 0.923713 0.011458 0.014706
1 0.576562 0.898438 0.014583 0.026654
1 0.20599 0.909926 0.049479 0.053309
1 0.785938 0.877298 0.011458 0.022978
1 0.508073 0.881434 0.032812 0.047794
1 0.679427 0.867647 0.071354 0.069853
1 0.89375 0.850643 0.047917 0.085478
1 0.214062 0.836857 0.077083 0.081801
1 0.125 0.790901 0.014583 0.034007
1 0.898698 0.775276 0.040104 0.067096
1 0.751823 0.755055 0.018229 0.087316
1 0.652865 0.696691 0.007812 0.027574
1 0.259115 0.674173 0.009896 0.030331
1 0.471094 0.660386 0.027604 0.035846
1 0.534896 0.672794 0.03125 0.066176
1 0.070052 0.634191 0.011979 0.029412
1 0.770573 0.620404 0.015104 0.022059
1 0.561979 0.619945 0.009375 0.022978
1 0.073698 0.566636 0.013021 0.034007
1 0.758333 0.551011 0.011458 0.02114
1 0.673958 0.547794 0.011458 0.025735
1 0.825 0.517463 0.015625 0.022059
1 0.597396 0.351562 0.017708 0.028493
1 0.4625 0.372702 0.022917 0.07261
1 0.691927 0.316636 0.016146 0.017463
1 0.470052 0.325368 0.045312 0.042279
1 0.544531 0.314798 0.024479 0.076287
1 0.927604 0.310202 0.044792 0.081801
1 0.14375 0.274816 0.035417 0.044118
1 0.915625 0.242647 0.010417 0.03125
1 0.845312 0.236213 0.013542 0.023897
1 0.817188 0.235294 0.017708 0.051471
1 0.899219 0.224265 0.014062 0.033088
1 0.488802 0.247243 0.044271 0.115809
1 0.528125 0.231158 0.040625 0.133272
1 0.983073 0.160386 0.014062 0.046875
1 0.071875 0.125919 0.0375 0.03125
1 0.347917 0.064338 0.009375 0.03125
1 0.953385 0.18704 0.093229 0.102022
1 0.983854 0.475643 0.032292 0.045037
1 0.984375 0.063419 0.03125 0.060662
1 0.627344 0.983456 0.034896 0.033088
1 0.42474 0.992188 0.010938 0.015625
1 0.423958 0.170496 0.011458 0.02114
