1 0.298438 0.149816 0.061458 0.152574
1 0.284375 0.515165 0.1 0.149816
1 0.279427 0.670037 0.108854 0.159926
1 0.538281 0.092831 0.091146 0.15625
1 0.468229 0.204044 0.032292 0.034926
1 0.482552 0.273897 0.024479 0.123162
1 0.506771 0.23989 0.041667 0.113971
1 0.573438 0.261949 0.113542 0.215074
1 0.46224 0.570772 0.132812 0.261029
1 0.452083 0.737592 0.114583 0.170037
1 0.789062 0.617647 0.064583 0.128676
1 0.853385 0.477022 0.088021 0.170956
1 0.924219 0.085938 0.128646 0.171875
1 0.8875 0.615349 0.225 0.506434
1 0.271615 0.278952 0.050521 0.094669
1 0.044792 0.391544 0.015625 0.022059
1 0.154948 0.399816 0.008854 0.018382
