1 0.289062 0.977022 0.016667 0.045956
1 0.36901 0.953125 0.023438 0.051471
1 0.358854 0.92693 0.015625 0.030331
1 0.091406 0.894761 0.031771 0.056066
1 0.198438 0.758732 0.040625 0.043199
1 0.528646 0.729779 0.017708 0.040441
1 0.264062 0.720588 0.009375 0.022059
1 0.128646 0.715074 0.0125 0.036765
1 0.033594 0.712776 0.018229 0.034007
1 0.455729 0.640625 0.014583 0.03125
0 0.66276 0.752757 0.114062 0.294118
1 0.019271 0.61443 0.025 0.043199
1 0.992969 0.581801 0.010938 0.020221
1 0.896615 0.539522 0.018229 0.051471
1 0.313542 0.525735 0.027083 0.045956
0 0.527604 0.536765 0.04375 0.095588
1 0.35026 0.519301 0.025521 0.069853
1 0.395573 0.466912 0.021354 0.051471
1 0.002344 0.447151 0.004688 0.032169
1 0.653125 0.409007 0.034375 0.080882
1 0.568229 0.325827 0.010417 0.026654
1 0.852083 0.290441 0.0125 0.029412
1 0.527865 0.278952 0.016146 0.030331
1 0.858594 0.223805 0.033854 0.063419
1 0.831771 0.179688 0.046875 0.022978
1 0.982552 0.168199 0.024479 0.049632
1 0.942448 0.132812 0.033854 0.05239
0 0.358594 0.232996 0.153646 0.339154
1 0.548698 0.033548 0.027604 0.059743
