1 0.33099 0.931066 0.017188 0.038603
1 0.014583 0.907169 0.029167 0.082721
1 0.600521 0.842831 0.126042 0.176471
1 0.392969 0.792279 0.039062 0.084559
1 0.497656 0.698529 0.030729 0.066176
1 0.583854 0.634191 0.046875 0.086397
1 0.39974 0.561121 0.056771 0.118566
1 0.83099 0.389706 0.042188 0.0625
1 0.044271 0.404412 0.088542 0.158088
1 0.603385 0.279412 0.027604 0.056985
1 0.440365 0.216912 0.092188 0.132353
1 0.332552 0.28079 0.145312 0.29136
1 0.926562 0.182445 0.065625 0.102022
1 0.582812 0.140625 0.022917 0.056985
1 0.13776 0.143842 0.275521 0.287684
1 0.989583 0.318015 0.020833 0.033088
1 0.994792 0.170956 0.009375 0.016544
1 0.58099 0.978401 0.032812 0.043199
1 0.11276 0.251379 0.158854 0.254596
1 0.036719 0.82261 0.011979 0.011029
