1 0.811458 0.991728 0.014583 0.016544
1 0.217448 0.988511 0.015104 0.022978
1 0.376562 0.985754 0.021875 0.028493
1 0.71224 0.953125 0.010938 0.018382
1 0.030469 0.964154 0.055729 0.071691
1 0.661458 0.928309 0.041667 0.049632
1 0.663802 0.876379 0.022396 0.037684
1 0.777083 0.920956 0.110417 0.158088
1 0.857292 0.830423 0.034375 0.109375
1 0.209896 0.789522 0.04375 0.079044
1 0.723698 0.751379 0.013021 0.046875
1 0.7875 0.737132 0.053125 0.119485
1 0.819271 0.698529 0.034375 0.053309
1 0.120573 0.689338 0.024479 0.053309
1 0.692188 0.681526 0.016667 0.039522
1 0.716406 0.679228 0.027604 0.040441
1 0.222656 0.667279 0.044271 0.042279
1 0.52474 0.647059 0.040104 0.056985
1 0.389323 0.616728 0.072396 0.079044
1 0.44974 0.607537 0.045312 0.066176
1 0.898958 0.572151 0.01875 0.030331
1 0.78151 0.556526 0.009896 0.017463
1 0.699219 0.596048 0.097396 0.098346
1 0.602083 0.563419 0.025 0.051471
1 0.970573 0.492188 0.011979 0.02114
1 0.69375 0.494945 0.061458 0.068934
1 0.079167 0.424173 0.007292 0.017463
1 0.532552 0.43796 0.048438 0.096507
1 0.972656 0.377757 0.011979 0.036765
1 0.950781 0.365809 0.006771 0.022059
1 0.775 0.417279 0.105208 0.25
1 0.897656 0.313419 0.050521 0.084559
1 0.964062 0.321232 0.071875 0.125919
1 0.295312 0.277574 0.055208 0.095588
1 0.183333 0.245864 0.046875 0.111213
1 0.644531 0.217831 0.050521 0.082721
1 0.227865 0.198529 0.059896 0.101103
1 0.797917 0.198989 0.080208 0.168199
1 0.582552 0.085018 0.048438 0.157169
1 0.523698 0.027574 0.032812 0.055147
1 0.360156 0.022059 0.069271 0.044118
1 0.069531 0.464614 0.139062 0.929228
