1 0.197135 0.927849 0.031771 0.059743
1 0.034115 0.865349 0.068229 0.142463
1 0.545052 0.834559 0.071354 0.113971
1 0.179688 0.775276 0.026042 0.059743
1 0.64974 0.789982 0.060938 0.124081
1 0.873177 0.584099 0.008854 0.032169
1 0.542188 0.576287 0.008333 0.016544
1 0.145573 0.551471 0.007812 0.022059
1 0.555469 0.525735 0.007812 0.016544
1 0.690625 0.529412 0.060417 0.117647
1 0.056771 0.476103 0.010417 0.014706
1 0.775 0.331342 0.009375 0.015625
1 0.800521 0.332721 0.023958 0.034926
1 0.251563 0.380055 0.1875 0.285846
1 0.444531 0.191176 0.054688 0.115809
1 0.607031 0.068474 0.023438 0.035846
1 0.725781 0.159926 0.182812 0.319853
1 0.588021 0.009191 0.027083 0.018382
1 0.261458 0.043199 0.128125 0.086397
1 0.067188 0.204504 0.134375 0.409007
1 0.947396 0.085018 0.105208 0.170037
1 0.63151 0.963235 0.065104 0.073529
