1 0.624479 0.954504 0.038542 0.026654
1 0.051823 0.903952 0.017188 0.011949
1 0.065885 0.871783 0.017188 0.035846
1 0.342969 0.838695 0.014062 0.022978
1 0.424479 0.829044 0.015625 0.025735
1 0.202083 0.800092 0.011458 0.02114
1 0.211719 0.779871 0.018229 0.028493
1 0.195312 0.768382 0.011458 0.023897
1 0.348698 0.675092 0.007812 0.015625
1 0.202083 0.655331 0.032292 0.080882
1 0.323698 0.633732 0.030729 0.074449
1 0.873958 0.602941 0.0125 0.016544
1 0.498698 0.550551 0.050521 0.058824
1 0.091406 0.554688 0.090104 0.067096
1 0.292708 0.533548 0.040625 0.04136
1 0.546875 0.538143 0.070833 0.111213
1 0.477604 0.441636 0.026042 0.087316
1 0.447396 0.431985 0.05 0.079044
1 0.52526 0.423713 0.075521 0.113971
1 0.923438 0.279412 0.008333 0.022059
1 0.230729 0.186121 0.008333 0.015625
1 0.1 0.186121 0.017708 0.100184
1 0.570833 0.144761 0.016667 0.034007
1 0.126562 0.173713 0.045833 0.145221
1 0.860677 0.713235 0.278646 0.573529
1 0.186458 0.927849 0.051042 0.144301
1 0.26276 0.941176 0.050521 0.117647
1 0.992969 0.30193 0.014062 0.022978
1 0.03724 0.675092 0.011979 0.026654
1 0.671615 0.494485 0.008854 0.022059
