1 0.053646 0.005515 0.0125 0.011029
1 0.060156 0.160386 0.009896 0.013787
1 0.206771 0.234835 0.009375 0.048713
1 0.221354 0.238511 0.020833 0.02114
1 0.257552 0.105239 0.007812 0.017463
1 0.336979 0.134651 0.017708 0.05239
1 0.289844 0.258732 0.013021 0.030331
1 0.392708 0.361673 0.04375 0.043199
1 0.386198 0.441176 0.006771 0.022059
1 0.447396 0.479779 0.020833 0.0625
1 0.490365 0.535846 0.005729 0.023897
1 0.158073 0.430607 0.017188 0.035846
1 0.092448 0.329963 0.010938 0.014706
1 0.73151 0.475184 0.018229 0.036765
1 0.938281 0.590533 0.025521 0.039522
1 0.996875 0.690257 0.00625 0.036765
1 0.860677 0.766085 0.017188 0.043199
1 0.590104 0.759651 0.0125 0.026654
1 0.595312 0.929228 0.008333 0.036765
1 0.61849 0.948989 0.010938 0.022978
1 0.867188 0.954963 0.010417 0.027574
1 0.960677 0.960478 0.018229 0.027574
1 0.399219 0.976103 0.008854 0.018382
1 0.321354 0.856158 0.007292 0.024816
1 0.445573 0.647978 0.005729 0.033088
1 0.33125 0.600643 0.0125 0.034007
1 0.102865 0.701746 0.014062 0.02114
1 0.138802 0.643382 0.017188 0.034926
1 0.807031 0.151195 0.008854 0.015625
1 0.946615 0.198529 0.008854 0.034926
1 0.979688 0.014246 0.034375 0.028493
1 0.577865 0.018842 0.016146 0.037684
1 0.74974 0.692555 0.025521 0.057904
1 0.49974 0.518382 0.020312 0.03125
1 0.358073 0.478401 0.020312 0.024816
