1 0.210417 0.378676 0.03125 0.069853
1 0.511458 0.621783 0.042708 0.090993
1 0.839062 0.821232 0.088542 0.159007
1 0.939062 0.96875 0.01875 0.045956
0 0.417969 0.295496 0.285938 0.462316
0 0.928385 0.76057 0.143229 0.22886
0 0.604167 0.606158 0.072917 0.138787
1 0.254688 0.467831 0.051042 0.09375
0 0.023177 0.057904 0.046354 0.108456
1 0.014583 0.30193 0.029167 0.059743
1 0.357552 0.525735 0.051562 0.049632
1 0.39375 0.53079 0.020833 0.017463
1 0.375781 0.47932 0.048438 0.043199
1 0.329688 0.460478 0.016667 0.016544
