1 0.757812 0.931985 0.025 0.036765
1 0.547656 0.941176 0.025521 0.075368
1 0.2125 0.875919 0.026042 0.033088
1 0.599479 0.876838 0.026042 0.040441
1 0.656771 0.865809 0.011458 0.040441
1 0.915625 0.85386 0.085417 0.196691
1 0.526823 0.761489 0.010938 0.024816
1 0.505469 0.758272 0.044271 0.055147
1 0.271875 0.721507 0.016667 0.033088
1 0.802604 0.767463 0.097917 0.136029
1 0.533333 0.717831 0.03125 0.060662
1 0.963802 0.675092 0.025521 0.04136
1 0.23125 0.679228 0.034375 0.055147
1 0.575 0.627757 0.014583 0.03125
1 0.973698 0.625 0.017188 0.027574
1 0.830208 0.602482 0.025 0.039522
1 0.510938 0.596967 0.042708 0.046875
1 0.66849 0.574908 0.014062 0.011949
1 0.385417 0.582261 0.089583 0.111213
1 0.709115 0.507812 0.011979 0.015625
1 0.804427 0.503217 0.066146 0.034007
1 0.363802 0.474724 0.017188 0.026654
1 0.18151 0.472886 0.029688 0.035846
1 0.571875 0.53125 0.125 0.200368
1 0.447135 0.442555 0.021354 0.04136
1 0.152865 0.439798 0.010938 0.045037
1 0.679427 0.493566 0.075521 0.165441
1 0.191406 0.422335 0.022396 0.022978
1 0.555729 0.403952 0.007292 0.024816
1 0.192188 0.39568 0.014583 0.019301
1 0.314062 0.447151 0.090625 0.142463
1 0.294531 0.370864 0.020312 0.037684
1 0.917708 0.346507 0.019792 0.023897
1 0.430729 0.34375 0.01875 0.018382
1 0.315885 0.339154 0.013021 0.020221
1 0.336458 0.341912 0.013542 0.042279
1 0.975781 0.317555 0.023438 0.032169
1 0.408854 0.355699 0.078125 0.115809
1 0.352865 0.345129 0.032812 0.105699
1 0.448438 0.332261 0.067708 0.127757
1 0.323698 0.247702 0.006771 0.02114
1 0.292188 0.271599 0.063542 0.090993
1 0.98099 0.225643 0.011979 0.024816
1 0.948958 0.227941 0.0125 0.029412
1 0.408073 0.223805 0.021354 0.034007
1 0.379688 0.206342 0.047917 0.105699
1 0.800521 0.080423 0.009375 0.02114
1 0.978646 0.054228 0.007292 0.029412
1 0.873698 0.047794 0.007812 0.016544
1 0.928906 0.056985 0.022396 0.060662
1 0.70599 0.018842 0.019271 0.026654
1 0.968229 0.035846 0.061458 0.071691
1 0.863802 0.042279 0.104688 0.084559
1 0.878906 0.005974 0.022396 0.011949
1 0.604167 0.067096 0.077083 0.134191
1 0.515885 0.054688 0.042188 0.109375
1 0.423177 0.026654 0.011979 0.053309
1 0.134375 0.022518 0.061458 0.045037
1 0.172396 0.846507 0.234375 0.306985
1 0.391406 0.934283 0.138021 0.131434
1 0.96849 0.483915 0.063021 0.089154
1 0.980469 0.878676 0.039062 0.066176
1 0.986198 0.65579 0.027604 0.037684
1 0.991146 0.060662 0.017708 0.038603
1 0.991406 0.081801 0.017188 0.036765
1 0.546875 0.987132 0.019792 0.025735
