1 0.511979 0.988971 0.008333 0.016544
1 0.445052 0.974724 0.010938 0.02114
1 0.490365 0.96921 0.015104 0.024816
1 0.066927 0.929688 0.016146 0.024816
1 0.054427 0.93704 0.010938 0.050551
1 0.042448 0.91636 0.011979 0.044118
1 0.202083 0.905331 0.013542 0.023897
1 0.93099 0.900276 0.013021 0.013787
1 0.084896 0.909007 0.019792 0.036765
1 0.21849 0.869945 0.020312 0.032169
1 0.07474 0.869026 0.020312 0.032169
1 0.223698 0.839614 0.021354 0.011949
1 0.886198 0.88511 0.032812 0.104779
1 0.05 0.839614 0.007292 0.032169
1 0.877083 0.820772 0.010417 0.018382
1 0.605729 0.808364 0.00625 0.024816
1 0.915104 0.797335 0.010417 0.019301
1 0.950521 0.775735 0.026042 0.040441
1 0.584375 0.80239 0.030208 0.095588
1 0.910156 0.763327 0.034896 0.04136
1 0.184115 0.767463 0.024479 0.053309
1 0.03125 0.80193 0.0625 0.17739
1 0.897396 0.710018 0.022917 0.030331
1 0.386458 0.698989 0.019792 0.035846
1 0.18776 0.710018 0.020312 0.067096
1 0.622917 0.671875 0.010417 0.025735
1 0.927865 0.659467 0.009896 0.019301
1 0.050521 0.723805 0.101042 0.17739
1 0.236458 0.648897 0.026042 0.042279
1 0.8625 0.642923 0.023958 0.035846
1 0.289844 0.637408 0.010938 0.039522
1 0.947396 0.637868 0.025 0.042279
1 0.872656 0.685202 0.041146 0.149816
1 0.692188 0.626379 0.025 0.035846
1 0.608333 0.640165 0.075 0.085478
1 0.815365 0.617647 0.010938 0.042279
1 0.83151 0.592371 0.023438 0.081801
1 0.776302 0.56204 0.007812 0.026654
1 0.170573 0.543658 0.010938 0.024816
1 0.532552 0.621783 0.075521 0.190257
1 0.717188 0.536305 0.017708 0.032169
1 0.729427 0.553309 0.048438 0.104779
1 0.427344 0.544118 0.088021 0.123162
1 0.158854 0.522978 0.064583 0.084559
1 0.691927 0.492647 0.044271 0.047794
1 0.819271 0.534926 0.079167 0.147059
1 0.579427 0.459099 0.026562 0.04136
1 0.691927 0.439338 0.016146 0.016544
1 0.741667 0.485754 0.095833 0.116728
1 0.61875 0.463235 0.070833 0.088235
1 0.767708 0.451287 0.059375 0.09375
1 0.5875 0.414062 0.0125 0.02114
1 0.951823 0.403952 0.015104 0.037684
1 0.716146 0.40579 0.046875 0.050551
1 0.455208 0.392004 0.025 0.043199
1 0.305729 0.370864 0.013542 0.013787
1 0.152604 0.379136 0.044792 0.034007
1 0.826042 0.411305 0.064583 0.149816
1 0.234635 0.337776 0.019271 0.030331
1 0.03776 0.371324 0.075521 0.110294
1 0.429167 0.300551 0.057292 0.03125
1 0.58125 0.299173 0.053125 0.048713
1 0.014323 0.28171 0.028646 0.035846
1 0.20651 0.33318 0.117188 0.201287
1 0.097656 0.243566 0.017188 0.047794
1 0.308333 0.287684 0.06875 0.15625
1 0.64974 0.207721 0.014062 0.018382
1 0.19974 0.210018 0.004688 0.026654
1 0.65625 0.244945 0.123958 0.105699
1 0.008854 0.220129 0.017708 0.059743
1 0.617969 0.175092 0.018229 0.022978
1 0.033073 0.18704 0.025521 0.061581
1 0.651302 0.174173 0.013021 0.05239
1 0.538542 0.158088 0.015625 0.023897
1 0.792448 0.161765 0.024479 0.036765
1 0.644531 0.160386 0.008854 0.035846
1 0.670052 0.14568 0.023438 0.032169
1 0.590625 0.128217 0.021875 0.028493
1 0.015885 0.15625 0.031771 0.101103
1 0.068229 0.126838 0.051042 0.047794
1 0.096094 0.142004 0.054688 0.131434
1 0.63724 0.091452 0.008854 0.043199
1 0.56849 0.049632 0.013021 0.03125
1 0.742969 0.095588 0.079688 0.126838
1 0.829948 0.076746 0.059896 0.096507
1 0.719531 0.037224 0.009896 0.022978
1 0.063802 0.044577 0.022396 0.037684
1 0.825781 0.022978 0.050521 0.045956
1 0.741667 0.019761 0.04375 0.039522
1 0.672917 0.024357 0.023958 0.048713
1 0.035417 0.037224 0.047917 0.074449
1 0.025 0.951287 0.05 0.097426
1 0.976823 0.039062 0.046354 0.057904
1 0.965104 0.966452 0.030208 0.067096
1 0.982031 0.755974 0.035938 0.070772
1 0.054427 0.97932 0.021354 0.04136
1 0.474479 0.980239 0.020833 0.039522
1 0.080729 0.981618 0.010417 0.036765
1 0.124479 0.983915 0.005208 0.032169
1 0.089583 0.984835 0.014583 0.030331
1 0.188021 0.992647 0.016667 0.014706
