1 0.716667 0.983915 0.021875 0.032169
1 0.778646 0.980699 0.01875 0.038603
1 0.894531 0.950368 0.039062 0.040441
1 0.359375 0.94807 0.028125 0.04136
1 0.209115 0.934743 0.006771 0.020221
1 0.552865 0.960018 0.020312 0.079963
1 0.235156 0.882353 0.015104 0.042279
1 0.957552 0.89568 0.054688 0.098346
1 0.686198 0.863971 0.055729 0.130515
1 0.940625 0.819853 0.029167 0.056985
1 0.113802 0.747702 0.017188 0.081801
1 0.698958 0.693934 0.046875 0.09375
1 0.554167 0.64614 0.017708 0.047794
1 0.440365 0.600184 0.050521 0.115809
1 0.752865 0.511489 0.020312 0.050551
1 0.598438 0.517004 0.038542 0.081801
1 0.657812 0.476562 0.032292 0.057904
1 0.581771 0.465074 0.03125 0.049632
1 0.789062 0.448529 0.05625 0.069853
1 0.760677 0.379596 0.029688 0.077206
1 0.536719 0.421875 0.063021 0.180147
1 0.990104 0.33364 0.019792 0.086397
1 0.89349 0.29182 0.017188 0.039522
1 0.492708 0.264706 0.014583 0.027574
1 0.655729 0.264246 0.01875 0.028493
1 0.414844 0.212776 0.043229 0.028493
1 0.898177 0.168199 0.035938 0.084559
1 0.769271 0.142463 0.015625 0.0625
1 0.416146 0.112592 0.028125 0.022978
1 0.741667 0.566176 0.053125 0.060662
1 0.739583 0.58364 0.064583 0.045956
