1 0.457812 0.469669 0.090625 0.178309
1 0.247396 0.334559 0.014583 0.0625
1 0.033854 0.78125 0.059375 0.034926
1 0.070833 0.865349 0.047917 0.054228
1 0.653906 0.456342 0.028646 0.116728
1 0.726042 0.486673 0.030208 0.05239
1 0.788542 0.383732 0.047917 0.089154
1 0.885417 0.303309 0.042708 0.049632
1 0.851823 0.269301 0.021354 0.009191
1 0.761198 0.592371 0.023438 0.067096
1 0.75026 0.632812 0.041146 0.039522
1 0.850781 0.788143 0.009896 0.048713
1 0.890104 0.84421 0.016667 0.045037
1 0.922396 0.834559 0.03125 0.007353
1 0.703646 0.869945 0.030208 0.022978
1 0.636979 0.050551 0.08125 0.101103
1 0.364323 0.799632 0.053646 0.128676
1 0.009896 0.91636 0.013542 0.047794
1 0.069531 0.79136 0.026562 0.056985
1 0.061458 0.711397 0.007292 0.018382
1 0.148698 0.597426 0.017188 0.023897
1 0.082812 0.538143 0.014583 0.017463
1 0.084115 0.380974 0.017188 0.017463
1 0.083594 0.246324 0.022396 0.025735
1 0.113542 0.335938 0.013542 0.043199
1 0.135677 0.357996 0.018229 0.046875
1 0.147135 0.421875 0.018229 0.012868
1 0.214844 0.46921 0.024479 0.008272
1 0.245312 0.490809 0.022917 0.042279
1 0.286198 0.498162 0.006771 0.03125
1 0.219531 0.317096 0.011979 0.033088
1 0.192448 0.210478 0.009896 0.027574
1 0.304948 0.300092 0.015104 0.02114
1 0.319792 0.283548 0.014583 0.011949
1 0.324219 0.362592 0.018229 0.024816
1 0.36849 0.240349 0.017188 0.019301
1 0.365885 0.180607 0.006771 0.037684
1 0.431771 0.251379 0.00625 0.035846
1 0.46875 0.248162 0.022917 0.022059
1 0.590885 0.314338 0.025521 0.016544
1 0.53099 0.887408 0.018229 0.035846
1 0.698698 0.897059 0.015104 0.020221
1 0.841667 0.944393 0.013542 0.056066
1 0.754167 0.660846 0.008333 0.020221
1 0.711979 0.657629 0.007292 0.035846
1 0.632812 0.397059 0.009375 0.018382
1 0.78099 0.26057 0.026562 0.01011
1 0.98099 0.244485 0.022396 0.018382
1 0.978385 0.475184 0.015104 0.020221
1 0.960156 0.600643 0.016146 0.008272
1 0.826302 0.57261 0.017188 0.025735
