1 0.2125 0.058824 0.009375 0.016544
1 0.292969 0.079963 0.018229 0.033088
1 0.325521 0.126838 0.011458 0.023897
1 0.460938 0.021599 0.017708 0.043199
1 0.411458 0.205423 0.021875 0.034007
1 0.450781 0.259191 0.026562 0.051471
1 0.463281 0.292739 0.013021 0.063419
1 0.49349 0.361213 0.014062 0.027574
1 0.575 0.558364 0.010417 0.011949
1 0.76901 0.866268 0.014062 0.017463
1 0.805208 0.981158 0.034375 0.015625
1 0.552604 0.517923 0.025 0.05239
1 0.633594 0.532169 0.067188 0.143382
1 0.524479 0.37546 0.030208 0.131434
1 0.639583 0.669577 0.035417 0.074449
1 0.36849 0.140625 0.022396 0.060662
1 0.130208 0.608915 0.023958 0.030331
1 0.191146 0.653493 0.007292 0.018382
1 0.61849 0.892463 0.008854 0.020221
1 0.817188 0.39568 0.009375 0.019301
