1 0.730729 0.905331 0.019792 0.044118
1 0.076302 0.848805 0.007812 0.028493
1 0.018229 0.817555 0.013542 0.026654
1 0.920312 0.651654 0.009375 0.014706
1 0.471354 0.626379 0.026042 0.022978
1 0.50026 0.678768 0.040104 0.175551
1 0.527604 0.544118 0.01875 0.011029
1 0.539844 0.563879 0.076562 0.089154
1 0.496094 0.418658 0.016146 0.017463
1 0.542969 0.41636 0.091146 0.202206
1 0.065104 0.311121 0.051042 0.045037
1 0.091927 0.29136 0.025521 0.033088
1 0.170573 0.282629 0.008854 0.02114
1 0.028646 0.080882 0.021875 0.038603
1 0.51224 0.751379 0.044271 0.079963
