1 0.540104 0.672335 0.034375 0.059743
1 0.519531 0.602941 0.031771 0.0625
1 0.509896 0.476562 0.035417 0.04136
1 0.498958 0.149357 0.020833 0.034007
1 0.548177 0.92693 0.014062 0.050551
1 0.504948 0.032169 0.034896 0.055147
1 0.205469 0.373621 0.008854 0.015625
1 0.204948 0.198529 0.014062 0.033088
1 0.352083 0.58364 0.013542 0.018382
1 0.336719 0.973805 0.021354 0.011949
1 0.810938 0.682445 0.0125 0.02114
1 0.83776 0.644301 0.018229 0.018382
1 0.947396 0.568015 0.020833 0.040441
1 0.836458 0.287684 0.0125 0.011029
