1 0.516146 0.524357 0.022917 0.037684
1 0.606771 0.149816 0.01875 0.038603
1 0.530208 0.54182 0.025 0.065257
1 0.072917 0.216452 0.022917 0.006434
1 0.042969 0.457261 0.010938 0.037684
1 0.134635 0.361213 0.014062 0.018382
1 0.1625 0.465993 0.010417 0.025735
1 0.245312 0.505055 0.010417 0.022978
1 0.270052 0.178768 0.015104 0.028493
1 0.365885 0.09421 0.023438 0.02114
1 0.351823 0.476103 0.006771 0.047794
1 0.34349 0.935202 0.005729 0.034007
1 0.385938 0.849724 0.021875 0.04136
1 0.457292 0.95864 0.0125 0.018382
1 0.678906 0.709559 0.020312 0.038603
1 0.620052 0.414062 0.010938 0.022978
1 0.9875 0.736213 0.019792 0.029412
