1 0.24375 0.04182 0.022917 0.035846
1 0.24401 0.013787 0.022396 0.027574
1 0.205208 0.05239 0.016667 0.036765
1 0.092448 0.252298 0.015104 0.02114
1 0.038802 0.190717 0.015104 0.028493
1 0.073438 0.460018 0.023958 0.032169
1 0.161719 0.592831 0.014062 0.027574
1 0.338542 0.141544 0.017708 0.038603
1 0.534375 0.279412 0.034375 0.053309
1 0.591927 0.071691 0.009896 0.029412
1 0.444531 0.630515 0.017188 0.047794
1 0.879688 0.879136 0.017708 0.030331
1 0.936198 0.835938 0.016146 0.02114
1 0.451823 0.844669 0.006771 0.034926
1 0.502083 0.931985 0.01875 0.029412
1 0.51224 0.50046 0.031771 0.195772
1 0.58125 0.435662 0.020833 0.033088
1 0.527344 0.611673 0.076562 0.147978
1 0.536979 0.059283 0.026042 0.118566
1 0.246615 0.192555 0.014062 0.019301
1 0.034635 0.820772 0.045312 0.009191
1 0.677604 0.87546 0.01875 0.017463
1 0.811458 0.481618 0.010417 0.03125
