1 0.283333 0.21829 0.014583 0.037684
1 0.301562 0.183824 0.025 0.027574
1 0.470833 0.02114 0.026042 0.042279
1 0.545052 0.078585 0.075521 0.157169
1 0.530729 0.237592 0.032292 0.056066
1 0.508073 0.274816 0.014062 0.03125
1 0.780729 0.038603 0.025 0.047794
1 0.61224 0.415441 0.010938 0.066176
1 0.740365 0.579504 0.023438 0.063419
1 0.752344 0.715993 0.065104 0.165441
1 0.579948 0.903952 0.020312 0.039522
1 0.572396 0.94761 0.034375 0.060662
1 0.602083 0.924173 0.011458 0.02114
1 0.534635 0.945312 0.018229 0.032169
1 0.526302 0.925551 0.011979 0.018382
1 0.179427 0.633732 0.010938 0.019301
1 0.160156 0.552849 0.013021 0.019301
1 0.121615 0.72886 0.026562 0.014706
1 0.430729 0.549173 0.142708 0.16636
1 0.33151 0.942096 0.106771 0.115809
1 0.384896 0.764706 0.055208 0.134191
1 0.504948 0.227941 0.015104 0.016544
1 0.536458 0.200368 0.036458 0.060662
1 0.527083 0.154871 0.052083 0.067096
1 0.579427 0.011489 0.019271 0.022978
1 0.986198 0.954044 0.021354 0.040441
1 0.377344 0.899357 0.019271 0.01011
