1 0.040365 0.130515 0.008854 0.027574
1 0.067969 0.426011 0.006771 0.037684
1 0.080469 0.523897 0.006771 0.044118
1 0.120573 0.578585 0.007812 0.034007
1 0.10651 0.793658 0.009896 0.015625
1 0.155729 0.223346 0.035417 0.044118
1 0.159375 0.26057 0.01875 0.019301
1 0.228385 0.287684 0.017188 0.016544
1 0.198177 0.493107 0.014062 0.015625
1 0.207552 0.511489 0.016146 0.013787
1 0.223958 0.49954 0.011458 0.013787
1 0.254688 0.580882 0.019792 0.007353
1 0.286719 0.600643 0.011979 0.019301
1 0.284115 0.649357 0.013021 0.015625
1 0.33151 0.974265 0.016146 0.012868
1 0.31224 0.641544 0.005729 0.03125
1 0.446094 0.928309 0.007812 0.022059
1 0.452083 0.91682 0.011458 0.015625
1 0.354688 0.613051 0.020833 0.016544
1 0.376823 0.551471 0.020312 0.014706
1 0.322656 0.471967 0.008854 0.015625
1 0.388021 0.471048 0.026042 0.015625
1 0.422917 0.49954 0.014583 0.02114
1 0.35599 0.304228 0.009896 0.027574
1 0.300521 0.222426 0.007292 0.023897
1 0.265885 0.158088 0.021354 0.011029
1 0.475 0.204044 0.014583 0.03125
1 0.546354 0.479779 0.016667 0.009191
1 0.548177 0.729779 0.010938 0.022059
1 0.891406 0.872243 0.016146 0.053309
1 0.866927 0.498162 0.027604 0.038603
1 0.871354 0.450827 0.017708 0.045037
1 0.971354 0.318015 0.0125 0.025735
1 0.736979 0.113051 0.011458 0.023897
1 0.732552 0.012868 0.011979 0.016544
1 0.878125 0.096507 0.008333 0.020221
1 0.882031 0.012868 0.014062 0.014706
1 0.945312 0.023438 0.032292 0.01011
1 0.939583 0.108456 0.0125 0.011029
1 0.60625 0.496324 0.028125 0.056985
