0 0.683073 0.755974 0.079688 0.227022
1 0.23099 0.765165 0.006771 0.028493
1 0.289583 0.409007 0.008333 0.016544
1 0.382812 0.466452 0.009375 0.022978
1 0.604167 0.407629 0.011458 0.019301
1 0.479167 0.641544 0.013542 0.025735
1 0.496615 0.652114 0.018229 0.034007
1 0.51224 0.70864 0.014062 0.022059
1 0.576302 0.762868 0.007812 0.025735
1 0.642188 0.823529 0.008333 0.018382
0 0.947656 0.380515 0.013021 0.012868
1 0.926302 0.761489 0.022396 0.01011
0 0.834375 0.942096 0.072917 0.115809
1 0.60625 0.844669 0.007292 0.034926
0 0.39974 0.546415 0.019271 0.026654
0 0.263542 0.205423 0.089583 0.234375
0 0.13125 0.066176 0.03125 0.132353
0 0.421875 0.522978 0.040625 0.033088
1 0.104427 0.181066 0.010938 0.020221
1 0.140365 0.180147 0.009896 0.018382
