1 0.179167 0.307445 0.035417 0.032169
0 0.213281 0.359375 0.021354 0.042279
1 0.363281 0.448989 0.016146 0.024816
1 0.435938 0.507812 0.016667 0.011949
1 0.441406 0.536305 0.008854 0.015625
1 0.459635 0.557904 0.013021 0.020221
1 0.554167 0.720129 0.011458 0.013787
1 0.525781 0.715533 0.009896 0.030331
0 0.298698 0.556526 0.101562 0.245404
1 0.754948 0.461397 0.054688 0.106618
0 0.396615 0.632812 0.028646 0.039522
0 0.488281 0.787684 0.017188 0.045956
1 0.896094 0.77068 0.014062 0.061581
1 0.663021 0.397978 0.019792 0.007353
1 0.78151 0.477482 0.026562 0.015625
1 0.627083 0.201287 0.011458 0.025735
