1 0.548177 0.991268 0.007812 0.017463
1 0.751042 0.964154 0.013542 0.027574
1 0.941146 0.956342 0.019792 0.022978
1 0.70599 0.95864 0.030729 0.03125
1 0.724479 0.960938 0.026042 0.037684
1 0.634115 0.938879 0.023438 0.013787
1 0.66875 0.935202 0.005208 0.032169
1 0.226562 0.921415 0.029167 0.013787
1 0.738281 0.920956 0.009896 0.014706
1 0.046875 0.928768 0.0125 0.030331
1 0.284115 0.914522 0.019271 0.042279
1 0.796094 0.889246 0.023438 0.028493
1 0.495312 0.888787 0.034375 0.029412
1 0.279948 0.877757 0.010938 0.014706
1 0.044792 0.787684 0.010417 0.023897
1 0.300521 0.716452 0.015625 0.039522
1 0.909635 0.648897 0.006771 0.025735
1 0.366667 0.533548 0.030208 0.017463
1 0.283594 0.479779 0.010938 0.016544
1 0.026823 0.438419 0.019271 0.027574
1 0.016927 0.424632 0.033854 0.03125
1 0.135677 0.491268 0.073438 0.164522
1 0.861198 0.412224 0.007812 0.04136
1 0.75026 0.46921 0.106771 0.157169
1 0.501823 0.444853 0.128646 0.150735
1 0.941406 0.447151 0.117188 0.182904
1 0.670573 0.360754 0.029688 0.019301
1 0.551823 0.347426 0.006771 0.025735
1 0.93776 0.363971 0.028646 0.108456
1 0.333594 0.310202 0.052604 0.048713
1 0.844531 0.315717 0.008854 0.089154
1 0.139323 0.293658 0.036979 0.048713
1 0.971875 0.272518 0.041667 0.015625
1 0.25 0.263787 0.034375 0.029412
1 0.55625 0.245404 0.0125 0.018382
1 0.139844 0.245864 0.020312 0.037684
1 0.336198 0.199449 0.011979 0.036765
1 0.141146 0.190257 0.0125 0.023897
1 0.871094 0.178309 0.026562 0.011029
1 0.008854 0.174173 0.017708 0.02114
1 0.396615 0.196691 0.030729 0.079044
1 0.965104 0.172335 0.034375 0.039522
1 0.088802 0.153033 0.015104 0.035846
1 0.814323 0.165441 0.013021 0.075368
1 0.156771 0.128676 0.019792 0.025735
1 0.278646 0.134651 0.009375 0.045037
1 0.37474 0.118566 0.016146 0.044118
1 0.780208 0.129596 0.0125 0.068015
1 0.952604 0.096048 0.009375 0.037684
1 0.995833 0.080882 0.008333 0.023897
1 0.209896 0.081801 0.013542 0.029412
1 0.742708 0.066176 0.00625 0.034926
1 0.528906 0.063879 0.014062 0.04136
1 0.361458 0.056066 0.019792 0.042279
1 0.873177 0.074908 0.016146 0.090993
1 0.767969 0.039522 0.025521 0.055147
1 0.170052 0.019301 0.019271 0.022059
1 0.811979 0.061121 0.054167 0.122243
1 0.472135 0.017004 0.009896 0.034007
