1 0.040625 0.816636 0.08125 0.14614
1 0.184635 0.433364 0.054688 0.092831
1 0.188021 0.099724 0.080208 0.068934
1 0.161979 0.130974 0.05 0.050551
1 0.300521 0.134651 0.046875 0.087316
1 0.322917 0.096048 0.040625 0.092831
1 0.285156 0.845129 0.034896 0.05239
1 0.609635 0.964614 0.033854 0.04136
1 0.828906 0.928768 0.045312 0.065257
1 0.823698 0.984835 0.015104 0.030331
1 0.863021 0.960018 0.06875 0.079963
1 0.671875 0.341912 0.041667 0.091912
1 0.201562 0.220588 0.038542 0.036765
1 0.217969 0.272518 0.022396 0.034007
1 0.210938 0.160386 0.026042 0.045037
1 0.207812 0.015625 0.027083 0.03125
1 0.704948 0.029412 0.050521 0.058824
1 0.751042 0.008732 0.025 0.017463
0 0.902344 0.231158 0.194271 0.374081
0 0.741406 0.420496 0.225521 0.482537
0 0.405208 0.342371 0.235417 0.684743
0 0.536979 0.36443 0.178125 0.568934
1 0.764844 0.177849 0.045312 0.067096
0 0.110938 0.314338 0.221875 0.306985
0 0.203646 0.311581 0.1375 0.623162
1 0.569271 0.542739 0.034375 0.024816
