1 0.025 0.959559 0.025 0.047794
1 0.065104 0.894761 0.035417 0.046875
1 0.083854 0.939798 0.025 0.050551
1 0.242448 0.787224 0.045312 0.085478
1 0.14974 0.854779 0.034896 0.090074
1 0.278906 0.763327 0.036979 0.074449
1 0.308854 0.733915 0.022917 0.054228
1 0.442188 0.58318 0.026042 0.046875
1 0.458594 0.484375 0.022396 0.047794
1 0.386458 0.152574 0.035417 0.066176
1 0.659635 0.298713 0.047396 0.095588
1 0.678125 0.350184 0.03125 0.064338
1 0.702865 0.284007 0.031771 0.077206
1 0.692969 0.24954 0.018229 0.032169
1 0.730469 0.213235 0.015104 0.033088
1 0.752083 0.241728 0.014583 0.034926
1 0.760156 0.185662 0.010938 0.020221
1 0.75 0.13511 0.025 0.027574
1 0.864844 0.164522 0.068229 0.080882
1 0.928385 0.048713 0.030729 0.049632
1 0.960417 0.016085 0.0375 0.032169
1 0.405469 0.59421 0.033854 0.074449
1 0.499219 0.490809 0.043229 0.055147
1 0.590885 0.316636 0.048438 0.098346
1 0.530208 0.435662 0.039583 0.071691
1 0.399219 0.292279 0.007812 0.022059
1 0.408594 0.300092 0.016146 0.022978
1 0.251823 0.887868 0.017188 0.038603
1 0.707552 0.568015 0.015104 0.009191
1 0.824479 0.691176 0.019792 0.038603
1 0.928906 0.679228 0.025521 0.040441
1 0.817188 0.085938 0.009375 0.015625
1 0.917448 0.120404 0.010938 0.012868
1 0.603385 0.390625 0.009896 0.022059
1 0.435417 0.467371 0.010417 0.028493
