1 0.2125 0.569853 0.019792 0.014706
1 0.368229 0.342831 0.016667 0.034926
1 0.35599 0.203125 0.045312 0.0625
1 0.501302 0.184283 0.011979 0.019301
1 0.714583 0.313419 0.015625 0.038603
1 0.765625 0.237592 0.011458 0.039522
1 0.435156 0.610754 0.015104 0.028493
1 0.470573 0.597426 0.042188 0.042279
1 0.4625 0.631893 0.014583 0.022978
1 0.50599 0.617647 0.017188 0.03125
1 0.510156 0.591912 0.007812 0.016544
1 0.590885 0.519761 0.033854 0.043199
1 0.683333 0.55239 0.025 0.022059
1 0.702344 0.540901 0.022396 0.035846
1 0.716667 0.580882 0.015625 0.020221
1 0.744271 0.556066 0.033333 0.047794
0 0.531771 0.501838 0.063542 0.139706
1 0.31276 0.023438 0.029688 0.011949
1 0.604688 0.068474 0.00625 0.026654
1 0.59349 0.836857 0.013021 0.032169
1 0.7125 0.857996 0.013542 0.030331
