0 0.478385 0.501838 0.035938 0.132353
1 0.058594 0.255055 0.006771 0.02114
1 0.047917 0.446232 0.009375 0.019301
1 0.095573 0.86489 0.011979 0.011029
1 0.233594 0.391085 0.016146 0.022978
1 0.403906 0.509191 0.007812 0.022059
1 0.241927 0.131434 0.017188 0.020221
1 0.334115 0.240349 0.014062 0.022978
1 0.513802 0.410386 0.013021 0.026654
1 0.835417 0.040441 0.010417 0.012868
1 0.725781 0.236673 0.018229 0.022978
1 0.745833 0.729779 0.008333 0.014706
1 0.801823 0.731158 0.011979 0.019301
1 0.786979 0.776195 0.011458 0.015625
