1 0.033594 0.19807 0.011979 0.013787
1 0.076042 0.193934 0.011458 0.029412
1 0.008333 0.345129 0.016667 0.034007
1 0.035417 0.506893 0.020833 0.070772
1 0.027865 0.640625 0.024479 0.025735
1 0.016146 0.670037 0.013542 0.034926
1 0.025781 0.75046 0.014062 0.022978
1 0.028906 0.839614 0.007812 0.02114
1 0.059375 0.772059 0.013542 0.045956
1 0.040885 0.727022 0.007812 0.027574
1 0.110677 0.769761 0.015104 0.008272
1 0.088542 0.624081 0.025 0.066176
1 0.116406 0.639246 0.019271 0.035846
1 0.140625 0.568015 0.010417 0.023897
1 0.141667 0.465074 0.021875 0.040441
1 0.15599 0.188419 0.013021 0.020221
1 0.195573 0.34421 0.014062 0.087316
1 0.283333 0.357077 0.01875 0.02114
1 0.246354 0.5 0.011458 0.020221
1 0.195312 0.650276 0.014583 0.013787
1 0.202083 0.66682 0.023958 0.030331
1 0.194792 0.90579 0.019792 0.032169
1 0.226562 0.942555 0.017708 0.019301
1 0.239583 0.912224 0.016667 0.024816
1 0.280208 0.900735 0.01875 0.049632
1 0.442969 0.88557 0.035938 0.034007
1 0.489323 0.971048 0.005729 0.046875
1 0.39401 0.727941 0.009896 0.025735
1 0.472135 0.657629 0.019271 0.017463
1 0.415625 0.375919 0.014583 0.045956
1 0.377344 0.338695 0.015104 0.013787
1 0.510677 0.474724 0.009896 0.017463
1 0.535677 0.497702 0.021354 0.043199
1 0.54401 0.535846 0.016146 0.023897
1 0.628906 0.383272 0.038021 0.060662
1 0.540625 0.341452 0.01875 0.019301
1 0.584635 0.31296 0.025521 0.035846
1 0.634896 0.056066 0.015625 0.027574
1 0.986458 0.16636 0.023958 0.044118
1 0.965365 0.585938 0.021354 0.032169
1 0.985156 0.887408 0.015104 0.011949
1 0.770052 0.855699 0.005729 0.033088
1 0.783073 0.764246 0.006771 0.028493
1 0.611719 0.789982 0.025521 0.030331
1 0.579427 0.747243 0.028646 0.011029
1 0.613021 0.970129 0.013542 0.056066
1 0.654427 0.977482 0.018229 0.01011
1 0.35625 0.981618 0.008333 0.036765
1 0.054427 0.428768 0.025521 0.054228
1 0.024479 0.428768 0.025 0.045037
1 0.459115 0.461397 0.023438 0.047794
1 0.417188 0.45818 0.021875 0.035846
1 0.450781 0.522518 0.014062 0.032169
1 0.788281 0.53079 0.014062 0.028493
1 0.808073 0.52068 0.011979 0.026654
1 0.763802 0.484375 0.024479 0.044118
1 0.013281 0.397518 0.006771 0.024816
