1 0.704427 0.59329 0.016146 0.011949
1 0.657292 0.596507 0.023958 0.051471
1 0.815365 0.542279 0.026562 0.027574
1 0.436719 0.500919 0.007812 0.022059
1 0.447917 0.484835 0.032292 0.034007
1 0.784115 0.408088 0.015104 0.014706
1 0.447135 0.379596 0.020312 0.044118
1 0.492448 0.373621 0.024479 0.034007
1 0.38151 0.360294 0.023438 0.038603
1 0.557812 0.285386 0.025 0.037684
1 0.559635 0.159467 0.020312 0.011949
1 0.574479 0.169118 0.011458 0.079044
1 0.535417 0.140625 0.008333 0.022059
1 0.561198 0.141085 0.022396 0.024816
1 0.953906 0.113511 0.024479 0.039522
1 0.932812 0.014706 0.023958 0.029412
