1 0.422135 0.847426 0.025521 0.016544
1 0.48125 0.502757 0.054167 0.051471
1 0.483594 0.45818 0.041146 0.094669
1 0.015365 0.690257 0.027604 0.058824
1 0.060677 0.957721 0.010938 0.011029
1 0.098438 0.890625 0.017708 0.036765
1 0.15 0.881434 0.015625 0.014706
1 0.092708 0.786305 0.04375 0.079963
1 0.092448 0.751838 0.027604 0.042279
1 0.121354 0.78171 0.017708 0.030331
1 0.514323 0.705423 0.010938 0.02114
1 0.452865 0.200368 0.014062 0.034926
1 0.480208 0.563879 0.007292 0.035846
1 0.596875 0.018842 0.020833 0.019301
1 0.569271 0.064798 0.016667 0.034007
1 0.969792 0.185662 0.020833 0.036765
1 0.444271 0.744485 0.030208 0.051471
1 0.495573 0.54136 0.028646 0.023897
1 0.551823 0.282169 0.010938 0.040441
1 0.373958 0.970129 0.045833 0.057904
1 0.421354 0.830423 0.015625 0.02114
