1 0.684115 0.880055 0.009896 0.026654
1 0.066146 0.835478 0.008333 0.016544
1 0.786979 0.847426 0.023958 0.047794
1 0.642188 0.740349 0.011458 0.019301
1 0.688281 0.753217 0.023438 0.057904
1 0.584375 0.721048 0.013542 0.037684
1 0.545312 0.660386 0.015625 0.039522
1 0.460677 0.563879 0.015104 0.026654
1 0.489062 0.568474 0.027083 0.050551
1 0.466927 0.513327 0.046354 0.079963
1 0.072396 0.394301 0.102083 0.220588
1 0.21849 0.102941 0.039062 0.086397
1 0.777604 0.93704 0.04375 0.125919
1 0.989062 0.012408 0.021875 0.024816
1 0.771094 0.985294 0.008854 0.029412
