1 0.394271 0.936121 0.021875 0.050551
1 0.522396 0.345588 0.025 0.051471
1 0.391667 0.096967 0.01875 0.050551
1 0.452604 0.143842 0.015625 0.026654
1 0.308594 0.191636 0.017188 0.02114
1 0.122396 0.08364 0.0125 0.023897
1 0.10625 0.220588 0.011458 0.011029
1 0.29375 0.279412 0.004167 0.034926
1 0.303385 0.329504 0.005729 0.032169
1 0.246875 0.340074 0.011458 0.045956
1 0.295312 0.388327 0.007292 0.02114
1 0.316927 0.415901 0.020312 0.022978
1 0.334635 0.441176 0.018229 0.036765
1 0.352344 0.46921 0.021354 0.024816
1 0.265885 0.48989 0.016146 0.029412
1 0.285677 0.527574 0.018229 0.012868
1 0.219792 0.574908 0.0125 0.022978
1 0.225521 0.618566 0.017708 0.025735
1 0.158333 0.639706 0.030208 0.011029
1 0.164323 0.859375 0.016146 0.03125
1 0.295312 0.871324 0.0125 0.011029
1 0.496354 0.567096 0.023958 0.047794
1 0.546094 0.19761 0.024479 0.034926
1 0.590625 0.039982 0.025 0.037684
1 0.434115 0.706342 0.031771 0.070772
1 0.013542 0.647978 0.007292 0.020221
1 0.064844 0.681526 0.011979 0.013787
1 0.180729 0.782629 0.010417 0.015625
1 0.204688 0.622702 0.014583 0.013787
1 0.211458 0.601103 0.007292 0.018382
1 0.296615 0.474724 0.010938 0.022978
1 0.352604 0.33364 0.008333 0.018382
1 0.34401 0.044118 0.009896 0.014706
1 0.541667 0.953585 0.008333 0.017463
1 0.697656 0.979779 0.017188 0.020221
1 0.741406 0.960018 0.018229 0.017463
1 0.679167 0.788143 0.016667 0.017463
1 0.588542 0.695312 0.032292 0.015625
1 0.646875 0.539062 0.00625 0.034007
1 0.663281 0.508272 0.018229 0.025735
1 0.722396 0.123162 0.00625 0.023897
1 0.770312 0.464614 0.010417 0.039522
1 0.755208 0.642463 0.00625 0.034926
1 0.784375 0.575827 0.01875 0.022978
1 0.866406 0.711397 0.017188 0.018382
1 0.913021 0.445772 0.009375 0.034926
1 0.91849 0.587776 0.021354 0.011949
1 0.953125 0.622702 0.01875 0.013787
