1 0.208854 0.671415 0.021875 0.030331
1 0.384115 0.501838 0.021354 0.033088
1 0.446875 0.490809 0.023958 0.034926
1 0.492448 0.471967 0.019271 0.030331
1 0.566146 0.379596 0.013542 0.022059
1 0.63099 0.355699 0.015104 0.027574
1 0.668229 0.238511 0.016667 0.078125
1 0.833073 0.383732 0.014062 0.026654
1 0.905469 0.242647 0.040104 0.080882
1 0.392708 0.536765 0.017708 0.033088
1 0.585677 0.397518 0.034896 0.078125
1 0.139323 0.044577 0.021354 0.037684
1 0.229167 0.191176 0.00625 0.020221
1 0.746875 0.105239 0.023958 0.048713
1 0.799479 0.547335 0.014583 0.045037
1 0.636719 0.627298 0.017188 0.043199
1 0.711719 0.686121 0.020312 0.030331
1 0.788281 0.919118 0.020312 0.014706
