0 0.504948 0.57261 0.097396 0.233456
1 0.071094 0.022518 0.007812 0.039522
1 0.097656 0.692096 0.018229 0.029412
1 0.041667 0.835938 0.007292 0.026654
1 0.071615 0.95864 0.010938 0.027574
1 0.258594 0.835938 0.014062 0.02114
1 0.45599 0.639706 0.011979 0.012868
1 0.460156 0.65579 0.006771 0.030331
1 0.539844 0.745864 0.009896 0.015625
1 0.598438 0.559283 0.005208 0.048713
1 0.342448 0.43796 0.009896 0.015625
1 0.223698 0.428309 0.013021 0.022059
1 0.159375 0.276654 0.011458 0.022059
1 0.160417 0.256893 0.015625 0.013787
1 0.20026 0.207261 0.021354 0.032169
1 0.334896 0.07307 0.005208 0.032169
1 0.356771 0.244026 0.019792 0.026654
1 0.497917 0.09329 0.004167 0.030331
1 0.491406 0.050092 0.005729 0.028493
1 0.589323 0.032629 0.009896 0.013787
1 0.649479 0.069853 0.007292 0.056985
1 0.668229 0.119945 0.00625 0.034007
1 0.565104 0.253217 0.009375 0.024816
1 0.616406 0.212776 0.005729 0.024816
1 0.603125 0.391085 0.009375 0.015625
1 0.65026 0.36489 0.009896 0.027574
1 0.674479 0.231618 0.010417 0.020221
1 0.901042 0.120864 0.008333 0.028493
1 0.989062 0.41636 0.019792 0.009191
1 0.913281 0.494026 0.016146 0.013787
1 0.892448 0.495864 0.017188 0.028493
1 0.776042 0.889246 0.019792 0.01011
1 0.780469 0.986673 0.017188 0.026654
1 0.811979 0.891085 0.010417 0.028493
1 0.848958 0.946691 0.022917 0.022059
1 0.914062 0.707721 0.011458 0.011029
1 0.93125 0.931066 0.0125 0.022059
1 0.949479 0.887408 0.016667 0.02114
1 0.971875 0.941636 0.019792 0.013787
1 0.513281 0.96921 0.056771 0.061581
0 0.588281 0.07261 0.124479 0.143382
0 0.467188 0.75046 0.019792 0.024816
