1 0.315365 0.024357 0.025521 0.048713
1 0.378385 0.137868 0.014062 0.025735
1 0.389323 0.190257 0.013021 0.014706
1 0.410677 0.318015 0.028646 0.029412
1 0.43776 0.371324 0.040104 0.066176
1 0.44401 0.450368 0.027604 0.034926
1 0.458073 0.57261 0.028646 0.051471
1 0.432031 0.574449 0.015104 0.053309
1 0.533854 0.817555 0.025 0.013787
1 0.729167 0.890165 0.013542 0.026654
1 0.910417 0.751838 0.035417 0.045956
1 0.596615 0.986213 0.009896 0.027574
0 0.514844 0.786765 0.084896 0.055147
0 0.626562 0.877298 0.109375 0.206801
0 0.427604 0.263327 0.130208 0.094669
0 0.385938 0.150735 0.066667 0.165441
0 0.427865 0.388327 0.039062 0.065257
0 0.390885 0.012408 0.018229 0.024816
