1 0.184896 0.975184 0.025 0.042279
1 0.339323 0.818474 0.026562 0.022978
1 0.389583 0.660386 0.014583 0.032169
1 0.258333 0.529412 0.013542 0.020221
1 0.279948 0.103401 0.042188 0.061581
1 0.348438 0.240349 0.009375 0.019301
1 0.391146 0.306066 0.00625 0.020221
1 0.403646 0.122243 0.016667 0.033088
1 0.41875 0.144761 0.0125 0.019301
1 0.472396 0.122702 0.032292 0.067096
1 0.504167 0.052849 0.016667 0.024816
1 0.557552 0.429688 0.013021 0.022978
1 0.665104 0.826287 0.055208 0.145221
1 0.458854 0.453125 0.083333 0.163603
1 0.173177 0.770221 0.093229 0.139706
1 0.324219 0.631893 0.069271 0.14614
1 0.626823 0.221967 0.054688 0.098346
1 0.227083 0.977941 0.016667 0.044118
1 0.027083 0.783548 0.039583 0.054228
1 0.732031 0.082721 0.032812 0.084559
1 0.325521 0.763327 0.045833 0.089154
1 0.215104 0.893842 0.072917 0.124081
