1 0.435156 0.607537 0.067188 0.042279
1 0.478385 0.559743 0.025521 0.125
1 0.571615 0.607996 0.024479 0.061581
1 0.572656 0.462316 0.022396 0.036765
1 0.66901 0.408548 0.045312 0.039522
1 0.690885 0.290901 0.045312 0.039522
1 0.703125 0.33318 0.007292 0.068934
1 0.715365 0.225184 0.058854 0.106618
1 0.892969 0.05239 0.007812 0.034926
1 0.793229 0.176011 0.030208 0.059743
1 0.367188 0.695772 0.097917 0.145221
1 0.243229 0.808824 0.04375 0.03125
1 0.51901 0.567096 0.021354 0.075368
1 0.764323 0.238971 0.031771 0.101103
1 0.449219 0.661305 0.013021 0.037684
1 0.107552 0.372243 0.010938 0.029412
1 0.380469 0.213695 0.014062 0.034007
1 0.545052 0.454963 0.020312 0.034926
