1 0.163802 0.072151 0.015104 0.019301
1 0.243229 0.023438 0.013542 0.022978
1 0.309375 0.283088 0.014583 0.038603
1 0.232812 0.335938 0.011458 0.034007
1 0.40625 0.207261 0.0125 0.02114
1 0.467188 0.290441 0.0125 0.020221
1 0.54375 0.174632 0.016667 0.012868
0 0.816146 0.414522 0.013542 0.022059
1 0.930469 0.238971 0.016146 0.03125
1 0.6125 0.670956 0.017708 0.007353
1 0.459115 0.807904 0.013021 0.029412
1 0.277344 0.889706 0.013021 0.027574
1 0.095833 0.476562 0.005208 0.024816
0 0.17526 0.487592 0.075521 0.081801
0 0.616667 0.390165 0.06875 0.151654
1 0.151562 0.438879 0.01875 0.034007
1 0.665365 0.318474 0.011979 0.02114
1 0.384635 0.703125 0.013021 0.014706
1 0.746094 0.815257 0.009896 0.022059
1 0.933594 0.779412 0.027604 0.018382
1 0.98099 0.947151 0.009896 0.030331
