1 0.591927 0.831342 0.199479 0.287684
1 0.395573 0.65625 0.069271 0.134191
1 0.670312 0.424632 0.00625 0.023897
1 0.492969 0.497702 0.154688 0.284007
1 0.157292 0.421415 0.092708 0.153493
1 0.671875 0.324449 0.014583 0.034926
1 0.6125 0.344669 0.142708 0.308824
1 0.059896 0.087776 0.011458 0.015625
1 0.750521 0.158088 0.107292 0.226103
1 0.582552 0.032629 0.058854 0.065257
1 0.267448 0.209559 0.534896 0.419118
1 0.915885 0.33364 0.168229 0.667279
1 0.836979 0.888787 0.251042 0.222426
1 0.211719 0.944853 0.086979 0.110294
1 0.153646 0.982996 0.052083 0.034007
1 0.232552 0.984835 0.032812 0.030331
