1 0.435938 0.494945 0.025 0.05239
1 0.252865 0.784467 0.021354 0.032169
1 0.264062 0.764706 0.0125 0.038603
1 0.282552 0.756434 0.015104 0.045956
1 0.294271 0.757812 0.023958 0.045037
1 0.464583 0.497243 0.015625 0.0625
1 0.610156 0.277114 0.015104 0.043199
1 0.613281 0.247243 0.020312 0.029412
1 0.63125 0.175092 0.019792 0.02114
1 0.752083 0.011489 0.009375 0.022978
1 0.755729 0.037224 0.014583 0.030331
1 0.31849 0.683824 0.029688 0.025735
1 0.232292 0.839614 0.030208 0.039522
1 0.197396 0.888787 0.016667 0.047794
1 0.580469 0.301471 0.019271 0.038603
1 0.716406 0.0625 0.017188 0.038603
1 0.522917 0.412224 0.020833 0.028493
1 0.397135 0.550551 0.028646 0.023897
1 0.486719 0.470129 0.010938 0.04136
1 0.544792 0.328585 0.009375 0.032169
1 0.302083 0.543199 0.00625 0.038603
1 0.692969 0.113971 0.005729 0.042279
1 0.47474 0.508732 0.015104 0.054228
