1 0.157292 0.51057 0.038542 0.057904
1 0.115625 0.443015 0.01875 0.034926
1 0.134375 0.545496 0.023958 0.046875
1 0.065365 0.310662 0.021354 0.027574
1 0.40625 0.125 0.023958 0.044118
1 0.284635 0.65625 0.013021 0.023897
1 0.348958 0.748162 0.016667 0.049632
1 0.363542 0.762868 0.025 0.036765
1 0.390625 0.650276 0.013542 0.035846
1 0.51901 0.484375 0.016146 0.03125
1 0.529167 0.461397 0.009375 0.018382
1 0.647135 0.226103 0.008854 0.027574
1 0.653125 0.538143 0.011458 0.022978
1 0.863802 0.168199 0.020312 0.038603
1 0.79974 0.724265 0.024479 0.012868
1 0.544271 0.67693 0.026042 0.04136
1 0.567448 0.678768 0.026562 0.046875
1 0.550521 0.712776 0.019792 0.026654
1 0.604167 0.851562 0.025 0.05239
1 0.614844 0.883272 0.030729 0.025735
1 0.505729 0.898438 0.029167 0.050551
1 0.495833 0.942096 0.033333 0.056985
1 0.250781 0.97932 0.026562 0.032169
1 0.228125 0.952665 0.01875 0.02114
1 0.240625 0.90671 0.01875 0.037684
1 0.159375 0.883732 0.014583 0.026654
1 0.143229 0.134651 0.008333 0.019301
1 0.190365 0.099265 0.010938 0.038603
1 0.289323 0.181526 0.013021 0.034007
1 0.425521 0.026654 0.040625 0.053309
1 0.411458 0.047794 0.016667 0.016544
1 0.439844 0.086857 0.044271 0.081801
1 0.432292 0.125 0.010417 0.018382
1 0.45026 0.129596 0.023438 0.042279
1 0.448438 0.165901 0.036458 0.034007
1 0.686198 0.386949 0.009896 0.020221
1 0.735417 0.076746 0.015625 0.048713
1 0.99349 0.063879 0.013021 0.02114
1 0.447396 0.881434 0.010417 0.016544
1 0.653125 0.97886 0.01875 0.042279
1 0.423958 0.648897 0.027083 0.049632
1 0.55599 0.483915 0.015104 0.030331
1 0.267448 0.451287 0.020312 0.045956
1 0.534896 0.493566 0.014583 0.034926
1 0.534375 0.544577 0.029167 0.050551
1 0.597396 0.806066 0.027083 0.036765
1 0.556771 0.959099 0.021875 0.048713
1 0.575521 0.728401 0.017708 0.035846
