1 0.259375 0.190257 0.029167 0.056985
1 0.289062 0.178768 0.058333 0.109375
1 0.310417 0.244026 0.075 0.13511
1 0.426823 0.35432 0.067188 0.13511
1 0.4625 0.403952 0.077083 0.151654
1 0.490885 0.472426 0.072396 0.180147
1 0.547396 0.481158 0.073958 0.142463
1 0.576823 0.54182 0.091146 0.133272
1 0.610677 0.640625 0.088021 0.183824
1 0.653385 0.646599 0.078646 0.13511
1 0.735417 0.725184 0.076042 0.132353
1 0.761458 0.795037 0.073958 0.150735
1 0.827083 0.81296 0.06875 0.159007
1 0.85599 0.909926 0.060938 0.15625
1 0.909375 0.935202 0.084375 0.129596
1 0.975 0.980699 0.04375 0.038603
1 0.189583 0.15671 0.105208 0.171875
1 0.058594 0.051011 0.077604 0.102022
1 0.36849 0.265625 0.026562 0.045956
