1 0.006771 0.591912 0.013542 0.016544
1 0.070573 0.57261 0.011979 0.047794
0 0.104948 0.328125 0.020312 0.044118
1 0.130729 0.355699 0.019792 0.025735
1 0.185156 0.373162 0.010938 0.027574
1 0.364062 0.03125 0.00625 0.029412
1 0.340365 0.150735 0.018229 0.018382
1 0.489062 0.163603 0.010417 0.025735
1 0.707292 0.191636 0.025 0.026654
1 0.797917 0.099265 0.009375 0.022059
1 0.772396 0.188879 0.0125 0.02114
1 0.765885 0.292279 0.019271 0.040441
1 0.501302 0.752757 0.015104 0.009191
1 0.390365 0.80193 0.024479 0.019301
0 0.48776 0.486213 0.051562 0.095588
0 0.594271 0.59375 0.04375 0.068015
