1 0.274219 0.761029 0.095312 0.154412
1 0.511458 0.754596 0.1125 0.161765
1 0.679167 0.66636 0.066667 0.082721
1 0.288802 0.642463 0.117188 0.158088
1 0.779167 0.647059 0.133333 0.180147
1 0.41849 0.481618 0.022396 0.042279
1 0.690885 0.485294 0.068229 0.110294
1 0.37526 0.332261 0.031771 0.039522
1 0.557812 0.305147 0.061458 0.079044
1 0.176042 0.462776 0.202083 0.407169
1 0.142448 0.229779 0.068229 0.088235
1 0.598698 0.164062 0.047396 0.109375
1 0.742708 0.039522 0.051042 0.079044
1 0.630729 0.03079 0.036458 0.061581
1 0.539323 0.012408 0.018229 0.024816
1 0.259635 0.161305 0.519271 0.32261
1 0.870312 0.183824 0.259375 0.367647
1 0.265104 0.986213 0.015625 0.027574
