1 0.561979 0.235754 0.020833 0.015625
1 0.60625 0.318474 0.0125 0.032169
1 0.652865 0.375 0.005729 0.03125
1 0.601302 0.454044 0.034896 0.0625
1 0.617448 0.596967 0.009896 0.037684
1 0.596094 0.75 0.022396 0.042279
1 0.875521 0.420037 0.045833 0.036765
1 0.879948 0.48989 0.018229 0.033088
1 0.874479 0.649816 0.019792 0.03125
1 0.971615 0.570772 0.028646 0.016544
1 0.785677 0.159467 0.010938 0.034007
1 0.836198 0.078585 0.011979 0.039522
1 0.857812 0.079504 0.026042 0.028493
1 0.28724 0.132353 0.016146 0.029412
1 0.30651 0.255515 0.009896 0.045956
1 0.194531 0.107996 0.035938 0.054228
1 0.051042 0.215074 0.025 0.012868
1 0.013021 0.251838 0.013542 0.029412
1 0.028385 0.484835 0.027604 0.01011
1 0.0625 0.523438 0.00625 0.045037
1 0.141667 0.446691 0.0125 0.042279
1 0.144271 0.517923 0.026042 0.019301
1 0.267448 0.520221 0.016146 0.038603
1 0.397656 0.490349 0.022396 0.019301
1 0.426042 0.546875 0.011458 0.045956
1 0.3625 0.64568 0.014583 0.015625
1 0.50625 0.394761 0.082292 0.159007
1 0.108854 0.091912 0.009375 0.034926
1 0.016927 0.948529 0.021354 0.040441
1 0.074219 0.76057 0.022396 0.006434
1 0.176042 0.857077 0.022917 0.035846
1 0.217188 0.960938 0.017708 0.01011
1 0.290104 0.954504 0.046875 0.090993
1 0.168229 0.644301 0.010417 0.018382
1 0.372656 0.008272 0.015104 0.016544
1 0.321094 0.488051 0.013021 0.022059
1 0.446094 0.726103 0.015104 0.009191
1 0.489062 0.829044 0.00625 0.023897
1 0.511198 0.948529 0.021354 0.045956
1 0.808333 0.973805 0.013542 0.05239
1 0.955469 0.9375 0.038021 0.056985
1 0.715625 0.64568 0.0125 0.035846
1 0.635156 0.602941 0.009896 0.03125
1 0.640625 0.42739 0.020833 0.016544
1 0.573958 0.138787 0.0125 0.012868
1 0.733594 0.130974 0.011979 0.011949
1 0.867448 0.191176 0.015104 0.03125
1 0.922656 0.399357 0.027604 0.02114
1 0.923438 0.661765 0.025 0.051471
