1 0.297396 0.835018 0.009375 0.017463
1 0.3875 0.816636 0.0125 0.019301
1 0.541927 0.827206 0.028646 0.128676
1 0.748698 0.417739 0.031771 0.048713
1 0.876302 0.351562 0.065104 0.08364
1 0.592448 0.470588 0.421354 0.650735
1 0.502083 0.072151 0.025 0.037684
1 0.514062 0.080882 0.036458 0.090074
1 0.958594 0.145221 0.082812 0.261029
1 0.966146 0.369945 0.067708 0.221507
1 0.651823 0.977941 0.048438 0.044118
1 0.14401 0.147059 0.010938 0.018382
1 0.010156 0.564338 0.020312 0.027574
1 0.029427 0.566636 0.021354 0.04136
1 0.266406 0.505974 0.011979 0.019301
