1 0.39349 0.66682 0.082812 0.16636
1 0.445312 0.568015 0.01875 0.055147
1 0.430729 0.534926 0.034375 0.044118
1 0.548698 0.188879 0.028646 0.070772
1 0.571615 0.054688 0.053646 0.098346
1 0.597917 0.028033 0.017708 0.056066
1 0.533594 0.113511 0.059896 0.182904
1 0.378646 0.177849 0.032292 0.056066
1 0.307552 0.036305 0.026562 0.057904
1 0.273177 0.295037 0.005729 0.044118
1 0.12474 0.18704 0.026562 0.034007
1 0.08724 0.179228 0.022396 0.018382
1 0.526042 0.282629 0.017708 0.013787
1 0.448438 0.127757 0.0125 0.022059
1 0.686458 0.118566 0.0125 0.018382
1 0.892188 0.432445 0.011458 0.019301
1 0.952604 0.536765 0.011458 0.025735
1 0.469792 0.830423 0.013542 0.02114
1 0.35026 0.903952 0.139062 0.17739
1 0.013542 0.659007 0.027083 0.012868
1 0.470573 0.353401 0.118229 0.245404
1 0.378125 0.660846 0.033333 0.104779
