1 0.495312 0.619026 0.157292 0.30239
1 0.585938 0.506434 0.055208 0.102941
1 0.265885 0.519301 0.061979 0.130515
1 0.004688 0.446691 0.009375 0.020221
1 0.102604 0.556066 0.159375 0.253676
1 0.003646 0.40579 0.007292 0.022978
1 0.034635 0.43796 0.031771 0.092831
1 0.514583 0.434743 0.086458 0.113971
1 0.6 0.383272 0.051042 0.0625
1 0.328646 0.449908 0.078125 0.227022
1 0.106771 0.40579 0.115625 0.159007
1 0.082552 0.350643 0.040104 0.061581
1 0.378906 0.372702 0.061979 0.118566
1 0.311198 0.35432 0.064062 0.129596
1 0.223698 0.376838 0.101562 0.183824
1 0.415885 0.439338 0.117188 0.349265
1 0.144271 0.314798 0.066667 0.102022
1 0.748177 0.242188 0.018229 0.037684
1 0.804167 0.231618 0.04375 0.073529
1 0.594271 0.231618 0.151042 0.264706
1 0.91224 0.318015 0.151562 0.479779
1 0.058073 0.227482 0.116146 0.309743
1 0.760156 0.144301 0.090104 0.147059
1 0.791406 0.068934 0.129688 0.137868
1 0.925521 0.142004 0.148958 0.284007
1 0.95 0.694393 0.1 0.171875
1 0.963802 0.375919 0.072396 0.213235
