1 0.84349 0.971507 0.010938 0.018382
1 0.814583 0.899357 0.015625 0.04136
1 0.810938 0.846048 0.015625 0.034007
1 0.745833 0.664522 0.00625 0.022059
1 0.266146 0.606158 0.007292 0.026654
1 0.860156 0.587316 0.016146 0.029412
1 0.475521 0.738051 0.204167 0.452206
1 0.919531 0.519301 0.009896 0.025735
1 0.244271 0.58364 0.263542 0.226103
1 0.352344 0.484835 0.056771 0.096507
1 0.027344 0.38511 0.054688 0.152574
1 0.2 0.220129 0.017708 0.061581
1 0.471094 0.418199 0.348438 0.556985
1 0.450521 0.08318 0.0125 0.013787
1 0.867708 0.080423 0.020833 0.026654
1 0.095052 0.950368 0.009896 0.012868
