1 0.583333 0.508732 0.059375 0.092831
1 0.604167 0.067555 0.032292 0.085478
1 0.428385 0.877298 0.088021 0.149816
1 0.014323 0.301011 0.014062 0.050551
1 0.015885 0.784007 0.031771 0.158088
1 0.039583 0.848346 0.042708 0.090074
1 0.130729 0.847886 0.04375 0.037684
1 0.126042 0.956342 0.102083 0.087316
1 0.180729 0.680147 0.029167 0.029412
1 0.192969 0.643842 0.019271 0.032169
1 0.347135 0.572151 0.130729 0.204963
1 0.240625 0.984375 0.028125 0.03125
1 0.349219 0.702206 0.023438 0.029412
1 0.383333 0.761949 0.023958 0.055147
1 0.67526 0.934743 0.035938 0.053309
1 0.978125 0.643382 0.033333 0.033088
1 0.608333 0.363511 0.04375 0.057904
1 0.727344 0.204504 0.031771 0.109375
1 0.540625 0.309283 0.026042 0.035846
1 0.567448 0.232996 0.066146 0.113051
1 0.586198 0.174173 0.088021 0.074449
1 0.628646 0.236673 0.044792 0.034007
0 0.530208 0.397978 0.325 0.305147
0 0.853385 0.414062 0.289062 0.703125
0 0.4 0.258732 0.314583 0.142463
0 0.944792 0.467371 0.109375 0.570772
