1 0.299219 0.168658 0.030729 0.076287
1 0.347656 0.201287 0.013021 0.027574
1 0.372396 0.133272 0.009375 0.016544
1 0.326042 0.373162 0.013542 0.053309
1 0.079427 0.327206 0.035938 0.091912
1 0.060938 0.227482 0.029167 0.061581
1 0.10625 0.668199 0.008333 0.047794
1 0.373177 0.683364 0.046354 0.059743
1 0.372656 0.758732 0.022396 0.07261
1 0.547656 0.747702 0.032812 0.068934
1 0.667448 0.652114 0.013021 0.030331
1 0.797396 0.815257 0.020833 0.033088
1 0.872656 0.628676 0.015104 0.022059
1 0.869792 0.30239 0.01875 0.03125
1 0.615104 0.050551 0.014583 0.020221
1 0.853125 0.085938 0.020833 0.017463
1 0.975 0.201287 0.014583 0.014706
1 0.503125 0.974265 0.013542 0.025735
1 0.027083 0.877757 0.0125 0.022059
1 0.039583 0.917739 0.014583 0.024816
0 0.2625 0.94807 0.060417 0.10386
0 0.451302 0.631893 0.157812 0.307904
0 0.521354 0.328585 0.151042 0.243566
