0 0.480208 0.426471 0.075 0.132353
0 0.508073 0.100643 0.059896 0.067096
0 0.508333 0.742647 0.026042 0.110294
1 0.082031 0.079963 0.019271 0.022059
1 0.041927 0.119485 0.018229 0.025735
1 0.186979 0.384191 0.00625 0.020221
1 0.37526 0.074449 0.011979 0.022059
1 0.43776 0.165901 0.007812 0.017463
1 0.351562 0.265625 0.008333 0.029412
1 0.40651 0.375 0.013021 0.011029
1 0.783854 0.277114 0.01875 0.008272
1 0.877865 0.205423 0.007812 0.017463
1 0.880729 0.157169 0.00625 0.025735
1 0.975 0.373621 0.008333 0.019301
1 0.838281 0.913603 0.020312 0.011029
1 0.822656 0.897978 0.019271 0.011029
