1 0.398177 0.965993 0.008854 0.020221
1 0.358073 0.953125 0.029688 0.025735
1 0.384896 0.907629 0.014583 0.028493
1 0.339062 0.84421 0.027083 0.034007
1 0.004427 0.829963 0.008854 0.014706
1 0.183594 0.90625 0.110938 0.174632
1 0.264062 0.827206 0.055208 0.066176
1 0.934375 0.800092 0.017708 0.022978
1 0.846875 0.800551 0.036458 0.073529
1 0.632031 0.740809 0.010938 0.014706
1 0.424219 0.753217 0.041146 0.057904
1 0.784635 0.732077 0.026562 0.043199
1 0.636198 0.716912 0.015104 0.022059
1 0.870312 0.71921 0.1 0.08364
1 0.653906 0.694853 0.032812 0.053309
1 0.877604 0.677849 0.010417 0.024816
1 0.575 0.749081 0.085417 0.183824
1 0.477083 0.682904 0.033333 0.055147
1 0.252344 0.621324 0.036979 0.066176
1 0.267708 0.576746 0.019792 0.02114
1 0.879948 0.477941 0.028646 0.047794
1 0.223958 0.485294 0.05625 0.084559
1 0.411198 0.467831 0.113021 0.108456
1 0.811979 0.407629 0.020833 0.037684
1 0.86224 0.383732 0.015104 0.017463
1 0.765104 0.373621 0.011458 0.022978
1 0.860417 0.357077 0.015625 0.015625
1 0.730208 0.372243 0.035417 0.0625
1 0.305208 0.326287 0.017708 0.029412
1 0.638281 0.316176 0.015104 0.018382
1 0.51224 0.31296 0.032812 0.028493
1 0.903906 0.290441 0.013021 0.025735
1 0.65 0.28171 0.046875 0.076287
1 0.991927 0.263787 0.014062 0.042279
1 0.583594 0.265165 0.067188 0.090993
1 0.915365 0.216912 0.013021 0.023897
1 0.672917 0.234835 0.034375 0.078125
1 0.516927 0.190717 0.020312 0.02114
1 0.813021 0.182445 0.009375 0.028493
1 0.696615 0.205882 0.034896 0.088235
1 0.392448 0.131434 0.020312 0.119485
1 0.899219 0.097426 0.008854 0.060662
1 0.904688 0.009651 0.033333 0.019301
1 0.08776 0.230699 0.018229 0.023897
1 0.11224 0.951287 0.008854 0.020221
1 0.048177 0.975184 0.008854 0.022059
1 0.52526 0.684283 0.006771 0.019301
