1 0.098438 0.699908 0.022917 0.046875
1 0.11224 0.737132 0.021354 0.016544
1 0.106771 0.762868 0.011458 0.038603
1 0.388802 0.902574 0.039062 0.042279
1 0.376562 0.878676 0.01875 0.03125
1 0.403646 0.861213 0.032292 0.042279
1 0.428125 0.784467 0.01875 0.090993
1 0.446875 0.75046 0.029167 0.061581
1 0.457552 0.720588 0.020312 0.106618
1 0.461719 0.654412 0.034896 0.110294
1 0.463802 0.620404 0.013021 0.082721
1 0.406771 0.556066 0.028125 0.023897
1 0.443229 0.573529 0.05625 0.055147
1 0.445833 0.520221 0.091667 0.068015
1 0.728906 0.619945 0.015104 0.028493
1 0.8125 0.287684 0.034375 0.0625
1 0.451042 0.283088 0.065625 0.064338
1 0.452344 0.192555 0.025521 0.057904
1 0.457812 0.149816 0.020833 0.038603
1 0.464844 0.10432 0.045312 0.04136
1 0.441406 0.049173 0.032812 0.04136
1 0.088802 0.043199 0.025521 0.03125
1 0.475 0.075827 0.007292 0.045037
1 0.508333 0.163603 0.0125 0.029412
1 0.429948 0.452665 0.099479 0.074449
1 0.481771 0.180147 0.04375 0.077206
1 0.338802 0.550092 0.017188 0.054228
1 0.320573 0.523897 0.034896 0.084559
1 0.24375 0.03125 0.0375 0.058824
1 0.425521 0.595588 0.01875 0.034926
