1 0.292708 0.79136 0.040625 0.068015
1 0.390885 0.685202 0.032812 0.107537
1 0.186458 0.94761 0.047917 0.088235
1 0.021875 0.307445 0.016667 0.028493
1 0.23724 0.314798 0.010938 0.022978
1 0.270052 0.169577 0.020312 0.035846
1 0.500521 0.130055 0.020833 0.022978
1 0.535677 0.511949 0.023438 0.042279
1 0.309896 0.933364 0.015625 0.02114
1 0.471354 0.757353 0.021875 0.023897
1 0.550521 0.920956 0.016667 0.027574
1 0.655729 0.706801 0.007292 0.036765
1 0.636198 0.816176 0.004688 0.036765
1 0.876042 0.920037 0.027083 0.020221
1 0.866406 0.75 0.015104 0.038603
1 0.904948 0.487132 0.004688 0.03125
