1 0.003646 0.977022 0.007292 0.045956
1 0.673177 0.939338 0.008854 0.014706
1 0.186198 0.903493 0.007812 0.029412
1 0.548698 0.910386 0.038021 0.054228
1 0.092448 0.868566 0.017188 0.055147
1 0.390104 0.848346 0.015625 0.023897
1 0.375781 0.857077 0.019271 0.048713
1 0.02474 0.84421 0.040104 0.045037
1 0.468229 0.829963 0.013542 0.036765
1 0.119792 0.813879 0.009375 0.035846
1 0.552344 0.757353 0.010938 0.020221
1 0.204948 0.777114 0.045312 0.067096
1 0.138021 0.767004 0.051042 0.096507
1 0.388542 0.72932 0.04375 0.068934
1 0.13125 0.707721 0.013542 0.036765
1 0.414583 0.707721 0.023958 0.040441
1 0.198438 0.699908 0.029167 0.035846
1 0.242188 0.670496 0.026042 0.039522
1 0.29974 0.638327 0.015104 0.019301
1 0.029688 0.612592 0.035417 0.090993
1 0.609896 0.579963 0.0125 0.027574
1 0.463802 0.550092 0.022396 0.05239
1 0.309635 0.495404 0.010938 0.022059
1 0.296354 0.493566 0.0125 0.027574
1 0.354427 0.503217 0.035938 0.074449
1 0.108594 0.516085 0.030729 0.122243
1 0.167969 0.464614 0.046354 0.08364
1 0.709635 0.444393 0.033854 0.050551
1 0.141667 0.433364 0.023958 0.074449
1 0.288802 0.435662 0.056771 0.080882
1 0.295052 0.391544 0.019271 0.044118
1 0.261719 0.371324 0.017188 0.045956
1 0.666146 0.353401 0.009375 0.024816
1 0.371094 0.338695 0.021354 0.034007
1 0.323177 0.360754 0.030729 0.085478
1 0.30599 0.288603 0.011979 0.029412
1 0.040365 0.379136 0.080729 0.276654
1 0.246094 0.223346 0.017188 0.023897
1 0.57526 0.216912 0.051562 0.080882
1 0.286198 0.217371 0.052604 0.090993
1 0.384896 0.174632 0.040625 0.071691
1 0.570312 0.137868 0.010417 0.025735
1 0.539583 0.079504 0.026042 0.045037
1 0.247656 0.052849 0.013021 0.032169
1 0.272396 0.056985 0.023958 0.060662
1 0.179688 0.024357 0.023958 0.043199
