1 0.567969 0.980239 0.030729 0.039522
1 0.409115 0.955423 0.028646 0.089154
1 0.629948 0.897978 0.027604 0.034926
1 0.55026 0.889246 0.007812 0.019301
1 0.514844 0.892004 0.015104 0.030331
1 0.546875 0.868566 0.014583 0.027574
1 0.821354 0.86489 0.032292 0.036765
1 0.467708 0.834099 0.055208 0.081801
1 0.797135 0.76011 0.011979 0.018382
1 0.90026 0.761489 0.021354 0.048713
1 0.778906 0.682445 0.016146 0.030331
1 0.23099 0.665901 0.019271 0.034007
1 0.684896 0.573529 0.015625 0.075368
1 0.516927 0.580423 0.048438 0.10386
1 0.509115 0.430607 0.030729 0.04136
1 0.518229 0.414522 0.010417 0.016544
1 0.557812 0.401654 0.019792 0.027574
1 0.541146 0.352482 0.017708 0.050551
1 0.528385 0.330882 0.038021 0.069853
1 0.677344 0.332721 0.053646 0.104779
1 0.497656 0.289522 0.024479 0.049632
1 0.995052 0.222426 0.009896 0.016544
1 0.63099 0.227022 0.044271 0.099265
1 0.417969 0.215993 0.029688 0.113971
1 0.214844 0.175092 0.023438 0.034007
1 0.210417 0.148897 0.010417 0.014706
1 0.21901 0.132812 0.027604 0.043199
1 0.564323 0.157629 0.026562 0.111213
1 0.625781 0.12546 0.051562 0.050551
1 0.472396 0.138787 0.05 0.097426
1 0.345833 0.096048 0.007292 0.026654
1 0.330469 0.061581 0.008854 0.018382
1 0.489583 0.060662 0.028125 0.049632
1 0.584375 0.079504 0.048958 0.10386
1 0.52474 0.071232 0.068229 0.100184
1 0.817708 0.009191 0.014583 0.012868
1 0.33151 0.934743 0.014062 0.012868
1 0.005208 0.694853 0.010417 0.022059
