1 0.010938 0.182445 0.021875 0.078125
1 0.010417 0.657629 0.020833 0.045037
1 0.038542 0.664982 0.033333 0.046875
1 0.138802 0.433824 0.027604 0.045956
1 0.203385 0.520221 0.029688 0.034926
1 0.105208 0.171415 0.036458 0.046875
1 0.065365 0.184743 0.015104 0.025735
1 0.311458 0.14614 0.021875 0.023897
1 0.402604 0.055607 0.010417 0.043199
1 0.445052 0.076746 0.060938 0.096507
0 0.614583 0.048254 0.08125 0.096507
1 0.675781 0.101103 0.013021 0.049632
1 0.694271 0.097426 0.013542 0.051471
1 0.563802 0.336857 0.022396 0.05239
1 0.554948 0.323529 0.015104 0.049632
1 0.444531 0.519761 0.033854 0.05239
1 0.532031 0.37546 0.009896 0.048713
1 0.495833 0.586857 0.020833 0.01011
1 0.476302 0.778952 0.028646 0.057904
1 0.47474 0.862132 0.020312 0.027574
1 0.667969 0.662684 0.015104 0.045956
1 0.695573 0.952206 0.017188 0.051471
1 0.803385 0.71829 0.030729 0.026654
1 0.804427 0.524357 0.030729 0.032169
1 0.883333 0.472886 0.022917 0.026654
1 0.015104 0.073529 0.0125 0.018382
1 0.086458 0.027114 0.038542 0.048713
1 0.28724 0.007812 0.028646 0.015625
1 0.2375 0.695772 0.016667 0.025735
1 0.573958 0.346507 0.009375 0.018382
1 0.586458 0.090074 0.0125 0.012868
1 0.644792 0.136029 0.010417 0.023897
1 0.657031 0.226562 0.019271 0.039522
1 0.890365 0.027114 0.020312 0.011949
1 0.842969 0.673713 0.008854 0.016544
0 0.964062 0.940717 0.071875 0.118566
1 0.879948 0.940717 0.008854 0.050551
1 0.695052 0.988971 0.020312 0.022059
0 0.402083 0.755974 0.1 0.181066
0 0.358073 0.907169 0.098438 0.163603
0 0.511979 0.254136 0.084375 0.144301
0 0.480729 0.434283 0.069792 0.111213
1 0.661979 0.030331 0.017708 0.023897
1 0.529167 0.424632 0.029167 0.047794
1 0.109375 0.086857 0.033333 0.076287
1 0.523698 0.611213 0.022396 0.029412
1 0.147135 0.084559 0.035938 0.09375
1 0.757292 0.884651 0.057292 0.076287
1 0.449219 0.824449 0.016146 0.012868
1 0.435417 0.419118 0.01875 0.045956
1 0.444271 0.469669 0.013542 0.038603
1 0.334896 0.382353 0.030208 0.049632
1 0.676042 0.988971 0.013542 0.022059
1 0.792448 0.735754 0.020312 0.028493
