0 0.123177 0.015625 0.042188 0.03125
1 0.190885 0.238511 0.023438 0.043199
1 0.148958 0.35386 0.0125 0.025735
1 0.127083 0.431985 0.011458 0.020221
1 0.217448 0.49954 0.015104 0.015625
1 0.215625 0.534926 0.022917 0.038603
1 0.404427 0.783088 0.030729 0.049632
1 0.254688 0.839614 0.009375 0.015625
1 0.079688 0.902574 0.045833 0.073529
0 0.451302 0.589614 0.107812 0.219669
0 0.26875 0.073989 0.122917 0.147978
0 0.320573 0.336857 0.065104 0.125919
0 0.658073 0.642463 0.228646 0.216912
1 0.202865 0.27114 0.021354 0.016544
