1 0.444792 0.34375 0.025 0.034926
1 0.528646 0.431526 0.060417 0.045037
1 0.448438 0.266544 0.017708 0.0625
1 0.723177 0.045496 0.031771 0.043199
1 0.785156 0.128676 0.040104 0.027574
1 0.790625 0.164062 0.036458 0.048713
1 0.189583 0.53079 0.0125 0.034007
1 0.116146 0.933824 0.0125 0.025735
1 0.271875 0.920956 0.01875 0.060662
1 0.304688 0.662224 0.016667 0.028493
1 0.582292 0.316176 0.005208 0.029412
1 0.832552 0.716452 0.010938 0.015625
1 0.888542 0.535386 0.005208 0.024816
1 0.953125 0.799632 0.067708 0.091912
1 0.471094 0.490809 0.106771 0.145221
1 0.564323 0.745404 0.084896 0.145221
1 0.809115 0.14614 0.017188 0.007353
