1 0.029688 0.446232 0.028125 0.006434
1 0.071354 0.415901 0.019792 0.01011
1 0.41875 0.143842 0.009375 0.043199
1 0.475781 0.38557 0.019271 0.030331
1 0.559115 0.383732 0.011979 0.028493
1 0.694792 0.522978 0.010417 0.016544
1 0.756771 0.46829 0.011458 0.013787
1 0.672656 0.959559 0.059896 0.080882
1 0.53099 0.615349 0.043229 0.085478
1 0.303906 0.245864 0.043229 0.092831
1 0.138021 0.62454 0.016667 0.017463
1 0.342708 0.074449 0.015625 0.014706
1 0.697656 0.195312 0.016146 0.011949
1 0.523698 0.768382 0.007812 0.020221
1 0.853906 0.735754 0.005729 0.028493
1 0.880729 0.712776 0.015625 0.028493
