1 0.26875 0.939338 0.040625 0.056985
1 0.002865 0.806985 0.005729 0.029412
1 0.78151 0.766085 0.076562 0.124081
1 0.111198 0.704963 0.085938 0.154412
1 0.039323 0.690717 0.078646 0.136949
1 0.455469 0.679688 0.038021 0.122243
1 0.005208 0.612132 0.010417 0.034926
1 0.397396 0.60386 0.026042 0.03125
1 0.370833 0.651195 0.036458 0.171875
1 0.494531 0.463695 0.073438 0.175551
1 0.006771 0.37454 0.013542 0.030331
1 0.123698 0.441636 0.091146 0.219669
1 0.927865 0.262408 0.041146 0.111213
1 0.626302 0.141085 0.041146 0.076287
1 0.560417 0.096048 0.103125 0.192096
1 0.384375 0.024357 0.027083 0.048713
1 0.352344 0.028033 0.032812 0.056066
1 0.084635 0.168199 0.169271 0.336397
1 0.083594 0.962316 0.108854 0.075368
