1 0.152083 0.034467 0.01875 0.039522
1 0.078385 0.585478 0.024479 0.027574
1 0.00599 0.654871 0.008854 0.022978
1 0.268229 0.121324 0.007292 0.053309
1 0.2875 0.570772 0.020833 0.011029
1 0.275521 0.646599 0.020833 0.017463
0 0.30651 0.710478 0.013021 0.029412
1 0.557292 0.248621 0.032292 0.032169
1 0.685156 0.211397 0.011979 0.018382
0 0.845312 0.022518 0.039583 0.045037
1 0.880469 0.112132 0.019271 0.023897
1 0.990365 0.206342 0.016146 0.013787
1 0.969271 0.43704 0.015625 0.011949
1 0.871875 0.419118 0.047917 0.036765
1 0.747656 0.65625 0.006771 0.023897
1 0.721354 0.74954 0.017708 0.045037
1 0.586979 0.868107 0.022917 0.034007
1 0.80026 0.974724 0.009896 0.034007
1 0.89375 0.941636 0.026042 0.032169
1 0.869531 0.821232 0.022396 0.028493
1 0.870573 0.694393 0.022396 0.089154
1 0.98125 0.81204 0.017708 0.048713
1 0.991667 0.789062 0.0125 0.063419
0 0.564844 0.474265 0.034896 0.077206
0 0.216927 0.814338 0.022396 0.056985
0 0.441406 0.558824 0.025521 0.038603
1 0.767708 0.945772 0.005208 0.025735
