1 0.822135 0.691636 0.022396 0.043199
1 0.278646 0.331801 0.021875 0.042279
1 0.681771 0.607077 0.021875 0.039522
1 0.32474 0.359375 0.032812 0.029412
1 0.390365 0.403033 0.017188 0.048713
1 0.986198 0.794118 0.021354 0.034926
1 0.753125 0.608456 0.014583 0.045956
1 0.61224 0.585938 0.016146 0.039522
1 0.928385 0.762408 0.011979 0.063419
1 0.164583 0.299632 0.021875 0.027574
1 0.897917 0.741268 0.010417 0.046875
1 0.947917 0.81204 0.025 0.017463
1 0.851562 0.723346 0.009375 0.045956
1 0.500521 0.546415 0.027083 0.019301
1 0.342188 0.413603 0.026042 0.022059
1 0.092188 0.210018 0.022917 0.04136
1 0.460938 0.456342 0.015625 0.034007
1 0.95 0.766544 0.021875 0.049632
