1 0.316927 0.862592 0.015104 0.028493
1 0.030208 0.839614 0.051042 0.061581
1 0.483333 0.73943 0.044792 0.100184
1 0.284375 0.693934 0.05 0.082721
1 0.410156 0.52114 0.024479 0.027574
1 0.076562 0.508732 0.057292 0.046875
1 0.867708 0.493107 0.058333 0.081801
1 0.714844 0.447151 0.028646 0.076287
1 0.432031 0.382812 0.008854 0.032169
1 0.361198 0.390165 0.034896 0.054228
1 0.15599 0.461857 0.181771 0.221507
1 0.48724 0.459559 0.160938 0.259191
1 0.55625 0.334559 0.020833 0.027574
1 0.014062 0.024816 0.028125 0.033088
1 0.478125 0.229779 0.319792 0.459559
1 0.863542 0.911305 0.240625 0.17739
1 0.110938 0.607077 0.00625 0.024816
1 0.195052 0.684283 0.015104 0.035846
1 0.396875 0.653952 0.019792 0.037684
