1 0.067969 0.355699 0.009896 0.038603
1 0.077083 0.345129 0.014583 0.011949
1 0.317969 0.450368 0.022396 0.025735
1 0.323698 0.415901 0.008854 0.015625
1 0.949479 0.653952 0.016667 0.030331
1 0.053906 0.362592 0.016146 0.030331
1 0.736198 0.570772 0.019271 0.023897
1 0.75625 0.571232 0.0125 0.028493
1 0.565625 0.564338 0.016667 0.022059
1 0.089062 0.368107 0.016667 0.019301
1 0.12526 0.454044 0.014062 0.022059
1 0.149479 0.386489 0.015625 0.019301
1 0.599219 0.576287 0.017188 0.016544
1 0.823958 0.649357 0.016667 0.017463
1 0.398698 0.456342 0.014062 0.019301
1 0.482552 0.497702 0.009896 0.026654
1 0.963281 0.677849 0.021354 0.013787
1 0.197917 0.456801 0.014583 0.014706
1 0.24375 0.430147 0.0125 0.014706
1 0.159115 0.430147 0.005729 0.03125
1 0.470312 0.522518 0.005208 0.026654
