0 0.477083 0.407169 0.053125 0.082721
1 0.474479 0.28079 0.017708 0.015625
0 0.416667 0.581342 0.076042 0.070772
0 0.404688 0.715993 0.082292 0.136029
1 0.420573 0.805147 0.021354 0.027574
1 0.55 0.684743 0.008333 0.020221
1 0.578906 0.792279 0.017188 0.034926
1 0.597396 0.807445 0.009375 0.015625
1 0.682552 0.684743 0.025521 0.045956
1 0.7375 0.484835 0.010417 0.017463
1 0.760677 0.34421 0.021354 0.048713
1 0.739323 0.309283 0.008854 0.017463
1 0.667969 0.076746 0.009896 0.015625
1 0.31849 0.269301 0.014062 0.025735
1 0.134896 0.261489 0.016667 0.022978
1 0.297396 0.579044 0.0125 0.034926
1 0.273177 0.763327 0.014062 0.022978
1 0.226042 0.974724 0.030208 0.032169
0 0.24974 0.980239 0.036979 0.039522
0 0.290365 0.971048 0.008854 0.057904
1 0.811719 0.615349 0.010938 0.022978
1 0.889323 0.662224 0.008854 0.013787
1 0.891146 0.88511 0.0125 0.018382
0 0.982552 0.765625 0.034896 0.09375
1 0.991146 0.185202 0.017708 0.034007
