1 0.073698 0.877757 0.022396 0.066176
1 0.090104 0.850184 0.028125 0.060662
1 0.432031 0.558364 0.010938 0.015625
1 0.430469 0.564338 0.016146 0.023897
1 0.978906 0.141544 0.026562 0.036765
1 0.983333 0.171415 0.019792 0.035846
1 0.967708 0.982537 0.010417 0.020221
1 0.965365 0.681066 0.010938 0.033088
1 0.794792 0.694853 0.020833 0.038603
1 0.661979 0.701746 0.029167 0.05239
1 0.528125 0.62546 0.016667 0.035846
1 0.591667 0.664982 0.027083 0.057904
1 0.584375 0.721967 0.016667 0.035846
1 0.585156 0.790901 0.014062 0.034007
1 0.592969 0.846048 0.021354 0.039522
1 0.46224 0.940717 0.009896 0.028493
1 0.452865 0.944853 0.010938 0.022059
1 0.421615 0.83364 0.022396 0.029412
1 0.361719 0.809283 0.011979 0.024816
1 0.198177 0.982996 0.005729 0.034007
1 0.197396 0.784467 0.015625 0.024816
1 0.184896 0.709099 0.011458 0.017463
1 0.170052 0.602941 0.018229 0.033088
1 0.094792 0.44807 0.042708 0.059743
1 0.16224 0.377298 0.019271 0.046875
1 0.166406 0.444853 0.006771 0.018382
1 0.207031 0.298254 0.013021 0.022978
1 0.265365 0.300092 0.027604 0.054228
1 0.296354 0.279412 0.019792 0.053309
1 0.32474 0.265165 0.031771 0.048713
1 0.251823 0.22932 0.014062 0.032169
1 0.23125 0.190257 0.008333 0.016544
1 0.164844 0.09329 0.015104 0.030331
1 0.05 0.018842 0.028125 0.037684
1 0.078646 0.011949 0.015625 0.023897
1 0.06875 0.05239 0.027083 0.022059
1 0.040885 0.064338 0.010938 0.025735
1 0.319531 0.158088 0.033854 0.042279
1 0.41849 0.181985 0.014062 0.033088
1 0.45599 0.186121 0.014062 0.026654
1 0.43099 0.295037 0.025521 0.0625
1 0.455469 0.387868 0.026562 0.049632
1 0.496354 0.361213 0.021875 0.029412
1 0.515365 0.350643 0.015104 0.034007
1 0.5125 0.305147 0.011458 0.034926
1 0.483594 0.46829 0.042188 0.061581
1 0.503385 0.517463 0.007812 0.022059
1 0.339323 0.56296 0.013021 0.017463
1 0.292708 0.56204 0.010417 0.017463
1 0.669271 0.482996 0.035417 0.05239
1 0.66224 0.407629 0.020312 0.045037
1 0.565885 0.162224 0.031771 0.059743
1 0.7375 0.199908 0.007292 0.017463
1 0.69974 0.389246 0.017188 0.032169
1 0.7875 0.121783 0.010417 0.030331
1 0.872917 0.261489 0.032292 0.037684
1 0.976042 0.065717 0.013542 0.035846
1 0.820833 0.461857 0.013542 0.024816
1 0.93099 0.522978 0.006771 0.020221
1 0.676823 0.630974 0.009896 0.028493
1 0.932292 0.89614 0.009375 0.029412
1 0.438802 0.632353 0.022396 0.034926
1 0.544531 0.477941 0.052604 0.0625
1 0.53099 0.565257 0.038021 0.090074
1 0.485417 0.623162 0.028125 0.051471
1 0.446875 0.67693 0.020833 0.039522
1 0.457292 0.532629 0.039583 0.094669
