1 0.053646 0.086397 0.066667 0.066176
1 0.103125 0.257812 0.038542 0.046875
1 0.252083 0.852022 0.023958 0.049632
1 0.395573 0.711857 0.043229 0.034007
1 0.39375 0.566636 0.007292 0.068934
1 0.384896 0.431526 0.059375 0.182904
1 0.423698 0.392463 0.015104 0.066176
1 0.90026 0.244026 0.057812 0.079963
1 0.396875 0.931985 0.021875 0.011029
1 0.44349 0.943474 0.018229 0.008272
1 0.461198 0.992647 0.008854 0.014706
1 0.511458 0.334559 0.03125 0.060662
1 0.542188 0.018382 0.045833 0.036765
1 0.604948 0.019761 0.046354 0.039522
1 0.941406 0.686121 0.027604 0.054228
1 0.423698 0.738051 0.063021 0.200368
1 0.428385 0.553768 0.035938 0.096507
1 0.475 0.441636 0.052083 0.236213
1 0.623438 0.503676 0.038542 0.0625
