1 0.122656 0.317555 0.005729 0.028493
1 0.332292 0.361213 0.048958 0.025735
1 0.41276 0.453585 0.098438 0.170037
1 0.445052 0.532169 0.051562 0.055147
1 0.967708 0.529412 0.029167 0.023897
1 0.903646 0.811121 0.0375 0.046875
1 0.846354 0.879596 0.017708 0.011029
1 0.763021 0.787224 0.079167 0.059743
1 0.731771 0.70818 0.083333 0.175551
1 0.51901 0.574908 0.047396 0.120404
1 0.198698 0.198529 0.086979 0.147059
1 0.919531 0.922335 0.129688 0.155331
1 0.085938 0.071232 0.097917 0.142463
1 0.26224 0.275276 0.049479 0.068934
1 0.31875 0.244026 0.083333 0.140625
1 0.733854 0.004596 0.019792 0.009191
1 0.761198 0.008732 0.029688 0.017463
1 0.765365 0.810662 0.016146 0.033088
1 0.282292 0.375919 0.0125 0.060662
