1 0.044271 0.109835 0.017708 0.035846
1 0.440365 0.158088 0.009896 0.018382
1 0.622917 0.186581 0.01875 0.022059
1 0.364323 0.651195 0.016146 0.022978
1 0.483333 0.524816 0.009375 0.020221
1 0.534375 0.573529 0.021875 0.034926
1 0.76224 0.587316 0.011979 0.033088
1 0.742969 0.628217 0.015104 0.024816
1 0.79375 0.654871 0.010417 0.017463
1 0.833854 0.692555 0.0125 0.045037
1 0.839062 0.717371 0.021875 0.026654
1 0.516406 0.700827 0.033854 0.063419
1 0.578125 0.740809 0.009375 0.022059
1 0.564844 0.742647 0.008854 0.014706
1 0.547656 0.77068 0.044271 0.094669
1 0.501562 0.909007 0.025 0.025735
1 0.357812 0.787684 0.026042 0.075368
0 0.459635 0.201287 0.036979 0.108456
0 0.486458 0.528033 0.044792 0.151654
1 0.436458 0.01011 0.017708 0.020221
1 0.497656 0.551471 0.020312 0.020221
1 0.827865 0.494485 0.015104 0.012868
1 0.859896 0.927849 0.014583 0.01011
