1 0.850781 0.984375 0.005729 0.03125
1 0.784635 0.978401 0.032812 0.043199
1 0.913802 0.970588 0.016146 0.058824
1 0.714062 0.946691 0.016667 0.012868
1 0.961719 0.963695 0.053646 0.07261
1 0.878125 0.921875 0.011458 0.012868
1 0.167188 0.908088 0.014583 0.025735
1 0.729427 0.869945 0.023438 0.024816
1 0.822396 0.894761 0.088542 0.127757
1 0.879688 0.841912 0.065625 0.066176
1 0.233333 0.747243 0.05625 0.029412
1 0.808333 0.707721 0.011458 0.033088
1 0.558854 0.699449 0.010417 0.042279
1 0.061198 0.678768 0.011979 0.024816
1 0.422656 0.698989 0.056771 0.133272
1 0.6125 0.597886 0.011458 0.022978
1 0.38125 0.563879 0.00625 0.067096
1 0.70026 0.551471 0.026562 0.044118
1 0.134115 0.535846 0.023438 0.020221
1 0.479167 0.517004 0.014583 0.024816
1 0.539583 0.547335 0.067708 0.098346
1 0.804427 0.511029 0.063021 0.036765
1 0.438802 0.527114 0.074479 0.107537
1 0.449479 0.476562 0.009375 0.013787
1 0.296354 0.47932 0.033333 0.019301
1 0.315625 0.485754 0.004167 0.039522
1 0.617969 0.445772 0.035938 0.018382
1 0.470312 0.450827 0.033333 0.056066
1 0.965365 0.414062 0.015104 0.065257
1 0.356771 0.384191 0.05625 0.125
1 0.332812 0.332261 0.013542 0.035846
1 0.146615 0.346507 0.051562 0.066176
1 0.08151 0.307904 0.008854 0.014706
1 0.426302 0.294577 0.009896 0.04136
1 0.200521 0.259191 0.017708 0.042279
1 0.327604 0.236673 0.0375 0.030331
1 0.126042 0.237592 0.029167 0.043199
1 0.071875 0.189798 0.0375 0.032169
1 0.125 0.185202 0.038542 0.028493
1 0.702083 0.204963 0.029167 0.090074
1 0.240104 0.243566 0.086458 0.167279
1 0.319531 0.181985 0.009896 0.053309
1 0.035938 0.180607 0.029167 0.100184
1 0.468229 0.13511 0.011458 0.053309
1 0.145052 0.098805 0.013021 0.015625
1 0.284115 0.042739 0.022396 0.024816
1 0.325781 0.035386 0.015104 0.035846
1 0.307552 0.022978 0.009896 0.022059
1 0.16875 0.022059 0.027083 0.025735
1 0.929948 0.026654 0.025521 0.053309
1 0.108073 0.058824 0.063021 0.117647
