1 0.083854 0.605239 0.026042 0.026654
1 0.114062 0.493566 0.014583 0.055147
1 0.139323 0.467831 0.038021 0.051471
1 0.28724 0.893382 0.079688 0.099265
1 0.745312 0.297794 0.038542 0.086397
1 0.957552 0.459099 0.026562 0.039522
1 0.985417 0.456342 0.020833 0.056066
1 0.827604 0.807445 0.023958 0.028493
1 0.051302 0.934743 0.102604 0.130515
1 0.639583 0.119485 0.023958 0.03125
1 0.838802 0.075368 0.052604 0.079044
1 0.81875 0.040441 0.028125 0.051471
1 0.826042 0.938419 0.120833 0.123162
1 0.465365 0.523897 0.283854 0.461397
1 0.991406 0.68796 0.017188 0.054228
1 0.884635 0.959099 0.008854 0.050551
1 0.89375 0.98989 0.017708 0.018382
