1 0.79375 0.863511 0.013542 0.034007
1 0.693229 0.709559 0.013542 0.023897
1 0.670052 0.712776 0.034896 0.089154
1 0.492448 0.554228 0.030729 0.022059
1 0.535156 0.612592 0.072396 0.140625
1 0.431771 0.524357 0.046875 0.10386
1 0.42526 0.465074 0.010938 0.025735
1 0.427083 0.456801 0.060417 0.051471
1 0.384635 0.370404 0.011979 0.044118
1 0.376302 0.308824 0.004688 0.038603
1 0.295833 0.265165 0.009375 0.02114
1 0.30026 0.178309 0.013021 0.027574
1 0.24375 0.274357 0.092708 0.250919
1 0.273958 0.142004 0.010417 0.015625
1 0.200521 0.146599 0.021875 0.035846
1 0.242448 0.132812 0.061979 0.034007
1 0.288802 0.082261 0.017188 0.037684
1 0.239844 0.063879 0.042188 0.127757
1 0.191927 0.021599 0.017188 0.043199
1 0.541406 0.66636 0.047396 0.110294
1 0.473177 0.586857 0.091146 0.144301
