1 0.892188 0.320772 0.072917 0.090074
1 0.910417 0.371324 0.026042 0.045956
1 0.623438 0.827206 0.009375 0.027574
1 0.977344 0.193474 0.039062 0.046875
1 0.99375 0.163143 0.0125 0.045037
1 0.995052 0.23989 0.009896 0.018382
1 0.920052 0.871324 0.159896 0.257353
1 0.94349 0.839154 0.020312 0.038603
1 0.919792 0.818015 0.022917 0.033088
1 0.86276 0.98943 0.021354 0.02114
1 0.836198 0.955423 0.016146 0.034007
1 0.818229 0.930147 0.021875 0.025735
1 0.79375 0.940257 0.040625 0.119485
1 0.817188 0.960938 0.010417 0.02114
1 0.494792 0.504596 0.485417 0.863971
