1 0.017708 0.060202 0.008333 0.015625
1 0.036198 0.064798 0.018229 0.034007
1 0.03099 0.100184 0.017188 0.029412
1 0.182812 0.17739 0.016667 0.023897
1 0.200521 0.210478 0.007292 0.016544
1 0.227083 0.278033 0.009375 0.034007
1 0.301042 0.37546 0.009375 0.026654
1 0.311458 0.393382 0.011458 0.014706
1 0.328125 0.354779 0.010417 0.023897
1 0.411979 0.41636 0.019792 0.012868
1 0.527865 0.554688 0.018229 0.026654
1 0.766667 0.810202 0.010417 0.013787
0 0.015365 0.064798 0.030729 0.111213
0 0.245052 0.213235 0.024479 0.15625
0 0.598177 0.548713 0.046354 0.056985
0 0.452083 0.483456 0.029167 0.119485
0 0.092969 0.179228 0.081771 0.079044
1 0.922135 0.81204 0.019271 0.008272
