1 0.077865 0.109835 0.009896 0.028493
1 0.253385 0.269761 0.021354 0.039522
1 0.388542 0.335018 0.014583 0.013787
1 0.433594 0.057904 0.016146 0.03125
1 0.704167 0.066636 0.015625 0.026654
1 0.260677 0.811581 0.009896 0.020221
1 0.508333 0.631893 0.011458 0.022978
1 0.517708 0.764246 0.016667 0.037684
1 0.649219 0.678309 0.010938 0.022059
1 0.782552 0.788143 0.009896 0.022978
1 0.804427 0.647518 0.010938 0.015625
1 0.930208 0.872243 0.039583 0.0625
1 0.566406 0.934283 0.056771 0.090993
1 0.469531 0.471507 0.061979 0.113971
1 0.544271 0.852482 0.03125 0.050551
1 0.526042 0.482077 0.028125 0.059743
1 0.491146 0.579504 0.078125 0.109375
1 0.123698 0.892923 0.013021 0.024816
1 0.438281 0.319393 0.019271 0.061581
