1 0.064062 0.426011 0.011458 0.04136
1 0.610417 0.211397 0.007292 0.023897
1 0.616667 0.261949 0.013542 0.014706
1 0.631771 0.332261 0.011458 0.011949
1 0.565885 0.313419 0.007812 0.020221
1 0.538802 0.391544 0.011979 0.020221
1 0.504167 0.40625 0.011458 0.029412
1 0.364062 0.748621 0.008333 0.019301
1 0.336979 0.669118 0.0125 0.018382
1 0.270312 0.789062 0.014583 0.019301
1 0.231771 0.847426 0.01875 0.033088
1 0.183333 0.834559 0.019792 0.023897
0 0.534896 0.304688 0.05625 0.078125
0 0.321094 0.559743 0.050521 0.229779
0 0.615365 0.136949 0.090104 0.09375
0 0.161198 0.889246 0.032812 0.090993
1 0.75651 0.006434 0.010938 0.011029
1 0.927083 0.873162 0.00625 0.022059
1 0.959115 0.422335 0.015104 0.011949
