0 0.01875 0.314798 0.0375 0.175551
0 0.39401 0.398438 0.063021 0.184743
0 0.336979 0.504596 0.039583 0.158088
1 0.19349 0.518382 0.016146 0.064338
1 0.090885 0.34329 0.009896 0.022978
1 0.05625 0.590993 0.008333 0.022059
1 0.00651 0.140625 0.010938 0.016544
1 0.08125 0.028033 0.010417 0.035846
1 0.348438 0.605239 0.010417 0.02114
1 0.400521 0.761029 0.010417 0.016544
1 0.511198 0.207261 0.007812 0.019301
1 0.629948 0.298713 0.013021 0.022059
1 0.68099 0.227482 0.017188 0.024816
1 0.716927 0.145221 0.016146 0.018382
1 0.752083 0.058364 0.0125 0.024816
0 0.859375 0.580882 0.065625 0.115809
1 0.830729 0.640165 0.051042 0.05239
0 0.916667 0.578125 0.053125 0.071691
1 0.991927 0.792739 0.016146 0.07261
1 0.93724 0.924632 0.008854 0.020221
1 0.740885 0.98989 0.013021 0.020221
1 0.657292 0.804688 0.008333 0.015625
1 0.55599 0.435202 0.061979 0.10386
0 0.663542 0.543199 0.027083 0.090074
0 0.739583 0.502757 0.05 0.130515
