1 0.03125 0.38557 0.040625 0.054228
1 0.395052 0.883272 0.009896 0.029412
1 0.453906 0.800551 0.006771 0.020221
1 0.440885 0.607537 0.020312 0.011029
1 0.514844 0.384191 0.018229 0.066176
1 0.542188 0.290441 0.023958 0.044118
1 0.854167 0.160386 0.015625 0.019301
1 0.835417 0.811581 0.022917 0.03125
1 0.966406 0.804688 0.014062 0.024816
1 0.426302 0.537684 0.073438 0.106618
1 0.121354 0.31296 0.014583 0.032169
1 0.154427 0.746783 0.008854 0.024816
1 0.296354 0.985754 0.033333 0.028493
1 0.336458 0.982077 0.010417 0.013787
1 0.745833 0.127757 0.016667 0.018382
1 0.671354 0.805607 0.007292 0.026654
