1 0.258073 0.363051 0.009896 0.042279
1 0.311198 0.379596 0.020312 0.023897
1 0.371354 0.429688 0.017708 0.022978
1 0.413021 0.433824 0.015625 0.025735
1 0.630729 0.366728 0.023958 0.071691
1 0.665365 0.429688 0.023438 0.028493
1 0.596875 0.842371 0.016667 0.043199
1 0.629948 0.868566 0.036979 0.033088
1 0.776042 0.987132 0.0125 0.025735
1 0.848177 0.971967 0.014062 0.037684
1 0.208333 0.433364 0.075 0.067096
1 0.857812 0.014246 0.017708 0.028493
1 0.936719 0.011489 0.011979 0.022978
1 0.966927 0.01057 0.007812 0.02114
1 0.413021 0.352941 0.059375 0.130515
1 0.733594 0.721048 0.056771 0.105699
1 0.125521 0.102022 0.041667 0.084559
1 0.603646 0.590074 0.082292 0.141544
1 0.341146 0.321691 0.045833 0.136029
1 0.273177 0.247702 0.071354 0.118566
