1 0.017448 0.634191 0.017188 0.034926
1 0.660938 0.563419 0.013542 0.022059
1 0.445052 0.555607 0.019271 0.037684
1 0.391927 0.553768 0.073438 0.125919
1 0.514323 0.519301 0.090104 0.134191
1 0.316146 0.557904 0.086458 0.240809
1 0.842969 0.436581 0.008854 0.016544
1 0.942448 0.521599 0.115104 0.188419
1 0.180729 0.507353 0.16875 0.216912
1 0.828646 0.484375 0.144792 0.264706
1 0.413542 0.227482 0.033333 0.078125
1 0.35026 0.14614 0.010938 0.018382
1 0.253906 0.071232 0.011979 0.028493
1 0.011979 0.07307 0.023958 0.050551
1 0.240365 0.351562 0.009896 0.030331
