1 0.269271 0.108915 0.029167 0.050551
1 0.305469 0.096507 0.021354 0.036765
1 0.467188 0.095129 0.042708 0.065257
1 0.292448 0.238511 0.024479 0.05239
1 0.276302 0.242188 0.018229 0.04136
1 0.346875 0.313879 0.016667 0.028493
1 0.375 0.393842 0.035417 0.046875
1 0.50599 0.404412 0.023438 0.047794
1 0.464323 0.459559 0.016146 0.033088
1 0.715885 0.46875 0.010938 0.066176
1 0.490104 0.549632 0.01875 0.029412
1 0.557292 0.639706 0.036458 0.088235
1 0.64401 0.797794 0.022396 0.058824
1 0.669792 0.82307 0.010417 0.017463
1 0.585677 0.857996 0.020312 0.017463
0 0.602865 0.522518 0.207812 0.368566
0 0.280469 0.079963 0.094271 0.159926
0 0.701562 0.851562 0.044792 0.076287
1 0.085417 0.938419 0.0375 0.040441
1 0.011979 0.960938 0.023958 0.032169
