1 0.080729 0.96875 0.009375 0.014706
1 0.290365 0.892463 0.008854 0.014706
1 0.041406 0.837316 0.007812 0.018382
1 0.96901 0.823989 0.007812 0.015625
1 0.029167 0.804228 0.007292 0.020221
1 0.278906 0.693934 0.009896 0.016544
1 0.052604 0.676471 0.011458 0.018382
1 0.065885 0.651195 0.008854 0.015625
1 0.126042 0.64614 0.009375 0.014706
1 0.421354 0.631893 0.009375 0.013787
1 0.109635 0.627298 0.011979 0.013787
1 0.45625 0.580882 0.007292 0.020221
1 0.34349 0.569853 0.008854 0.014706
1 0.011458 0.526654 0.009375 0.016544
1 0.202083 0.509651 0.007292 0.019301
1 0.413021 0.445772 0.011458 0.012868
1 0.407031 0.368107 0.005729 0.02114
1 0.126302 0.251838 0.008854 0.018382
1 0.639844 0.268842 0.069271 0.056066
1 0.927604 0.212776 0.011458 0.017463
1 0.510417 0.439338 0.259375 0.470588
1 0.286458 0.200827 0.009375 0.015625
1 0.184896 0.189798 0.011458 0.013787
1 0.447396 0.183364 0.007292 0.019301
1 0.111719 0.182904 0.006771 0.020221
1 0.128125 0.163603 0.010417 0.012868
1 0.469792 0.163603 0.007292 0.020221
1 0.86901 0.163143 0.006771 0.02114
1 0.590365 0.15579 0.058854 0.05239
1 0.7875 0.130055 0.00625 0.019301
1 0.239583 0.119485 0.009375 0.018382
1 0.630729 0.090074 0.011458 0.012868
1 0.234896 0.058824 0.00625 0.020221
1 0.203646 0.038143 0.010417 0.015625
1 0.492448 0.738971 0.038021 0.077206
1 0.792448 0.693934 0.007812 0.016544
1 0.817969 0.03079 0.010938 0.028493
1 0.901823 0.02114 0.024479 0.029412
