1 0.071094 0.413603 0.016146 0.025735
1 0.08125 0.457721 0.014583 0.03125
1 0.130208 0.48943 0.0125 0.019301
1 0.174479 0.483456 0.027083 0.023897
1 0.196094 0.464614 0.007812 0.024816
1 0.274479 0.442096 0.007292 0.022059
1 0.270573 0.486213 0.013021 0.022059
1 0.290104 0.840993 0.019792 0.018382
1 0.766406 0.784007 0.013021 0.014706
1 0.909375 0.888327 0.020833 0.035846
1 0.928385 0.905331 0.017188 0.03125
1 0.953646 0.925092 0.017708 0.011949
1 0.986198 0.956342 0.024479 0.037684
0 0.697135 0.711857 0.061979 0.125919
0 0.383333 0.48943 0.0375 0.190257
0 0.86875 0.828585 0.063542 0.217831
0 0.49349 0.664522 0.073438 0.079044
0 0.139062 0.383272 0.027083 0.102941
0 0.992448 0.988971 0.015104 0.022059
