1 0.05625 0.04182 0.034375 0.08364
1 0.094792 0.644301 0.010417 0.014706
1 0.203646 0.631434 0.0125 0.049632
1 0.205208 0.591452 0.009375 0.019301
1 0.293229 0.716452 0.009375 0.017463
1 0.429948 0.772059 0.011979 0.023897
1 0.798177 0.773438 0.016146 0.015625
1 0.792969 0.664062 0.011979 0.022978
1 0.876562 0.607537 0.017708 0.025735
1 0.901562 0.210938 0.008333 0.019301
1 0.496094 0.525735 0.093229 0.185662
1 0.441146 0.473346 0.028125 0.045956
1 0.505208 0.633732 0.041667 0.078125
1 0.616406 0.869945 0.047396 0.08364
1 0.570052 0.748162 0.036979 0.068015
1 0.314844 0.11489 0.054688 0.108456
1 0.285156 0.033548 0.080729 0.067096
1 0.429427 0.360754 0.067188 0.120404
1 0.372917 0.226562 0.057292 0.079963
1 0.399219 0.247243 0.010938 0.018382
