1 0.696875 0.186581 0.015625 0.056985
1 0.667708 0.125 0.025 0.011029
1 0.656771 0.408088 0.017708 0.023897
1 0.80026 0.603401 0.018229 0.030331
1 0.343229 0.332261 0.016667 0.032169
0 0.595833 0.546875 0.066667 0.262868
0 0.35651 0.526654 0.111979 0.112132
0 0.682552 0.560662 0.065104 0.224265
0 0.278646 0.568015 0.020833 0.158088
1 0.10625 0.49954 0.0125 0.034007
1 0.192448 0.498162 0.006771 0.03125
1 0.267448 0.197151 0.010938 0.011949
1 0.351302 0.113971 0.007812 0.025735
1 0.475 0.121783 0.00625 0.046875
1 0.421615 0.24954 0.021354 0.008272
1 0.42474 0.326287 0.014062 0.014706
1 0.46276 0.671875 0.029688 0.025735
0 0.4625 0.579504 0.051042 0.070772
1 0.742969 0.34329 0.028646 0.013787
1 0.803125 0.261489 0.013542 0.024816
0 0.927344 0.568474 0.145312 0.10386
