1 0.018229 0.292739 0.014583 0.024816
1 0.0625 0.306066 0.0125 0.027574
1 0.091927 0.34329 0.005729 0.022978
1 0.10026 0.340993 0.008854 0.027574
1 0.435156 0.499081 0.020312 0.022059
1 0.482031 0.586857 0.016146 0.022978
1 0.543229 0.558824 0.01875 0.022059
1 0.536458 0.533548 0.008333 0.019301
1 0.575 0.730699 0.014583 0.027574
1 0.801823 0.789062 0.021354 0.019301
1 0.771094 0.826746 0.010938 0.011949
1 0.847396 0.89614 0.016667 0.014706
1 0.858594 0.915441 0.017188 0.016544
1 0.935677 0.934283 0.011979 0.026654
0 0.700781 0.72932 0.051562 0.149816
1 0.930208 0.754596 0.028125 0.049632
0 0.983333 0.867647 0.032292 0.130515
0 0.542969 0.615349 0.071354 0.074449
0 0.410156 0.570312 0.045312 0.035846
0 0.197917 0.418199 0.027083 0.047794
1 0.919531 0.891544 0.011979 0.018382
1 0.298438 0.163143 0.010417 0.024816
1 0.461198 0.175092 0.010938 0.013787
1 0.642448 0.140165 0.020312 0.022978
1 0.517969 0.578125 0.010938 0.014706
1 0.40651 0.546415 0.016146 0.024816
1 0.38151 0.559283 0.013021 0.028493
1 0.364844 0.561581 0.010938 0.016544
1 0.44375 0.886029 0.020833 0.040441
1 0.489062 0.602941 0.01875 0.042279
1 0.547135 0.598346 0.021354 0.047794
1 0.742969 0.756893 0.023438 0.046875
1 0.769792 0.793658 0.017708 0.034007
1 0.789323 0.814338 0.018229 0.042279
1 0.790885 0.859375 0.014062 0.029412
1 0.86875 0.907169 0.0125 0.042279
1 0.888542 0.893382 0.023958 0.033088
1 0.904167 0.920956 0.033333 0.027574
