1 0.397135 0.606158 0.007812 0.017463
1 0.452604 0.542739 0.0125 0.039522
1 0.583333 0.453585 0.030208 0.048713
1 0.652083 0.440717 0.023958 0.034007
1 0.79375 0.417739 0.022917 0.039522
1 0.811719 0.377298 0.021354 0.015625
1 0.940104 0.403033 0.027083 0.026654
1 0.863021 0.412224 0.022917 0.028493
1 0.766146 0.43704 0.025 0.02114
1 0.475521 0.477022 0.015625 0.029412
1 0.454688 0.444393 0.008333 0.039522
1 0.558333 0.482077 0.00625 0.032169
1 0.791927 0.456801 0.011979 0.014706
1 0.522917 0.482996 0.034375 0.043199
1 0.930729 0.352022 0.038542 0.025735
1 0.950521 0.372243 0.021875 0.038603
1 0.788021 0.439798 0.013542 0.034007
