1 0.368229 0.30193 0.03125 0.039522
1 0.377083 0.328125 0.011458 0.020221
1 0.205208 0.558364 0.035417 0.032169
1 0.246875 0.755515 0.020833 0.023897
1 0.072656 0.847886 0.022396 0.039522
1 0.486719 0.54182 0.016146 0.028493
1 0.507031 0.502757 0.025521 0.044118
1 0.520312 0.474265 0.034375 0.060662
1 0.511719 0.542279 0.014062 0.022059
1 0.695312 0.240349 0.011458 0.017463
1 0.747917 0.103401 0.027083 0.05239
1 0.9875 0.481618 0.023958 0.073529
1 0.926042 0.57261 0.029167 0.011029
1 0.548438 0.422335 0.034375 0.085478
1 0.436719 0.59375 0.022396 0.040441
