1 0.163802 0.313419 0.020312 0.033088
1 0.40651 0.108915 0.016146 0.032169
1 0.888281 0.13557 0.033854 0.068934
1 0.558854 0.576746 0.0125 0.030331
1 0.617448 0.592371 0.015104 0.034007
1 0.513281 0.407629 0.046354 0.098346
1 0.202083 0.005974 0.014583 0.011949
1 0.066667 0.948989 0.072917 0.081801
1 0.649479 0.121324 0.007292 0.025735
1 0.623438 0.411305 0.011458 0.034007
1 0.949219 0.350184 0.013021 0.020221
1 0.7875 0.496324 0.014583 0.036765
1 0.760417 0.485754 0.00625 0.026654
1 0.455208 0.824449 0.020833 0.014706
1 0.89401 0.986213 0.031771 0.027574
