1 0.074219 0.547335 0.031771 0.039522
1 0.185417 0.64614 0.023958 0.022059
1 0.270833 0.443474 0.027083 0.02114
1 0.310417 0.397518 0.016667 0.024816
1 0.363542 0.313879 0.013542 0.017463
1 0.449219 0.37454 0.033854 0.024816
1 0.433594 0.181066 0.024479 0.022059
1 0.351562 0.01011 0.014583 0.014706
1 0.538281 0.144301 0.032812 0.049632
1 0.879948 0.226103 0.036979 0.051471
0 0.872135 0.637408 0.190104 0.289522
0 0.541406 0.431066 0.092188 0.202206
1 0.184896 0.912684 0.021875 0.03125
1 0.449479 0.576287 0.004167 0.042279
1 0.384375 0.231618 0.020833 0.011029
