1 0.382292 0.054228 0.021875 0.040441
1 0.627083 0.142923 0.010417 0.028493
1 0.813802 0.46829 0.013021 0.054228
1 0.882031 0.520221 0.019271 0.016544
1 0.9 0.551011 0.014583 0.037684
1 0.426562 0.715993 0.01875 0.038603
1 0.447917 0.783088 0.008333 0.034926
1 0.327344 0.777114 0.025521 0.01011
1 0.331771 0.884651 0.026042 0.037684
1 0.16276 0.931526 0.025521 0.017463
1 0.491667 0.081342 0.026042 0.037684
1 0.514323 0.497243 0.023438 0.034926
1 0.463802 0.007353 0.013021 0.014706
1 0.696354 0.922335 0.0125 0.017463
1 0.797135 0.85432 0.015104 0.017463
