1 0.110938 0.328125 0.073958 0.115809
1 0.008333 0.227022 0.014583 0.025735
1 0.323698 0.200368 0.013021 0.009191
1 0.358594 0.211857 0.021354 0.039522
1 0.828385 0.044118 0.026562 0.03125
1 0.808073 0.019761 0.008854 0.024816
1 0.552344 0.811581 0.018229 0.027574
1 0.545573 0.897518 0.040104 0.037684
1 0.736979 0.738511 0.01875 0.035846
1 0.372917 0.38557 0.034375 0.089154
1 0.067448 0.309283 0.018229 0.022978
1 0.128646 0.287224 0.011458 0.013787
1 0.08724 0.714154 0.055729 0.0625
1 0.030208 0.784467 0.015625 0.017463
1 0.022917 0.935202 0.014583 0.024816
1 0.174219 0.977022 0.014062 0.018382
1 0.207031 0.795037 0.004688 0.027574
1 0.208594 0.099265 0.008854 0.016544
1 0.213802 0.234835 0.017188 0.02114
1 0.33724 0.670037 0.005729 0.027574
1 0.555208 0.63511 0.008333 0.016544
1 0.576562 0.461397 0.016667 0.011029
1 0.561458 0.366268 0.010417 0.02114
1 0.527865 0.367188 0.015104 0.019301
1 0.447396 0.101562 0.014583 0.032169
1 0.492969 0.12454 0.009896 0.013787
1 0.485156 0.038603 0.013021 0.022059
1 0.798958 0.118566 0.014583 0.034926
1 0.863021 0.07261 0.0125 0.011029
1 0.88125 0.136949 0.008333 0.014706
1 0.88776 0.174173 0.015104 0.02114
1 0.570312 0.717371 0.015625 0.017463
1 0.622917 0.895221 0.020833 0.016544
1 0.69401 0.840074 0.016146 0.022059
1 0.81875 0.495404 0.007292 0.018382
1 0.804427 0.262868 0.014062 0.022059
1 0.842969 0.626379 0.010938 0.026654
1 0.932812 0.828585 0.01875 0.011949
1 0.983073 0.90625 0.014062 0.018382
1 0.948958 0.962316 0.00625 0.023897
1 0.607292 0.360294 0.058333 0.106618
1 0.467969 0.410386 0.058854 0.054228
1 0.038281 0.486673 0.068229 0.087316
1 0.133333 0.428768 0.025 0.067096
1 0.823958 0.315257 0.054167 0.126838
