1 0.246615 0.23989 0.063021 0.090074
0 0.68776 0.356158 0.018229 0.030331
0 0.794792 0.189798 0.0125 0.048713
0 0.885677 0.163143 0.048438 0.065257
0 0.575 0.466452 0.026042 0.039522
0 0.474219 0.56204 0.085938 0.111213
0 0.297917 0.77114 0.030208 0.027574
1 0.091927 0.319393 0.028646 0.015625
0 0.961719 0.014246 0.075521 0.028493
1 0.810677 0.028493 0.014062 0.044118
1 0.977865 0.076287 0.018229 0.012868
1 0.848438 0.196232 0.017708 0.04136
1 0.817708 0.506434 0.00625 0.027574
1 0.782812 0.310202 0.010417 0.026654
1 0.658594 0.390165 0.018229 0.02114
1 0.601562 0.624081 0.01875 0.027574
1 0.560417 0.220129 0.007292 0.045037
1 0.276562 0.637408 0.017708 0.008272
1 0.185156 0.705423 0.021354 0.013787
