1 0.9625 0.982996 0.009375 0.022978
1 0.432812 0.92739 0.025 0.034926
1 0.342188 0.883732 0.032292 0.037684
1 0.153125 0.873621 0.011458 0.017463
1 0.101562 0.874081 0.025 0.044118
1 0.053906 0.870404 0.027604 0.060662
1 0.14349 0.81296 0.026562 0.050551
1 0.919271 0.757812 0.033333 0.030331
1 0.400781 0.726103 0.016146 0.029412
1 0.882812 0.738051 0.025 0.058824
1 0.080469 0.740349 0.025521 0.068934
1 0.141146 0.696232 0.032292 0.043199
1 0.378125 0.683824 0.026042 0.042279
1 0.08099 0.605699 0.040104 0.047794
1 0.484375 0.585018 0.014583 0.032169
1 0.398177 0.585478 0.023438 0.045956
1 0.41901 0.585018 0.017188 0.050551
1 0.888021 0.585478 0.04375 0.064338
1 0.01901 0.5625 0.017188 0.023897
1 0.457552 0.59421 0.050521 0.100184
1 0.514583 0.556985 0.036458 0.049632
1 0.329688 0.553768 0.028125 0.043199
1 0.396094 0.539062 0.011979 0.02114
1 0.111198 0.542279 0.029688 0.03125
1 0.376562 0.539062 0.019792 0.028493
1 0.070312 0.529871 0.01875 0.019301
1 0.497917 0.517923 0.020833 0.035846
1 0.104427 0.496783 0.010938 0.039522
1 0.434115 0.482537 0.010938 0.018382
1 0.077865 0.473346 0.011979 0.025735
1 0.383594 0.438419 0.018229 0.029412
1 0.15625 0.431526 0.020833 0.04136
1 0.617448 0.410386 0.015104 0.04136
1 0.322917 0.400276 0.01875 0.039522
1 0.371875 0.403952 0.021875 0.048713
1 0.121615 0.383732 0.019271 0.039522
1 0.01276 0.377757 0.018229 0.03125
1 0.054948 0.360754 0.020312 0.05239
1 0.004948 0.346967 0.009896 0.048713
1 0.422396 0.332721 0.029167 0.03125
1 0.477604 0.338235 0.019792 0.047794
1 0.321354 0.331342 0.03125 0.046875
1 0.091927 0.309743 0.019271 0.036765
1 0.440365 0.294118 0.027604 0.034926
1 0.321615 0.288603 0.026562 0.033088
1 0.161979 0.289982 0.013542 0.037684
1 0.47474 0.289522 0.024479 0.038603
1 0.127865 0.267463 0.011979 0.022059
1 0.23125 0.230699 0.023958 0.027574
1 0.336979 0.229779 0.022917 0.040441
1 0.214583 0.220129 0.01875 0.065257
1 0.518229 0.167739 0.025 0.04136
1 0.482292 0.157629 0.015625 0.046875
1 0.180469 0.125 0.022396 0.025735
1 0.242448 0.140165 0.023438 0.059743
1 0.167448 0.027114 0.015104 0.035846
1 0.268229 0.011949 0.017708 0.023897
1 0.194531 0.014706 0.021354 0.029412
1 0.013021 0.009191 0.011458 0.018382
1 0.989323 0.868107 0.021354 0.043199
1 0.161198 0.988051 0.013021 0.023897
