1 0.214844 0.990349 0.020312 0.019301
1 0.155469 0.768842 0.092188 0.157169
1 0.738802 0.689338 0.042188 0.080882
1 0.41901 0.720588 0.117188 0.207721
1 0.179167 0.642923 0.0375 0.068934
1 0.880729 0.76057 0.238542 0.47886
1 0.030208 0.587316 0.060417 0.141544
1 0.968229 0.47886 0.010417 0.014706
1 0.347396 0.441176 0.065625 0.110294
1 0.723438 0.439338 0.072917 0.154412
1 0.589062 0.414522 0.101042 0.215074
1 0.015885 0.326287 0.031771 0.075368
1 0.267188 0.337316 0.10625 0.193015
1 0.994271 0.136489 0.011458 0.028493
1 0.436719 0.143842 0.078646 0.153493
1 0.305729 0.10432 0.036458 0.081801
1 0.638802 0.043199 0.065104 0.086397
1 0.432292 0.021599 0.0375 0.043199
1 0.352865 0.011949 0.025521 0.023897
1 0.321094 0.006893 0.021354 0.013787
1 0.302344 0.007812 0.014062 0.015625
1 0.207292 0.044118 0.1 0.088235
1 0.102344 0.227022 0.204688 0.454044
