1 0.414583 0.059743 0.015625 0.022059
1 0.425 0.085938 0.011458 0.011949
1 0.438281 0.151195 0.013021 0.026654
1 0.43125 0.090074 0.00625 0.025735
1 0.457031 0.254596 0.013021 0.020221
1 0.501823 0.335478 0.009896 0.016544
1 0.496094 0.358456 0.011979 0.027574
1 0.636458 0.529871 0.017708 0.034007
1 0.534896 0.52068 0.022917 0.039522
1 0.503906 0.496324 0.014062 0.025735
1 0.510156 0.526654 0.014062 0.034926
1 0.49349 0.575368 0.019271 0.020221
1 0.53151 0.576287 0.022396 0.025735
1 0.523177 0.623621 0.033854 0.032169
1 0.528125 0.637408 0.023958 0.030331
1 0.545833 0.654412 0.022917 0.036765
1 0.550781 0.691636 0.039062 0.048713
1 0.555469 0.744945 0.039062 0.061581
1 0.582552 0.783088 0.040104 0.045956
1 0.116667 0.309743 0.027083 0.03125
1 0.014844 0.911305 0.009896 0.024816
1 0.063021 0.920956 0.013542 0.016544
1 0.622396 0.453125 0.013542 0.014706
1 0.559896 0.840533 0.009375 0.017463
1 0.563542 0.871783 0.016667 0.015625
1 0.577865 0.899816 0.022396 0.051471
