1 0.092708 0.523438 0.05625 0.147978
1 0.028125 0.075368 0.017708 0.022059
1 0.005208 0.119945 0.010417 0.017463
1 0.235677 0.024816 0.024479 0.036765
1 0.295833 0.323989 0.048958 0.105699
1 0.610938 0.147978 0.025 0.033088
1 0.53151 0.269301 0.063021 0.132353
1 0.48099 0.410386 0.031771 0.030331
1 0.757031 0.084559 0.041146 0.051471
1 0.774479 0.236673 0.029167 0.054228
1 0.2 0.797794 0.019792 0.038603
1 0.391406 0.63557 0.029688 0.050551
1 0.552344 0.817096 0.030729 0.064338
1 0.617448 0.815717 0.025521 0.04136
1 0.633333 0.842831 0.032292 0.033088
1 0.621094 0.919577 0.036979 0.039522
0 0.708854 0.245404 0.107292 0.490809
0 0.825521 0.19761 0.079167 0.395221
0 0.566927 0.421415 0.172396 0.556066
