0 0.497917 0.494945 0.090625 0.203125
1 0.009896 0.579504 0.009375 0.024816
1 0.22474 0.113051 0.007812 0.040441
1 0.208594 0.578125 0.022396 0.022059
1 0.1625 0.717371 0.019792 0.01011
1 0.086719 0.858456 0.023438 0.018382
1 0.233594 0.619485 0.014062 0.023897
1 0.296354 0.79182 0.007292 0.032169
1 0.374479 0.861213 0.00625 0.027574
1 0.433594 0.961857 0.022396 0.008272
1 0.735677 0.011029 0.011979 0.022059
1 0.884635 0.086397 0.028646 0.038603
1 0.94401 0.094669 0.016146 0.033088
1 0.991927 0.91636 0.005729 0.029412
