1 0.135156 0.683824 0.015104 0.027574
1 0.432292 0.930607 0.027083 0.054228
1 0.501302 0.95818 0.014062 0.034007
1 0.359896 0.625919 0.017708 0.03125
1 0.282812 0.165441 0.011458 0.022059
1 0.323698 0.169577 0.020312 0.022978
1 0.369271 0.109375 0.011458 0.022059
1 0.410938 0.171875 0.011458 0.023897
1 0.623958 0.011949 0.011458 0.014706
1 0.818229 0.039982 0.015625 0.032169
1 0.801042 0.151654 0.014583 0.023897
1 0.889062 0.532629 0.010417 0.013787
1 0.940885 0.573529 0.017188 0.022059
0 0.79401 0.903493 0.147396 0.193015
0 0.463802 0.441636 0.129688 0.204963
1 0.515625 0.339154 0.011458 0.018382
1 0.679688 0.664982 0.015625 0.015625
1 0.826042 0.549632 0.016667 0.036765
1 0.989583 0.401654 0.011458 0.022059
