1 0.28724 0.314798 0.025521 0.032169
0 0.544531 0.65579 0.008854 0.022978
1 0.536458 0.899357 0.0125 0.028493
1 0.563021 0.955882 0.011458 0.033088
1 0.567188 0.898438 0.011458 0.02114
1 0.575781 0.936121 0.007812 0.024816
0 0.556771 0.900735 0.014583 0.077206
1 0.589844 0.862132 0.044271 0.121324
0 0.467448 0.481618 0.091146 0.231618
1 0.707812 0.692555 0.064583 0.07261
1 0.102865 0.484835 0.011979 0.024816
1 0.265625 0.653952 0.015625 0.034007
1 0.832812 0.167739 0.010417 0.04136
1 0.938802 0.335938 0.010938 0.039522
