1 0.480729 0.839154 0.032292 0.066176
1 0.741927 0.662684 0.068229 0.090074
1 0.308333 0.829504 0.013542 0.02114
1 0.222396 0.784467 0.013542 0.028493
1 0.227083 0.672794 0.013542 0.016544
1 0.327083 0.564798 0.010417 0.022978
1 0.342969 0.528033 0.009896 0.019301
1 0.416406 0.340074 0.011979 0.020221
1 0.461458 0.294577 0.0125 0.017463
1 0.513021 0.351562 0.009375 0.024816
1 0.567708 0.370864 0.0125 0.022978
1 0.625781 0.390165 0.013021 0.02114
1 0.631771 0.353401 0.010417 0.017463
1 0.633333 0.170956 0.010417 0.023897
1 0.713802 0.147978 0.011979 0.014706
1 0.870833 0.104779 0.015625 0.03125
0 0.746094 0.835938 0.172396 0.326287
0 0.576823 0.532169 0.128646 0.275735
0 0.252344 0.013787 0.027604 0.027574
0 0.344271 0.020221 0.082292 0.040441
1 0.969792 0.203125 0.060417 0.095588
