1 0.317188 0.638787 0.03125 0.040441
0 0.507812 0.528952 0.0875 0.173713
1 0.240104 0.988511 0.035417 0.022978
1 0.253646 0.967831 0.026042 0.009191
1 0.44401 0.965533 0.020312 0.015625
1 0.447656 0.93796 0.009896 0.011949
1 0.653646 0.089614 0.016667 0.026654
1 0.749479 0.08318 0.010417 0.017463
1 0.973958 0.965993 0.013542 0.029412
0 0.983854 0.891085 0.032292 0.111213
0 0.759896 0.700368 0.065625 0.139706
0 0.365365 0.422335 0.057812 0.074449
0 0.273438 0.386949 0.055208 0.064338
0 0.164323 0.321691 0.039062 0.051471
0 0.91276 0.768382 0.120312 0.215074
