0 0.009375 0.097886 0.01875 0.063419
1 0.005469 0.331801 0.010938 0.022059
1 0.08151 0.204044 0.015104 0.023897
1 0.120833 0.404871 0.011458 0.02114
1 0.138021 0.472886 0.025 0.045037
1 0.164844 0.345129 0.017188 0.026654
1 0.207812 0.238051 0.014583 0.034926
1 0.238542 0.400276 0.011458 0.034007
1 0.321615 0.100643 0.016146 0.02114
1 0.341667 0.488051 0.0125 0.03125
1 0.423958 0.321691 0.038542 0.066176
1 0.491927 0.126379 0.010938 0.028493
1 0.5 0.245864 0.009375 0.017463
1 0.55599 0.30193 0.013021 0.02114
1 0.563542 0.414062 0.013542 0.017463
1 0.608333 0.110754 0.010417 0.017463
1 0.659635 0.036765 0.009896 0.014706
1 0.650521 0.026654 0.007292 0.016544
1 0.844271 0.028493 0.021875 0.034926
1 0.802604 0.127757 0.013542 0.016544
1 0.811979 0.200368 0.011458 0.020221
1 0.842708 0.640165 0.010417 0.015625
1 0.735677 0.939338 0.010938 0.018382
0 0.296875 0.349724 0.130208 0.250919
0 0.910938 0.779871 0.066667 0.120404
0 0.132292 0.253676 0.125 0.25
0 0.532031 0.55193 0.138021 0.215993
0 0.744792 0.664062 0.114583 0.116728
0 0.032812 0.196232 0.065625 0.107537
0 0.19401 0.319853 0.053646 0.108456
0 0.383594 0.431526 0.078646 0.195772
1 0.356771 0.662224 0.011458 0.046875
