1 0.726823 0.588235 0.073438 0.112132
1 0.917188 0.079044 0.036458 0.066176
1 0.432292 0.194393 0.025 0.039522
1 0.140625 0.082721 0.085417 0.165441
1 0.047656 0.828585 0.045312 0.092831
1 0.151302 0.786765 0.067188 0.044118
1 0.278906 0.64614 0.056771 0.091912
1 0.469271 0.471967 0.048958 0.10386
1 0.138802 0.245404 0.015104 0.042279
1 0.103646 0.332721 0.017708 0.023897
1 0.094271 0.402574 0.025 0.022059
1 0.207031 0.696232 0.019271 0.011949
1 0.239062 0.670956 0.008333 0.029412
1 0.415104 0.285386 0.015625 0.034007
1 0.407292 0.181526 0.008333 0.026654
1 0.444531 0.127757 0.016146 0.022059
1 0.491927 0.25 0.010938 0.018382
1 0.447917 0.418658 0.015625 0.022978
1 0.715365 0.182904 0.005729 0.027574
1 0.754948 0.227022 0.015104 0.036765
1 0.840625 0.286305 0.011458 0.02114
1 0.586719 0.440257 0.028646 0.022059
1 0.725781 0.465074 0.017188 0.012868
1 0.879688 0.653033 0.019792 0.017463
1 0.747135 0.895221 0.011979 0.018382
1 0.563542 0.725184 0.00625 0.027574
1 0.484896 0.905331 0.022917 0.025735
