1 0.027344 0.545496 0.013021 0.015625
1 0.030208 0.53125 0.010417 0.014706
1 0.085677 0.357996 0.008854 0.017463
1 0.084375 0.460478 0.011458 0.029412
1 0.14401 0.464614 0.007812 0.028493
1 0.153906 0.522059 0.052604 0.084559
1 0.153906 0.573989 0.022396 0.015625
1 0.177083 0.573989 0.019792 0.022978
1 0.172656 0.53171 0.006771 0.022978
1 0.184896 0.484375 0.03125 0.011029
1 0.185156 0.51057 0.006771 0.017463
1 0.196615 0.49954 0.006771 0.019301
1 0.210938 0.54182 0.017708 0.011949
1 0.252344 0.570312 0.009896 0.015625
1 0.35599 0.498621 0.022396 0.011949
1 0.378125 0.48989 0.008333 0.018382
1 0.373177 0.566176 0.015104 0.018382
1 0.428125 0.602941 0.0125 0.016544
1 0.45 0.572151 0.008333 0.028493
1 0.469531 0.558824 0.014062 0.023897
1 0.482812 0.645221 0.01875 0.009191
1 0.547396 0.585938 0.021875 0.04136
1 0.588542 0.505515 0.016667 0.011029
1 0.590625 0.523897 0.01875 0.012868
1 0.606771 0.572151 0.016667 0.125919
1 0.618229 0.602482 0.011458 0.013787
1 0.655729 0.508732 0.040625 0.070772
1 0.678125 0.522518 0.045833 0.04136
1 0.751302 0.392004 0.007812 0.026654
1 0.886719 0.401195 0.016146 0.015625
1 0.908073 0.407169 0.018229 0.042279
1 0.92474 0.38557 0.017188 0.019301
1 0.880469 0.512868 0.017188 0.016544
1 0.861979 0.508272 0.276042 0.472426
1 0.072656 0.499081 0.019271 0.045956
