1 0.168229 0.007812 0.038542 0.015625
1 0.157812 0.049632 0.035417 0.084559
1 0.192708 0.122243 0.045833 0.069853
1 0.23151 0.071232 0.056771 0.098346
1 0.284635 0.160386 0.050521 0.070772
1 0.338281 0.262868 0.046354 0.068015
1 0.358333 0.317555 0.029167 0.090993
1 0.390625 0.324908 0.046875 0.107537
1 0.407031 0.403493 0.025521 0.056985
1 0.439323 0.417279 0.020312 0.058824
1 0.471094 0.491728 0.042188 0.084559
1 0.518229 0.536765 0.03125 0.036765
1 0.55599 0.569393 0.042188 0.092831
1 0.6 0.589154 0.032292 0.088235
1 0.609896 0.662684 0.027083 0.0625
1 0.621875 0.616728 0.026042 0.044118
1 0.655208 0.714154 0.022917 0.051471
1 0.709115 0.785386 0.053646 0.050551
1 0.695833 0.844669 0.046875 0.088235
1 0.763802 0.935662 0.052604 0.125
1 0.829948 0.963695 0.064062 0.07261
1 0.80625 0.922335 0.032292 0.085478
1 0.311198 0.196691 0.027604 0.044118
