1 0.320312 0.414522 0.026042 0.038603
1 0.353385 0.40671 0.011979 0.030331
1 0.992448 0.552849 0.013021 0.061581
1 0.534896 0.459559 0.025 0.033088
1 0.639323 0.462316 0.017188 0.044118
1 0.263021 0.444853 0.03125 0.022059
1 0.457552 0.480239 0.011979 0.048713
1 0.898698 0.475184 0.013021 0.040441
1 0.695573 0.511489 0.017188 0.024816
1 0.240885 0.38557 0.020312 0.035846
1 0.775 0.502298 0.014583 0.035846
1 0.497656 0.498162 0.036979 0.014706
1 0.401562 0.483915 0.014583 0.04136
1 0.31276 0.459559 0.017188 0.03125
1 0.308854 0.411305 0.045833 0.085478
