1 0.367708 0.987592 0.020833 0.024816
1 0.68099 0.977482 0.015104 0.032169
1 0.58776 0.932904 0.008854 0.020221
1 0.991667 0.814798 0.011458 0.022978
1 0.508594 0.757353 0.007812 0.018382
1 0.23125 0.65579 0.017708 0.024816
1 0.228646 0.63511 0.016667 0.033088
1 0.721615 0.608456 0.013021 0.023897
1 0.10651 0.60432 0.020312 0.039522
1 0.342448 0.574449 0.020312 0.033088
1 0.407292 0.558364 0.011458 0.026654
1 0.170833 0.508732 0.011458 0.026654
1 0.552083 0.380055 0.009375 0.017463
0 0.799219 0.601562 0.206771 0.471507
1 0.544792 0.357537 0.015625 0.022059
1 0.522135 0.10432 0.008854 0.015625
1 0.015365 0.078125 0.015104 0.03125
0 0.389583 0.26057 0.183333 0.495404
1 0.405208 0.011489 0.0125 0.015625
