1 0.339062 0.056985 0.022917 0.023897
1 0.359115 0.169118 0.026562 0.064338
1 0.252604 0.077665 0.008333 0.028493
1 0.083594 0.903033 0.032812 0.019301
1 0.428385 0.952665 0.035938 0.056066
1 0.438281 0.79182 0.028646 0.067096
1 0.53151 0.183824 0.027604 0.022059
1 0.492969 0.477941 0.008854 0.049632
1 0.009375 0.221507 0.01875 0.012868
1 0.108594 0.049173 0.007812 0.026654
1 0.08099 0.475643 0.026562 0.019301
1 0.058333 0.792739 0.025 0.037684
1 0.344271 0.48943 0.009375 0.028493
1 0.4125 0.533548 0.01875 0.019301
1 0.324219 0.727482 0.028646 0.019301
1 0.370052 0.855239 0.023438 0.02114
1 0.335677 0.186121 0.021354 0.02114
1 0.609896 0.01057 0.015625 0.017463
1 0.658594 0.027574 0.026562 0.016544
1 0.803385 0.58318 0.015104 0.013787
1 0.961979 0.485294 0.013542 0.009191
