0 0.545573 0.46921 0.102604 0.081801
1 0.14974 0.527574 0.020312 0.020221
1 0.395312 0.0625 0.013542 0.045956
1 0.340104 0.346967 0.010417 0.028493
1 0.227083 0.637868 0.01875 0.007353
1 0.21901 0.816636 0.004688 0.039522
1 0.269271 0.821691 0.003125 0.042279
1 0.489323 0.140625 0.006771 0.023897
1 0.735938 0.136029 0.008333 0.022059
1 0.425521 0.528033 0.010417 0.015625
1 0.407031 0.543658 0.010938 0.017463
1 0.442969 0.92693 0.008854 0.022978
1 0.64974 0.844669 0.010938 0.022059
1 0.95026 0.751379 0.020312 0.008272
