1 0.278125 0.410386 0.038542 0.079963
1 0.340104 0.426471 0.013542 0.018382
1 0.572396 0.053768 0.016667 0.032169
1 0.656771 0.17693 0.016667 0.026654
1 0.65625 0.19807 0.014583 0.032169
1 0.94401 0.349724 0.019271 0.039522
1 0.989583 0.203125 0.01875 0.055147
1 0.680729 0.528493 0.014583 0.027574
1 0.945312 0.761029 0.015625 0.025735
1 0.409115 0.675551 0.018229 0.029412
1 0.301823 0.651195 0.034896 0.061581
1 0.349479 0.742188 0.01875 0.008272
1 0.076562 0.725184 0.0125 0.022059
1 0.084896 0.857996 0.010417 0.024816
1 0.249479 0.982996 0.016667 0.034007
1 0.452604 0.497702 0.045833 0.085478
1 0.525521 0.377298 0.036458 0.061581
1 0.278125 0.776654 0.016667 0.040441
