1 0.842448 0.866728 0.009896 0.020221
1 0.379948 0.825827 0.032812 0.045037
1 0.242448 0.693474 0.009896 0.013787
1 0.342188 0.678309 0.046875 0.058824
1 0.372656 0.636949 0.058854 0.106618
1 0.843229 0.729779 0.1625 0.330882
1 0.483594 0.731158 0.211979 0.355699
1 0.342969 0.444393 0.030729 0.07261
1 0.798958 0.465074 0.215625 0.46875
1 0.523698 0.386489 0.245312 0.324449
1 0.815625 0.252298 0.1125 0.129596
1 0.359896 0.213235 0.061458 0.246324
1 0.261719 0.205882 0.145312 0.262868
1 0.114062 0.035386 0.069792 0.070772
1 0.822396 0.267463 0.355208 0.534926
1 0.642448 0.955882 0.064062 0.088235
1 0.976562 0.918199 0.046875 0.163603
1 0.754427 0.976562 0.059896 0.046875
1 0.986979 0.643382 0.026042 0.058824
