1 0.285417 0.101562 0.080208 0.124081
1 0.248698 0.038603 0.133854 0.077206
1 0.357552 0.160386 0.069271 0.168199
1 0.375 0.217371 0.041667 0.127757
1 0.421354 0.27114 0.130208 0.189338
1 0.595833 0.278033 0.016667 0.028493
1 0.652344 0.154871 0.015104 0.026654
1 0.729948 0.761489 0.123438 0.212316
1 0.63125 0.638327 0.072917 0.140625
1 0.817188 0.914982 0.022917 0.01011
1 0.810156 0.897059 0.024479 0.009191
1 0.867708 0.939338 0.028125 0.056985
1 0.519792 0.957261 0.016667 0.030331
1 0.42526 0.835938 0.011979 0.019301
1 0.400521 0.818934 0.01875 0.040441
1 0.356771 0.869026 0.025 0.035846
1 0.316406 0.795956 0.011979 0.014706
1 0.246354 0.522518 0.016667 0.022978
1 0.16901 0.521599 0.047396 0.089154
1 0.038281 0.358915 0.022396 0.039522
1 0.034115 0.649816 0.016146 0.033088
1 0.522135 0.421875 0.083854 0.165441
1 0.81875 0.943015 0.066667 0.113971
1 0.042969 0.970129 0.025521 0.059743
1 0.013281 0.994026 0.011979 0.011949
1 0.148958 0.984835 0.017708 0.030331
1 0.58776 0.977022 0.020312 0.045956
1 0.590365 0.983456 0.013021 0.033088
1 0.61276 0.980699 0.013021 0.038603
1 0.898698 0.986673 0.007812 0.026654
1 0.904427 0.982996 0.013021 0.034007
