1 0.414844 0.048713 0.011979 0.025735
1 0.428125 0.18704 0.023958 0.050551
1 0.451562 0.189338 0.038542 0.075368
1 0.35599 0.241268 0.013021 0.046875
1 0.291406 0.283548 0.026562 0.046875
1 0.447135 0.278952 0.020312 0.05239
1 0.46875 0.319393 0.0125 0.024816
1 0.463542 0.36489 0.033333 0.066176
1 0.496615 0.365809 0.018229 0.044118
1 0.486719 0.447151 0.033854 0.067096
1 0.499479 0.559743 0.013542 0.023897
1 0.553385 0.61443 0.024479 0.05239
1 0.586719 0.572151 0.029688 0.067096
1 0.532812 0.682445 0.015625 0.046875
1 0.54349 0.73943 0.007812 0.019301
1 0.423958 0.714154 0.0125 0.034926
1 0.110677 0.642923 0.007812 0.015625
1 0.727344 0.157169 0.021354 0.034926
