0 0.497656 0.581801 0.073438 0.134191
1 0.013802 0.882353 0.011979 0.033088
1 0.176562 0.209099 0.007292 0.034007
1 0.392969 0.277574 0.014062 0.03125
1 0.403385 0.420496 0.019271 0.01011
1 0.413802 0.470129 0.010938 0.032169
1 0.444531 0.302849 0.006771 0.048713
0 0.555729 0.321691 0.011458 0.020221
1 0.668229 0.341452 0.01875 0.034007
1 0.945573 0.040901 0.005729 0.056066
1 0.924479 0.236673 0.01875 0.01011
1 0.976823 0.349724 0.025521 0.028493
1 0.774479 0.418658 0.01875 0.037684
1 0.846875 0.626838 0.01875 0.014706
1 0.929948 0.886949 0.010938 0.016544
1 0.798698 0.831342 0.020312 0.034007
1 0.651562 0.693474 0.010417 0.030331
1 0.478385 0.946691 0.005729 0.029412
1 0.192448 0.950368 0.015104 0.016544
1 0.176042 0.976103 0.0125 0.022059
