1 0.549479 0.672794 0.053125 0.084559
1 0.547656 0.606158 0.029688 0.057904
1 0.54349 0.567096 0.017188 0.020221
1 0.502865 0.55193 0.013021 0.02114
1 0.429948 0.571232 0.013021 0.017463
1 0.408333 0.544118 0.013542 0.023897
1 0.396354 0.528033 0.011458 0.026654
1 0.440104 0.105699 0.020833 0.036765
1 0.90599 0.141085 0.017188 0.078125
1 0.697917 0.82307 0.015625 0.068934
1 0.592188 0.82307 0.045833 0.109375
1 0.821875 0.913603 0.019792 0.038603
1 0.03099 0.826746 0.029688 0.057904
1 0.510938 0.647059 0.029167 0.0625
1 0.520052 0.664522 0.024479 0.045956
1 0.477865 0.033548 0.013021 0.019301
1 0.954948 0.829963 0.017188 0.022059
1 0.483594 0.369485 0.031771 0.073529
1 0.513802 0.456342 0.042188 0.096507
1 0.394531 0.43704 0.013021 0.034007
