1 0.178125 0.365349 0.013542 0.011949
1 0.303646 0.394301 0.0125 0.027574
1 0.422917 0.461857 0.010417 0.02114
1 0.433594 0.466912 0.007812 0.036765
1 0.742188 0.657629 0.020833 0.048713
1 0.094792 0.271599 0.017708 0.024816
1 0.449219 0.482077 0.011979 0.032169
1 0.891146 0.754136 0.013542 0.024816
1 0.475 0.53125 0.014583 0.018382
1 0.356771 0.429688 0.019792 0.015625
1 0.118229 0.278952 0.009375 0.028493
1 0.879427 0.779871 0.014062 0.017463
1 0.670573 0.650276 0.007812 0.030331
1 0.508333 0.516544 0.008333 0.022059
1 0.55 0.618107 0.015625 0.011949
1 0.372917 0.478401 0.0125 0.011949
1 0.997396 0.835018 0.005208 0.026654
