1 0.267448 0.942096 0.024479 0.053309
1 0.290625 0.932904 0.020833 0.03125
1 0.274479 0.857077 0.019792 0.022978
1 0.316146 0.819393 0.036458 0.079963
1 0.31849 0.63511 0.008854 0.027574
1 0.302083 0.616268 0.010417 0.015625
1 0.3875 0.672794 0.008333 0.023897
1 0.400781 0.622702 0.041146 0.07261
1 0.426302 0.611673 0.007812 0.030331
1 0.461458 0.511029 0.044792 0.108456
1 0.489323 0.450827 0.026562 0.024816
1 0.489844 0.403952 0.027604 0.054228
1 0.567969 0.334099 0.033854 0.10386
1 0.555208 0.283088 0.014583 0.018382
1 0.567188 0.257812 0.014583 0.034007
1 0.634635 0.230239 0.009896 0.011949
1 0.63724 0.19807 0.010938 0.013787
1 0.636979 0.172335 0.015625 0.017463
1 0.616406 0.206801 0.019271 0.044118
1 0.673698 0.107996 0.007812 0.024816
1 0.724479 0.051471 0.009375 0.023897
1 0.054688 0.973805 0.03125 0.050551
1 0.238542 0.71829 0.026042 0.043199
1 0.505469 0.613051 0.021354 0.038603
1 0.280729 0.899816 0.013542 0.036765
1 0.375781 0.57261 0.042188 0.060662
1 0.098698 0.893842 0.015104 0.035846
1 0.695833 0.076746 0.027083 0.05239
1 0.664844 0.223805 0.017188 0.045037
1 0.339323 0.723346 0.026562 0.044118
1 0.508854 0.454044 0.020833 0.027574
1 0.333854 0.76011 0.029167 0.049632
1 0.680469 0.008272 0.022396 0.016544
