1 0.207812 0.51011 0.011458 0.03125
1 0.215625 0.477022 0.03125 0.079044
1 0.345833 0.411765 0.011458 0.027574
1 0.307812 0.477941 0.019792 0.034926
1 0.460938 0.388327 0.009375 0.015625
1 0.472396 0.475643 0.01875 0.028493
1 0.472917 0.426011 0.008333 0.028493
1 0.484896 0.434743 0.014583 0.012868
1 0.498698 0.441636 0.016146 0.028493
1 0.896615 0.407169 0.024479 0.007353
1 0.850521 0.410386 0.011458 0.013787
1 0.916667 0.390625 0.00625 0.040441
1 0.270833 0.393842 0.021875 0.059743
1 0.009635 0.485754 0.019271 0.024816
1 0.32474 0.504136 0.005729 0.059743
1 0.249219 0.418658 0.035938 0.050551
1 0.542969 0.466452 0.016146 0.034007
1 0.683333 0.421875 0.016667 0.053309
1 0.769792 0.412224 0.035417 0.035846
1 0.019531 0.445772 0.024479 0.058824
1 0.834635 0.424632 0.026562 0.040441
1 0.527083 0.055147 0.011458 0.042279
