1 0.942188 0.693934 0.03125 0.071691
1 0.983073 0.720129 0.033854 0.079963
1 0.00625 0.230699 0.0125 0.022059
1 0.141406 0.289522 0.024479 0.044118
1 0.272656 0.351103 0.019271 0.045956
1 0.307031 0.374081 0.023438 0.034926
1 0.071615 0.214154 0.017188 0.045956
1 0.613021 0.465533 0.026042 0.028493
1 0.898438 0.652114 0.0125 0.043199
1 0.328125 0.392923 0.011458 0.039522
1 0.247135 0.349265 0.009896 0.060662
1 0.217708 0.33318 0.009375 0.050551
1 0.270052 0.395221 0.027604 0.016544
1 0.469271 0.465533 0.022917 0.017463
1 0.171094 0.319393 0.008854 0.045037
1 0.74375 0.277574 0.009375 0.023897
