1 0.466406 0.990349 0.018229 0.019301
1 0.515885 0.961857 0.008854 0.019301
1 0.472917 0.954044 0.010417 0.018382
1 0.891406 0.827206 0.017188 0.022059
1 0.454948 0.738971 0.015104 0.022059
1 0.496354 0.589154 0.070833 0.071691
1 0.465365 0.53125 0.016146 0.033088
1 0.96849 0.40625 0.020312 0.036765
1 0.200521 0.409926 0.015625 0.0625
1 0.483854 0.444393 0.055208 0.14614
1 0.553125 0.250919 0.083333 0.095588
1 0.89349 0.146599 0.014062 0.032169
1 0.540365 0.120864 0.019271 0.046875
1 0.213802 0.080882 0.010938 0.022059
1 0.191667 0.087776 0.01875 0.037684
