1 0.035938 0.161305 0.026042 0.054228
1 0.072917 0.28125 0.011458 0.011029
1 0.090365 0.945312 0.005729 0.04136
1 0.167969 0.742188 0.011979 0.065257
1 0.260938 0.679688 0.016667 0.045037
1 0.285417 0.596507 0.00625 0.027574
1 0.272656 0.512408 0.019271 0.046875
1 0.304167 0.203125 0.010417 0.027574
1 0.557031 0.078125 0.008854 0.029412
1 0.56901 0.772059 0.030729 0.034926
1 0.491927 0.608915 0.014062 0.013787
1 0.702083 0.807904 0.030208 0.014706
1 0.847135 0.891544 0.011979 0.029412
0 0.500781 0.50046 0.050521 0.074449
0 0.523177 0.934283 0.034896 0.08364
0 0.482292 0.030331 0.046875 0.060662
0 0.516927 0.179228 0.030729 0.060662
0 0.472917 0.692096 0.039583 0.084559
1 0.005469 0.231618 0.010938 0.011029
1 0.985156 0.022059 0.008854 0.034926
1 0.922135 0.581801 0.019271 0.033088
