1 0.126562 0.046875 0.033333 0.055147
1 0.476042 0.057904 0.059375 0.115809
1 0.308854 0.423254 0.029167 0.057904
1 0.66276 0.427849 0.040104 0.100184
1 0.752865 0.671875 0.100521 0.091912
1 0.960156 0.894301 0.057812 0.079044
1 0.68151 0.953125 0.063021 0.090074
1 0.353125 0.779871 0.070833 0.061581
1 0.336458 0.689798 0.042708 0.109375
1 0.120052 0.85386 0.100521 0.128676
1 0.023958 0.526195 0.047917 0.100184
1 0.208073 0.592831 0.020312 0.036765
1 0.707031 0.097886 0.018229 0.035846
1 0.735677 0.088235 0.023438 0.060662
1 0.745312 0.131893 0.026042 0.039522
1 0.552083 0.320772 0.051042 0.073529
1 0.570833 0.419577 0.03125 0.059743
1 0.488542 0.900276 0.130208 0.199449
1 0.760417 0.966452 0.078125 0.067096
1 0.879427 0.88511 0.032812 0.066176
1 0.463802 0.534007 0.120312 0.222426
1 0.168229 0.772978 0.113542 0.202206
1 0.406771 0.314338 0.116667 0.119485
1 0.252344 0.152574 0.175521 0.305147
1 0.463802 0.534007 0.120312 0.222426
