1 0.549219 0.642004 0.017188 0.035846
1 0.180469 0.652114 0.039062 0.070772
1 0.739323 0.618566 0.059896 0.106618
1 0.653906 0.636029 0.088021 0.141544
1 0.853125 0.662224 0.133333 0.230699
1 0.185417 0.543199 0.054167 0.080882
1 0.559375 0.56296 0.164583 0.182904
1 0.33724 0.491728 0.020312 0.042279
1 0.265104 0.435662 0.039583 0.097426
1 0.125 0.35386 0.25 0.270221
1 0.8875 0.127757 0.064583 0.126838
1 0.071615 0.130515 0.133854 0.209559
1 0.814583 0.044118 0.078125 0.088235
1 0.008854 0.043658 0.017708 0.087316
1 0.963542 0.716452 0.072917 0.124081
1 0.972917 0.428309 0.054167 0.128676
