1 0.825521 0.933364 0.017708 0.043199
1 0.464323 0.61443 0.016146 0.030331
1 0.294792 0.261029 0.011458 0.025735
1 0.051042 0.054688 0.1 0.10386
0 0.38776 0.839154 0.076562 0.097426
0 0.814583 0.039062 0.079167 0.078125
0 0.494792 0.545037 0.0375 0.132353
0 0.729427 0.175092 0.061979 0.125919
0 0.609896 0.369485 0.035417 0.101103
1 0.75026 0.548713 0.007812 0.033088
1 0.01901 0.139246 0.038021 0.01011
1 0.08724 0.450368 0.009896 0.020221
1 0.19401 0.709099 0.015104 0.019301
1 0.932031 0.457261 0.009896 0.028493
