1 0.746615 0.993107 0.021354 0.01011
1 0.843229 0.914062 0.013542 0.034007
1 0.176302 0.767004 0.017188 0.039522
1 0.575 0.730239 0.017708 0.039522
1 0.124479 0.585478 0.022917 0.045956
1 0.78151 0.556066 0.013021 0.025735
0 0.354688 0.595129 0.05 0.122243
1 0.007812 0.508272 0.011458 0.016544
0 0.409635 0.544118 0.055729 0.099265
0 0.625781 0.522059 0.045312 0.058824
0 0.554167 0.537684 0.06875 0.139706
0 0.816667 0.52114 0.071875 0.194853
0 0.942708 0.517923 0.107292 0.19761
1 0.048438 0.404871 0.011458 0.02114
1 0.215625 0.38511 0.010417 0.023897
0 0.438281 0.45864 0.124479 0.251838
1 0.203906 0.344669 0.039062 0.101103
1 0.541927 0.3125 0.047396 0.055147
1 0.451302 0.158088 0.013021 0.022059
1 0.055729 0.150735 0.010417 0.020221
1 0.345312 0.13557 0.010417 0.013787
1 0.083594 0.126838 0.016146 0.033088
1 0.769792 0.128217 0.020833 0.057904
