1 0.615104 0.865809 0.0125 0.018382
1 0.79375 0.869485 0.039583 0.0625
1 0.026823 0.835938 0.040104 0.131434
1 0.321875 0.709099 0.042708 0.043199
1 0.061979 0.663143 0.017708 0.024816
1 0.074479 0.676011 0.026042 0.100184
1 0.098177 0.641085 0.019271 0.035846
1 0.567188 0.600643 0.054167 0.092831
1 0.477083 0.569853 0.01875 0.073529
1 0.117708 0.538143 0.0125 0.019301
1 0.692969 0.547335 0.008854 0.048713
1 0.353906 0.603401 0.115104 0.160846
1 0.509635 0.567555 0.049479 0.140625
1 0.113542 0.493107 0.017708 0.019301
1 0.839323 0.464154 0.018229 0.03125
1 0.472917 0.488511 0.08125 0.113051
1 0.534896 0.491268 0.071875 0.136949
1 0.138021 0.42739 0.009375 0.014706
1 0.152083 0.384651 0.025 0.028493
1 0.986458 0.373621 0.016667 0.024816
1 0.984375 0.357996 0.017708 0.013787
1 0.856771 0.362132 0.011458 0.022059
1 0.959896 0.36489 0.009375 0.03125
1 0.434375 0.340993 0.016667 0.053309
1 0.795052 0.323529 0.020312 0.03125
1 0.43125 0.383272 0.145833 0.167279
1 0.404948 0.303309 0.019271 0.018382
1 0.822917 0.286765 0.010417 0.029412
1 0.427344 0.287684 0.009896 0.049632
1 0.807031 0.368107 0.089062 0.215993
1 0.950781 0.244026 0.010938 0.015625
1 0.715365 0.34329 0.171354 0.217831
1 0.338802 0.243107 0.045312 0.081801
1 0.969271 0.194393 0.015625 0.026654
1 0.340625 0.192555 0.034375 0.048713
1 0.285417 0.160386 0.020833 0.032169
1 0.968229 0.144761 0.013542 0.030331
1 0.264844 0.126379 0.021354 0.034007
1 0.279688 0.126379 0.017708 0.04136
1 0.328385 0.107996 0.021354 0.046875
1 0.288021 0.088695 0.01875 0.017463
1 0.819792 0.097426 0.0375 0.056985
1 0.314844 0.089614 0.038021 0.048713
1 0.364323 0.090993 0.038021 0.073529
1 0.888542 0.068015 0.019792 0.051471
1 0.146354 0.071691 0.060417 0.075368
1 0.408854 0.019761 0.017708 0.02114
1 0.842188 0.023897 0.034375 0.047794
1 0.222135 0.016544 0.031771 0.033088
1 0.014583 0.032629 0.029167 0.065257
1 0.979948 0.452665 0.040104 0.048713
1 0.98151 0.543199 0.036979 0.080882
1 0.023177 0.986213 0.046354 0.027574
