1 0.384375 0.250919 0.047917 0.0625
1 0.539323 0.785846 0.013021 0.022059
1 0.663802 0.12454 0.025521 0.056066
1 0.839583 0.147978 0.022917 0.025735
1 0.848438 0.642463 0.014583 0.053309
1 0.525 0.477941 0.060417 0.126838
1 0.617969 0.847426 0.055729 0.123162
1 0.851562 0.828585 0.009375 0.030331
1 0.196615 0.311581 0.017188 0.022059
1 0.321615 0.019301 0.039062 0.038603
1 0.331771 0.644301 0.015625 0.009191
1 0.358854 0.419577 0.005208 0.032169
1 0.790885 0.157169 0.021354 0.011029
1 0.959115 0.054688 0.006771 0.028493
1 0.892448 0.355239 0.014062 0.028493
1 0.691667 0.43796 0.011458 0.02114
