1 0.286198 0.008732 0.010938 0.017463
1 0.283594 0.037224 0.043229 0.057904
1 0.292448 0.101562 0.052604 0.098346
1 0.330208 0.142923 0.045833 0.100184
1 0.356771 0.243107 0.047917 0.100184
1 0.396615 0.301011 0.072396 0.081801
1 0.400781 0.350184 0.029688 0.056985
1 0.451562 0.426011 0.066667 0.129596
1 0.400521 0.445772 0.016667 0.029412
1 0.401302 0.41682 0.011979 0.022978
1 0.489583 0.488051 0.034375 0.053309
1 0.53724 0.546875 0.056771 0.101103
1 0.560938 0.605699 0.06875 0.121324
1 0.638021 0.645221 0.05625 0.099265
1 0.639844 0.726103 0.088021 0.126838
1 0.680469 0.757353 0.044271 0.075368
1 0.647396 0.795956 0.036458 0.077206
1 0.684115 0.86489 0.053646 0.097426
1 0.729167 0.879596 0.053125 0.091912
1 0.802344 0.976103 0.084896 0.047794
1 0.782292 0.93796 0.053125 0.063419
1 0.746615 0.975643 0.018229 0.048713
1 0.139844 0.617188 0.034896 0.068934
1 0.021094 0.940717 0.025521 0.02114
