1 0.453906 0.026195 0.025521 0.05239
1 0.499219 0.012408 0.011979 0.024816
1 0.520833 0.011489 0.025 0.022978
1 0.972396 0.190717 0.055208 0.089154
1 0.99349 0.277114 0.011979 0.034007
1 0.581771 0.05239 0.048958 0.097426
1 0.553906 0.196232 0.151562 0.238051
1 0.660417 0.127298 0.110417 0.210478
1 0.69375 0.214614 0.082292 0.188419
1 0.668229 0.363051 0.057292 0.106618
1 0.590625 0.317096 0.058333 0.130515
1 0.401823 0.44807 0.166146 0.295037
1 0.409896 0.95864 0.11875 0.082721
1 0.646875 0.649816 0.078125 0.220588
1 0.744271 0.701746 0.13125 0.48989
1 0.789062 0.713235 0.080208 0.126838
1 0.592708 0.887868 0.129167 0.176471
1 0.883073 0.205882 0.103646 0.15625
1 0.959635 0.770221 0.079688 0.172794
1 0.448177 0.795037 0.091146 0.125
1 0.336458 0.167279 0.172917 0.189338
