1 0.08151 0.025276 0.032812 0.050551
1 0.258854 0.109375 0.0125 0.022059
1 0.401302 0.254596 0.011979 0.014706
1 0.213802 0.847426 0.015104 0.012868
1 0.268229 0.847426 0.023958 0.014706
1 0.484635 0.396599 0.008854 0.02114
1 0.496354 0.432904 0.011458 0.027574
1 0.53099 0.397059 0.010938 0.018382
1 0.547396 0.392463 0.011458 0.022059
1 0.582812 0.768382 0.017708 0.020221
1 0.54974 0.548713 0.007812 0.025735
1 0.801302 0.413603 0.006771 0.044118
1 0.869271 0.497702 0.015625 0.01011
1 0.839844 0.402114 0.020312 0.01011
1 0.876302 0.381434 0.015104 0.011029
1 0.922135 0.246783 0.008854 0.019301
0 0.499219 0.056066 0.021354 0.079044
0 0.492188 0.798254 0.054167 0.102022
0 0.478646 0.26057 0.041667 0.085478
0 0.480208 0.521599 0.023958 0.153493
0 0.514323 0.973805 0.018229 0.05239
