1 0.697917 0.94761 0.045833 0.099265
1 0.747396 0.926011 0.058333 0.089154
1 0.619792 0.821691 0.0625 0.126838
1 0.408333 0.68704 0.047917 0.061581
1 0.207292 0.65579 0.044792 0.070772
1 0.796094 0.661765 0.048438 0.102941
1 0.450521 0.619485 0.040625 0.044118
1 0.422135 0.616728 0.045312 0.079044
1 0.772396 0.579963 0.009375 0.027574
1 0.386198 0.608456 0.036979 0.09375
1 0.866146 0.563419 0.015625 0.014706
1 0.171354 0.452206 0.038542 0.058824
1 0.879688 0.439338 0.011458 0.034926
1 0.78776 0.340074 0.049479 0.060662
1 0.450521 0.325368 0.028125 0.086397
1 0.825521 0.252757 0.069792 0.115809
1 0.909896 0.196232 0.015625 0.030331
1 0.828125 0.171875 0.011458 0.025735
1 0.523698 0.360754 0.272396 0.471507
1 0.183333 0.21921 0.366667 0.438419
1 0.190104 0.643842 0.380208 0.712316
1 0.970052 0.814798 0.059896 0.05239
1 0.031771 0.963235 0.038542 0.073529
1 0.979948 0.668199 0.040104 0.104779
1 0.9875 0.585018 0.025 0.070772
1 0.167708 0.867647 0.011458 0.029412
1 0.188802 0.883272 0.027604 0.016544
