1 0.686458 0.919577 0.010417 0.015625
1 0.640625 0.809743 0.016667 0.027574
1 0.372396 0.857996 0.055208 0.138787
1 0.895833 0.847426 0.084375 0.170956
1 0.303646 0.741268 0.013542 0.02114
1 0.222135 0.642463 0.055729 0.068015
1 0.238802 0.566176 0.010938 0.018382
1 0.213021 0.547794 0.06875 0.086397
1 0.046354 0.517923 0.032292 0.063419
1 0.932292 0.334099 0.010417 0.017463
1 0.779167 0.293658 0.029167 0.045037
1 0.867708 0.289982 0.014583 0.046875
1 0.345573 0.13511 0.008854 0.020221
1 0.553646 0.445772 0.317708 0.665441
1 0.373958 0.109835 0.035417 0.087316
1 0.019531 0.077665 0.015104 0.032169
1 0.14375 0.241268 0.008333 0.017463
1 0.202083 0.859835 0.008333 0.030331
1 0.29349 0.331342 0.011979 0.02114
1 0.217188 0.229779 0.010417 0.016544
1 0.575 0.078125 0.010417 0.012868
1 0.15625 0.183364 0.010417 0.017463
