0 0.303385 0.101103 0.149479 0.202206
1 0.379948 0.023438 0.013021 0.026654
1 0.360677 0.074908 0.011979 0.024816
1 0.352344 0.148438 0.024479 0.04136
1 0.385677 0.113511 0.015104 0.017463
1 0.385677 0.193015 0.021354 0.042279
1 0.430208 0.213695 0.015625 0.035846
1 0.447917 0.27114 0.009375 0.022059
1 0.439062 0.310662 0.0125 0.029412
1 0.605208 0.467831 0.025 0.022059
1 0.563281 0.552849 0.017188 0.057904
1 0.533073 0.570772 0.010938 0.029412
1 0.572656 0.599265 0.016146 0.040441
1 0.241406 0.873621 0.031771 0.050551
0 0.460677 0.626838 0.256771 0.288603
0 0.653646 0.977022 0.176042 0.045956
1 0.616667 0.011949 0.010417 0.023897
1 0.836198 0.32261 0.038021 0.038603
0 0.965625 0.029412 0.048958 0.058824
1 0.988281 0.102022 0.017188 0.03125
1 0.988021 0.414062 0.023958 0.028493
0 0.471615 0.426471 0.051562 0.086397
