1 0.065625 0.926471 0.015625 0.011029
1 0.085156 0.147978 0.007812 0.027574
1 0.346354 0.136489 0.028125 0.048713
1 0.414844 0.207261 0.016146 0.035846
1 0.300781 0.147518 0.021354 0.022978
1 0.275781 0.29182 0.025521 0.061581
1 0.279948 0.46875 0.015104 0.033088
1 0.276302 0.514246 0.014062 0.028493
1 0.891667 0.080882 0.023958 0.007353
1 0.935417 0.175092 0.019792 0.039522
1 0.481771 0.558364 0.009375 0.022978
1 0.654167 0.803309 0.03125 0.053309
1 0.650521 0.949908 0.033333 0.061581
1 0.886458 0.87454 0.020833 0.032169
0 0.505729 0.572151 0.036458 0.089154
0 0.457031 0.27114 0.043229 0.058824
0 0.471875 0.856618 0.05625 0.058824
1 0.360938 0.907629 0.010417 0.030331
