1 0.170052 0.598346 0.061979 0.049632
1 0.029688 0.609835 0.035417 0.098346
1 0.383594 0.210938 0.013021 0.022978
1 0.596094 0.096048 0.017188 0.034007
1 0.695573 0.075827 0.022396 0.10386
1 0.84375 0.13511 0.013542 0.023897
1 0.807292 0.277574 0.026042 0.033088
1 0.379167 0.40671 0.098958 0.186581
1 0.438021 0.714154 0.027083 0.03125
1 0.166927 0.83318 0.069271 0.13511
1 0.859635 0.963695 0.030729 0.063419
1 0.723698 0.784926 0.040104 0.016544
1 0.559896 0.621324 0.027083 0.101103
1 0.635938 0.705882 0.066667 0.104779
1 0.768229 0.404412 0.017708 0.027574
1 0.411719 0.308364 0.027604 0.057904
1 0.45 0.309283 0.011458 0.015625
0 0.204688 0.732996 0.029167 0.061581
1 0.761719 0.887408 0.025521 0.043199
1 0.775 0.847426 0.03125 0.045956
1 0.751302 0.835018 0.017188 0.030331
1 0.74401 0.794577 0.056771 0.070772
1 0.767969 0.807904 0.028646 0.018382
1 0.988281 0.350643 0.014062 0.02114
1 0.758073 0.319393 0.022396 0.028493
1 0.692969 0.738511 0.019271 0.096507
1 0.445052 0.499081 0.056771 0.174632
