1 0.818229 0.882812 0.025 0.048713
1 0.067708 0.829504 0.089583 0.142463
1 0.309375 0.75 0.065625 0.185662
1 0.951302 0.530331 0.038021 0.0625
1 0.48724 0.439338 0.450521 0.716912
1 0.451042 0.043199 0.071875 0.086397
1 0.108594 0.22932 0.217188 0.45864
1 0.969271 0.634191 0.061458 0.141544
1 0.05625 0.977941 0.03125 0.044118
1 0.126302 0.920956 0.052604 0.158088
1 0.21901 0.897059 0.092188 0.205882
1 0.386719 0.920496 0.051562 0.159007
1 0.283594 0.972886 0.028646 0.054228
1 0.896875 0.768842 0.0125 0.02114
