1 0.413021 0.837316 0.094792 0.248162
1 0.036979 0.807904 0.073958 0.288603
1 0.566146 0.699908 0.060417 0.127757
1 0.256771 0.647059 0.057292 0.073529
1 0.520573 0.599265 0.103646 0.25
1 0.358333 0.556066 0.109375 0.178309
1 0.625781 0.397978 0.113021 0.180147
1 0.567448 0.334099 0.030729 0.056066
1 0.667188 0.26057 0.030208 0.039522
1 0.341406 0.309743 0.077604 0.154412
1 0.665365 0.188419 0.075521 0.128676
1 0.767969 0.116268 0.036979 0.092831
1 0.689062 0.017463 0.045833 0.034926
1 0.764844 0.631434 0.049479 0.139706
1 0.748698 0.581801 0.055729 0.090074
1 0.859896 0.611213 0.280208 0.643382
1 0.885156 0.975643 0.027604 0.048713
1 0.935417 0.961397 0.070833 0.077206
1 0.981771 0.470588 0.036458 0.088235
1 0.58724 0.956342 0.065104 0.087316
1 0.850521 0.274816 0.203125 0.297794
1 0.785938 0.78079 0.316667 0.438419
1 0.886458 0.035386 0.022917 0.070772
