1 0.91901 0.795496 0.139062 0.238051
1 0.192708 0.721967 0.116667 0.204963
1 0.151302 0.572151 0.061979 0.107537
1 0.93724 0.594669 0.104688 0.165441
1 0.345052 0.600184 0.156771 0.238971
1 0.917708 0.292279 0.040625 0.068015
1 0.245573 0.340533 0.096354 0.192096
1 0.54974 0.314798 0.114062 0.20864
1 0.06875 0.13511 0.105208 0.161765
1 0.84974 0.102022 0.115104 0.204044
1 0.796875 0.392463 0.122917 0.198529
1 0.834375 0.518382 0.109375 0.209559
1 0.932031 0.096048 0.016146 0.028493
1 0.978646 0.022518 0.035417 0.045037
1 0.988802 0.095129 0.022396 0.089154
1 0.97474 0.189798 0.048438 0.170037
1 0.9875 0.435202 0.022917 0.138787
1 0.636458 0.903493 0.119792 0.193015
1 0.273698 0.909007 0.155729 0.181985
1 0.652083 0.418199 0.016667 0.020221
1 0.631771 0.019301 0.014583 0.038603
