1 0.055729 0.253676 0.016667 0.025735
1 0.154688 0.141544 0.020833 0.034926
1 0.27474 0.373621 0.048438 0.04136
1 0.071354 0.65625 0.0125 0.020221
1 0.115365 0.786305 0.011979 0.026654
1 0.157292 0.951287 0.021875 0.036765
1 0.125781 0.669118 0.013021 0.029412
1 0.188802 0.627757 0.023438 0.023897
1 0.21875 0.659007 0.020833 0.027574
1 0.291406 0.65671 0.018229 0.037684
1 0.298438 0.691636 0.016667 0.019301
1 0.31875 0.882812 0.017708 0.028493
1 0.432031 0.142923 0.015104 0.026654
1 0.507292 0.387408 0.010417 0.017463
1 0.499219 0.431526 0.023438 0.026654
1 0.491406 0.619945 0.041146 0.048713
1 0.439844 0.612132 0.021354 0.027574
1 0.688802 0.018382 0.026562 0.03125
1 0.690885 0.45864 0.018229 0.025735
1 0.897135 0.147978 0.027604 0.051471
1 0.884896 0.210018 0.023958 0.035846
1 0.879167 0.502298 0.017708 0.034007
1 0.913281 0.485294 0.043229 0.056985
1 0.972396 0.543199 0.015625 0.025735
1 0.923698 0.678309 0.022396 0.040441
1 0.819531 0.951746 0.013021 0.034007
1 0.358594 0.745864 0.052604 0.142463
1 0.410677 0.587776 0.026562 0.068934
1 0.383854 0.482537 0.022917 0.056985
1 0.441927 0.388787 0.019271 0.047794
1 0.280729 0.92739 0.020833 0.040441
1 0.542969 0.461857 0.036979 0.063419
1 0.482812 0.470588 0.03125 0.060662
1 0.451823 0.536765 0.057812 0.113971
1 0.607552 0.297335 0.055729 0.107537
