1 0.298177 0.80239 0.014062 0.018382
1 0.326823 0.767463 0.008854 0.018382
1 0.35026 0.534926 0.013021 0.027574
1 0.366667 0.588235 0.011458 0.025735
1 0.38099 0.591452 0.011979 0.024816
1 0.38724 0.556526 0.015104 0.019301
1 0.503125 0.255974 0.013542 0.022978
1 0.695052 0.147518 0.005729 0.024816
1 0.69375 0.01057 0.0125 0.019301
1 0.440625 0.417739 0.065625 0.11489
1 0.559115 0.24954 0.048438 0.078125
1 0.310938 0.735294 0.019792 0.042279
1 0.041146 0.224265 0.026042 0.012868
1 0.014583 0.914522 0.010417 0.040441
1 0.195573 0.53079 0.018229 0.048713
1 0.158073 0.658548 0.008854 0.022978
1 0.850521 0.530331 0.010417 0.055147
