1 0.395312 0.992647 0.011458 0.014706
1 0.473438 0.972426 0.0375 0.055147
1 0.665104 0.912224 0.015625 0.028493
1 0.314323 0.852022 0.019271 0.03125
1 0.286719 0.804228 0.021354 0.036765
1 0.594792 0.768842 0.011458 0.037684
1 0.544271 0.661765 0.032292 0.055147
1 0.524479 0.598805 0.015625 0.019301
1 0.507812 0.590993 0.016667 0.036765
1 0.492969 0.573989 0.019271 0.04136
1 0.471094 0.556066 0.024479 0.056985
1 0.466667 0.482537 0.013542 0.042279
1 0.45625 0.439798 0.009375 0.017463
1 0.413542 0.370404 0.008333 0.023897
1 0.952083 0.295496 0.015625 0.01011
1 0.405469 0.319393 0.048438 0.070772
1 0.398698 0.258732 0.022396 0.032169
1 0.388281 0.22932 0.036979 0.035846
1 0.367448 0.191636 0.018229 0.046875
1 0.348958 0.184283 0.029167 0.059743
1 0.349219 0.150735 0.018229 0.03125
1 0.348438 0.127757 0.017708 0.038603
1 0.332031 0.126838 0.026562 0.056985
