1 0.042188 0.513327 0.011458 0.017463
1 0.227604 0.18796 0.014583 0.022978
1 0.23151 0.519761 0.007812 0.050551
1 0.203906 0.83318 0.022396 0.006434
1 0.460938 0.925551 0.007292 0.022059
1 0.311458 0.726103 0.01875 0.025735
1 0.311198 0.631893 0.025521 0.037684
1 0.351823 0.551011 0.017188 0.032169
1 0.332552 0.40671 0.015104 0.015625
1 0.340365 0.355239 0.025521 0.028493
1 0.868229 0.025735 0.022917 0.027574
1 0.848177 0.122702 0.006771 0.035846
1 0.59974 0.373162 0.015104 0.016544
1 0.754427 0.500919 0.022396 0.009191
1 0.879427 0.30193 0.006771 0.02114
1 0.905208 0.345129 0.009375 0.034007
1 0.917188 0.381434 0.023958 0.036765
1 0.938021 0.310202 0.013542 0.024816
1 0.963542 0.386029 0.015625 0.012868
1 0.991927 0.42739 0.011979 0.040441
1 0.988802 0.523438 0.021354 0.028493
1 0.864844 0.534467 0.014062 0.017463
1 0.911458 0.613051 0.008333 0.023897
1 0.941667 0.607537 0.025 0.014706
1 0.898698 0.717831 0.004688 0.034926
1 0.929427 0.709099 0.023438 0.013787
1 0.922396 0.755974 0.011458 0.011949
1 0.955469 0.757353 0.023438 0.018382
1 0.94349 0.841452 0.033854 0.022978
1 0.993229 0.857996 0.011458 0.019301
1 0.448177 0.159926 0.033854 0.045956
1 0.505729 0.524357 0.036458 0.067096
1 0.513542 0.828125 0.033333 0.069853
1 0.072917 0.944393 0.017708 0.030331
1 0.072135 0.920956 0.006771 0.018382
1 0.023438 0.609375 0.017708 0.009191
1 0.335677 0.309283 0.010938 0.011949
1 0.37526 0.053768 0.013021 0.013787
1 0.926823 0.023897 0.006771 0.020221
1 0.764062 0.517923 0.007292 0.026654
