1 0.225781 0.372702 0.009896 0.026654
1 0.231771 0.386489 0.008333 0.019301
1 0.363542 0.446691 0.00625 0.025735
1 0.45651 0.408088 0.015104 0.029412
1 0.559375 0.441176 0.008333 0.014706
1 0.564844 0.454504 0.007812 0.05239
1 0.776302 0.482537 0.009896 0.025735
1 0.773177 0.493566 0.010938 0.025735
1 0.799219 0.498621 0.025521 0.030331
1 0.860938 0.462316 0.011458 0.012868
1 0.942969 0.50046 0.018229 0.063419
1 0.196094 0.42693 0.013021 0.034007
1 0.394531 0.409007 0.017188 0.022059
1 0.902344 0.503217 0.019271 0.02114
1 0.541667 0.425551 0.014583 0.020221
1 0.324479 0.475643 0.008333 0.030331
1 0.666667 0.462316 0.009375 0.023897
1 0.076823 0.341912 0.014062 0.029412
1 0.765625 0.465074 0.007292 0.023897
1 0.071354 0.330882 0.010417 0.018382
