1 0.091146 0.222426 0.023958 0.051471
1 0.107292 0.235754 0.015625 0.035846
1 0.126562 0.024816 0.007292 0.016544
1 0.399479 0.056066 0.021875 0.038603
1 0.405469 0.185662 0.043229 0.060662
1 0.398438 0.21875 0.016667 0.045956
1 0.551302 0.206801 0.007812 0.023897
1 0.563021 0.231618 0.009375 0.020221
1 0.454688 0.327665 0.0125 0.026654
1 0.371094 0.426011 0.016146 0.024816
1 0.289062 0.355239 0.010417 0.02114
1 0.209896 0.331801 0.020833 0.034926
1 0.077344 0.335018 0.008854 0.015625
1 0.125781 0.463695 0.008854 0.026654
1 0.200781 0.550551 0.007812 0.020221
1 0.206771 0.601103 0.011458 0.023897
1 0.261458 0.537224 0.026042 0.081801
1 0.269271 0.455423 0.020833 0.059743
1 0.289583 0.564338 0.021875 0.033088
1 0.319531 0.509191 0.015104 0.038603
1 0.454427 0.642004 0.011979 0.030331
1 0.388021 0.706342 0.0125 0.011949
1 0.033854 0.819393 0.067708 0.162684
1 0.146875 0.948989 0.015625 0.01011
1 0.292708 0.862592 0.013542 0.043199
1 0.773438 0.590993 0.040625 0.055147
1 0.75026 0.341912 0.045312 0.090074
1 0.778646 0.233915 0.017708 0.032169
1 0.648958 0.023438 0.0125 0.01011
1 0.736458 0.028493 0.025 0.029412
1 0.841927 0.085478 0.008854 0.022059
1 0.921875 0.31296 0.030208 0.034007
1 0.99375 0.250919 0.0125 0.020221
1 0.990625 0.432445 0.01875 0.04136
1 0.860156 0.80239 0.026562 0.053309
1 0.826562 0.432445 0.013542 0.019301
1 0.451823 0.482996 0.081771 0.168199
1 0.176562 0.693474 0.09375 0.125919
1 0.895573 0.116268 0.076562 0.11489
1 0.724479 0.299632 0.052083 0.104779
1 0.990365 0.079963 0.019271 0.0625
1 0.434115 0.830882 0.013021 0.014706
