1 0.46224 0.310202 0.151562 0.236213
1 0.563281 0.618107 0.101562 0.230699
1 0.696875 0.92739 0.09375 0.145221
1 0.489844 0.956801 0.032812 0.086397
1 0.41276 0.860754 0.009896 0.02114
1 0.311198 0.750919 0.008854 0.016544
1 0.40026 0.441176 0.011979 0.022059
1 0.976302 0.209559 0.042188 0.073529
1 0.121875 0.141544 0.01875 0.0625
1 0.605469 0.660386 0.024479 0.048713
1 0.830729 0.651654 0.013542 0.023897
1 0.494792 0.073529 0.013542 0.022059
1 0.645312 0.8125 0.038542 0.09375
1 0.608333 0.842831 0.070833 0.216912
