1 0.928646 0.840074 0.023958 0.044118
1 0.698438 0.122702 0.013542 0.017463
1 0.470573 0.632812 0.059896 0.081801
1 0.391146 0.272059 0.034375 0.053309
1 0.041667 0.085018 0.044792 0.096507
1 0.356771 0.150735 0.034375 0.060662
1 0.446615 0.432445 0.019271 0.037684
1 0.461979 0.55239 0.020833 0.033088
1 0.416406 0.366728 0.018229 0.033088
1 0.485938 0.514246 0.015625 0.037684
1 0.627604 0.943474 0.014583 0.032169
1 0.523958 0.692096 0.015625 0.027574
1 0.472917 0.685662 0.0125 0.022059
1 0.596094 0.85432 0.009896 0.030331
1 0.339583 0.119026 0.014583 0.015625
1 0.044792 0.409467 0.0125 0.028493
1 0.034635 0.45864 0.015104 0.018382
1 0.509635 0.796415 0.015104 0.022978
1 0.451042 0.596967 0.019792 0.030331
1 0.479427 0.584559 0.023438 0.042279
1 0.74349 0.592831 0.013021 0.011029
