1 0.427344 0.794118 0.158854 0.222426
1 0.023177 0.577206 0.046354 0.097426
1 0.085417 0.607996 0.084375 0.19761
1 0.367448 0.390625 0.036979 0.106618
1 0.316406 0.347886 0.011979 0.024816
1 0.686719 0.342371 0.056771 0.078125
1 0.445573 0.244026 0.008854 0.017463
1 0.479688 0.378217 0.157292 0.287684
1 0.184375 0.222426 0.040625 0.095588
1 0.252604 0.142463 0.094792 0.137868
1 0.898438 0.116728 0.069792 0.189338
1 0.982292 0.016085 0.030208 0.032169
1 0.826823 0.110754 0.096354 0.221507
1 0.446354 0.109375 0.283333 0.21875
