1 0.033854 0.080882 0.032292 0.020221
1 0.049479 0.168658 0.05 0.081801
1 0.028646 0.692555 0.034375 0.034007
1 0.064844 0.850643 0.016146 0.04136
1 0.126562 0.690717 0.038542 0.046875
1 0.161458 0.658088 0.032292 0.011029
1 0.138281 0.588695 0.007812 0.034007
1 0.129427 0.552849 0.039062 0.028493
1 0.45599 0.215993 0.017188 0.023897
1 0.477865 0.231618 0.024479 0.023897
1 0.488281 0.84375 0.023438 0.018382
1 0.721615 0.896599 0.014062 0.015625
1 0.77474 0.637408 0.018229 0.028493
1 0.929948 0.870864 0.020312 0.035846
1 0.894792 0.413603 0.025 0.056985
1 0.920312 0.307904 0.011458 0.022059
1 0.511979 0.445772 0.075 0.148897
1 0.077604 0.55239 0.008333 0.020221
1 0.617708 0.091452 0.007292 0.026654
1 0.696094 0.447151 0.009896 0.022978
1 0.972917 0.512868 0.0125 0.012868
