1 0.851823 0.944853 0.023438 0.09375
1 0.87474 0.886949 0.015104 0.018382
1 0.276302 0.873162 0.005729 0.025735
1 0.2875 0.863051 0.010417 0.012868
1 0.336458 0.809283 0.035417 0.098346
1 0.373438 0.734835 0.010417 0.017463
1 0.811719 0.680607 0.019271 0.028493
1 0.390104 0.662684 0.007292 0.038603
1 0.534115 0.626838 0.014062 0.03125
1 0.560156 0.648897 0.040104 0.106618
1 0.397135 0.716452 0.060938 0.250919
1 0.636458 0.627298 0.041667 0.087316
1 0.459635 0.591452 0.016146 0.030331
1 0.775781 0.587776 0.028646 0.039522
1 0.253646 0.555147 0.026042 0.034926
1 0.403646 0.540441 0.01875 0.033088
1 0.672135 0.523897 0.044271 0.071691
1 0.282552 0.572151 0.120312 0.168199
1 0.022135 0.484375 0.010938 0.016544
1 0.332552 0.58364 0.114062 0.220588
1 0.809635 0.501379 0.034896 0.07261
1 0.752604 0.539062 0.033333 0.153493
1 0.230469 0.488511 0.022396 0.063419
1 0.048438 0.466452 0.011458 0.022978
1 0.530729 0.399357 0.058333 0.08364
1 0.720052 0.365809 0.035938 0.102941
1 0.204948 0.292279 0.020312 0.033088
1 0.327083 0.369485 0.226042 0.277574
1 0.15026 0.231618 0.016146 0.045956
1 0.774479 0.195312 0.045833 0.13511
1 0.308594 0.138787 0.020312 0.034926
1 0.065885 0.140625 0.028646 0.099265
1 0.070573 0.014706 0.011979 0.012868
1 0.570573 0.094669 0.149479 0.189338
1 0.465365 0.098805 0.113021 0.19761
1 0.734896 0.882353 0.184375 0.235294
1 0.745573 0.703125 0.013021 0.023897
1 0.378646 0.954044 0.014583 0.027574
1 0.705208 0.628676 0.015625 0.012868
1 0.885156 0.5 0.229688 1.0
1 0.986719 0.623621 0.026562 0.05239
1 0.979427 0.45818 0.011979 0.024816
1 0.975521 0.421875 0.015625 0.023897
1 0.532812 0.452665 0.011458 0.030331
1 0.54974 0.459559 0.010938 0.033088
