1 0.077865 0.160846 0.026562 0.036765
1 0.096875 0.157169 0.021875 0.033088
1 0.096094 0.199908 0.008854 0.019301
1 0.120052 0.211397 0.010938 0.038603
1 0.122917 0.198529 0.022917 0.036765
1 0.171615 0.227941 0.022396 0.034926
1 0.24974 0.267004 0.029688 0.07261
1 0.467708 0.515625 0.0375 0.064338
1 0.779948 0.77114 0.034896 0.068015
1 0.540625 0.545956 0.019792 0.012868
1 0.732292 0.731158 0.020833 0.056066
1 0.21276 0.242647 0.032812 0.033088
1 0.677083 0.682445 0.020833 0.043199
1 0.858333 0.838235 0.019792 0.042279
1 0.051823 0.183824 0.018229 0.042279
1 0.363542 0.390625 0.01875 0.034926
1 0.959375 0.953585 0.013542 0.045037
1 0.033594 0.117188 0.022396 0.022978
1 0.183333 0.258272 0.011458 0.045956
1 0.605729 0.602482 0.010417 0.056066
1 0.158854 0.190257 0.027083 0.045956
1 0.600521 0.86443 0.019792 0.028493
