1 0.660417 0.602022 0.076042 0.136029
1 0.645052 0.569853 0.020312 0.025735
1 0.67526 0.359835 0.016146 0.034007
1 0.660938 0.323989 0.019792 0.011949
1 0.553646 0.212776 0.003125 0.043199
1 0.464323 0.082721 0.005729 0.051471
1 0.486458 0.363511 0.008333 0.059743
1 0.291406 0.097886 0.038021 0.022978
1 0.232552 0.528033 0.015104 0.039522
1 0.026823 0.641085 0.026562 0.028493
1 0.241146 0.80193 0.017708 0.048713
1 0.767448 0.377298 0.023438 0.028493
1 0.85599 0.570772 0.023438 0.029412
1 0.526562 0.487592 0.026042 0.054228
1 0.472656 0.529871 0.068229 0.089154
1 0.548958 0.572151 0.073958 0.105699
1 0.095052 0.585018 0.015104 0.034007
1 0.164844 0.838235 0.013021 0.016544
1 0.272656 0.819853 0.022396 0.016544
1 0.510677 0.990349 0.011979 0.019301
1 0.576562 0.975184 0.019792 0.016544
1 0.62526 0.886949 0.016146 0.014706
1 0.847135 0.986673 0.008854 0.026654
1 0.815104 0.873162 0.007292 0.033088
1 0.738021 0.802849 0.025 0.030331
1 0.756771 0.73943 0.0125 0.037684
1 0.960156 0.701287 0.053646 0.051471
1 0.839062 0.136949 0.022917 0.016544
1 0.788281 0.404871 0.007812 0.022978
1 0.367448 0.391544 0.015104 0.022059
1 0.372917 0.482077 0.005208 0.034007
1 0.392448 0.573989 0.009896 0.034007
1 0.360417 0.544118 0.005208 0.033088
