1 0.605729 0.230239 0.011458 0.037684
1 0.757552 0.259191 0.024479 0.018382
1 0.085417 0.028033 0.036458 0.056066
1 0.117188 0.017004 0.032292 0.030331
1 0.188021 0.186581 0.015625 0.036765
1 0.207292 0.142004 0.032292 0.045037
1 0.229427 0.188879 0.036979 0.092831
1 0.270312 0.182904 0.036458 0.071691
1 0.322135 0.257812 0.019271 0.028493
1 0.304167 0.278033 0.021875 0.026654
1 0.328125 0.29182 0.026042 0.045037
1 0.386979 0.251838 0.014583 0.025735
1 0.338802 0.332721 0.017188 0.016544
1 0.37526 0.327206 0.028646 0.073529
1 0.365104 0.40579 0.028125 0.054228
1 0.388542 0.372702 0.023958 0.039522
1 0.415104 0.409926 0.038542 0.064338
1 0.452344 0.465533 0.053646 0.07261
1 0.50625 0.546415 0.035417 0.08364
1 0.498438 0.605239 0.013542 0.024816
1 0.534635 0.584099 0.036979 0.059743
1 0.534375 0.709099 0.014583 0.026654
1 0.589323 0.639706 0.014062 0.036765
1 0.581771 0.675092 0.015625 0.035846
1 0.629427 0.703585 0.048438 0.063419
1 0.652865 0.731618 0.046354 0.075368
1 0.769271 0.852482 0.011458 0.022978
1 0.850521 0.925551 0.01875 0.042279
1 0.890365 0.982537 0.016146 0.033088
1 0.797135 0.914062 0.031771 0.076287
1 0.127083 0.08364 0.038542 0.056985
1 0.728646 0.792279 0.034375 0.056985
1 0.172135 0.09421 0.034896 0.043199
1 0.761979 0.473346 0.017708 0.027574
1 0.111198 0.782169 0.008854 0.03125
1 0.254427 0.754596 0.034896 0.038603
1 0.920833 0.043199 0.022917 0.025735
