1 0.06224 0.216912 0.019271 0.029412
1 0.136979 0.279871 0.016667 0.030331
1 0.310677 0.44761 0.011979 0.020221
1 0.31849 0.494945 0.010938 0.034007
1 0.36276 0.524357 0.013021 0.019301
1 0.411979 0.526195 0.030208 0.030331
1 0.494531 0.488511 0.009896 0.028493
1 0.490625 0.53171 0.011458 0.030331
1 0.503646 0.862132 0.01875 0.018382
1 0.95651 0.840993 0.017188 0.025735
0 0.717969 0.707721 0.095312 0.104779
0 0.611979 0.561121 0.046875 0.171875
0 0.027344 0.1875 0.054688 0.119485
0 0.921875 0.758272 0.102083 0.154412
0 0.173698 0.235294 0.061979 0.126838
0 0.376562 0.422794 0.021875 0.136029
