1 0.073958 0.201746 0.011458 0.011949
1 0.163021 0.29182 0.033333 0.063419
1 0.252344 0.066176 0.008854 0.016544
1 0.258854 0.13557 0.010417 0.017463
1 0.344531 0.255515 0.020312 0.029412
1 0.411719 0.238511 0.011979 0.011949
1 0.391146 0.325827 0.019792 0.039522
1 0.464844 0.408088 0.009896 0.014706
1 0.558073 0.210478 0.011979 0.020221
1 0.621354 0.305607 0.009375 0.019301
1 0.458854 0.532629 0.009375 0.015625
1 0.428646 0.60386 0.021875 0.038603
1 0.632552 0.738971 0.008854 0.016544
1 0.628385 0.962776 0.016146 0.034007
1 0.851302 0.57307 0.027604 0.043199
1 0.801562 0.375919 0.028125 0.045956
1 0.834896 0.352941 0.015625 0.023897
1 0.765885 0.295956 0.016146 0.044118
1 0.196875 0.742188 0.021875 0.04136
1 0.105469 0.563879 0.010938 0.015625
1 0.045052 0.502757 0.007812 0.018382
1 0.211719 0.899816 0.026562 0.068015
1 0.970833 0.525276 0.016667 0.045037
1 0.805729 0.105699 0.01875 0.051471
1 0.818229 0.064798 0.042708 0.057904
1 0.005469 0.451746 0.010938 0.017463
1 0.003906 0.310202 0.007812 0.028493
1 0.144792 0.527574 0.010417 0.012868
1 0.040885 0.671875 0.009896 0.014706
1 0.202865 0.849724 0.010938 0.019301
1 0.448958 0.992647 0.01875 0.014706
1 0.911719 0.076746 0.017188 0.026654
1 0.929427 0.08318 0.038021 0.054228
1 0.974219 0.769761 0.011979 0.022978
1 0.995573 0.797335 0.008854 0.015625
1 0.070573 0.459099 0.039062 0.065257
1 0.484375 0.586397 0.036458 0.066176
1 0.753125 0.624081 0.038542 0.060662
1 0.422656 0.393382 0.034896 0.051471
1 0.621875 0.459559 0.030208 0.056985
1 0.785938 0.415901 0.025 0.059743
1 0.03151 0.113051 0.025521 0.047794
1 0.392188 0.413603 0.023958 0.047794
1 0.286719 0.17693 0.025521 0.04136
1 0.01276 0.265165 0.025521 0.04136
1 0.607812 0.040901 0.023958 0.043199
1 0.071875 0.238051 0.029167 0.040441
1 0.223958 0.047335 0.027083 0.037684
