1 0.014583 0.980699 0.022917 0.038603
1 0.019271 0.942555 0.019792 0.028493
1 0.095312 0.90579 0.009375 0.024816
1 0.183073 0.94761 0.029688 0.047794
1 0.249219 0.774816 0.007812 0.020221
1 0.288542 0.830882 0.028125 0.045956
1 0.324219 0.777574 0.018229 0.022059
1 0.357031 0.480699 0.008854 0.025735
1 0.327344 0.434743 0.008854 0.016544
1 0.35026 0.413603 0.033854 0.069853
1 0.448698 0.652114 0.007812 0.02114
1 0.640104 0.404412 0.014583 0.022059
1 0.760677 0.254136 0.010938 0.039522
0 0.572917 0.429688 0.115625 0.092831
0 0.107031 0.902114 0.119271 0.100184
1 0.176823 0.425551 0.005729 0.023897
1 0.44349 0.147978 0.018229 0.022059
1 0.594792 0.197151 0.015625 0.01011
