1 0.685677 0.967371 0.023438 0.037684
1 0.646875 0.905331 0.021875 0.044118
1 0.614844 0.826287 0.024479 0.029412
1 0.546094 0.65671 0.023438 0.032169
1 0.516927 0.643842 0.009896 0.019301
1 0.599219 0.574908 0.023438 0.04136
1 0.486458 0.598346 0.05 0.102941
1 0.631771 0.504136 0.030208 0.030331
1 0.434635 0.471507 0.044271 0.088235
1 0.392188 0.41682 0.020833 0.050551
1 0.809375 0.407169 0.048958 0.075368
1 0.690104 0.342831 0.01875 0.040441
1 0.275781 0.288143 0.009896 0.034007
1 0.245052 0.238051 0.017188 0.053309
1 0.322656 0.12546 0.016146 0.030331
1 0.215365 0.126838 0.044271 0.099265
1 0.433333 0.11489 0.038542 0.084559
1 0.436458 0.060662 0.004167 0.033088
1 0.173177 0.06296 0.035938 0.063419
1 0.295833 0.067555 0.084375 0.13511
1 0.18151 0.017004 0.017188 0.034007
1 0.16875 0.006893 0.0125 0.013787
1 0.98724 0.039522 0.025521 0.079044
1 0.38125 0.977941 0.020833 0.044118
1 0.963542 0.009191 0.011458 0.018382
1 0.33099 0.165901 0.011979 0.034007
1 0.23125 0.1875 0.009375 0.020221
