1 0.195573 0.109375 0.014062 0.036765
1 0.082292 0.775735 0.063542 0.0625
1 0.278385 0.457721 0.010938 0.023897
1 0.221875 0.761949 0.020833 0.012868
1 0.47526 0.729779 0.017188 0.029412
1 0.488021 0.529412 0.023958 0.084559
1 0.49375 0.409007 0.022917 0.047794
1 0.541667 0.480699 0.022917 0.068015
1 0.646354 0.657169 0.0125 0.034926
1 0.851562 0.284467 0.022917 0.067096
1 0.888281 0.301471 0.063021 0.125
1 0.948698 0.294577 0.017188 0.061581
1 0.976042 0.249081 0.026042 0.101103
1 0.384115 0.526654 0.063021 0.055147
1 0.075521 0.507812 0.013542 0.017463
1 0.226042 0.738051 0.014583 0.020221
1 0.707031 0.49954 0.008854 0.017463
1 0.846875 0.65579 0.013542 0.013787
1 0.989844 0.826287 0.017188 0.022059
1 0.822396 0.920496 0.008333 0.017463
