1 0.685156 0.782629 0.020312 0.030331
1 0.636458 0.761949 0.009375 0.018382
1 0.765104 0.757353 0.007292 0.020221
1 0.621615 0.740809 0.028646 0.0625
1 0.200521 0.726103 0.03125 0.058824
1 0.448958 0.710478 0.016667 0.042279
1 0.041667 0.660386 0.040625 0.05239
1 0.297917 0.63557 0.011458 0.019301
1 0.383073 0.552849 0.010938 0.015625
1 0.194271 0.433824 0.010417 0.014706
1 0.332031 0.428309 0.018229 0.020221
1 0.518229 0.420037 0.008333 0.022059
1 0.355208 0.414982 0.042708 0.04136
1 0.233073 0.380974 0.010938 0.019301
1 0.194531 0.342371 0.022396 0.087316
1 0.972135 0.256434 0.008854 0.016544
1 0.783073 0.168658 0.010938 0.017463
1 0.961458 0.547335 0.075 0.107537
1 0.969792 0.815717 0.060417 0.087316
1 0.964062 0.875 0.071875 0.056985
1 0.952865 0.965993 0.094271 0.068015
1 0.996875 0.986673 0.00625 0.026654
