1 0.796615 0.725643 0.042188 0.098346
1 0.866406 0.825368 0.044271 0.082721
1 0.495052 0.45864 0.036979 0.086397
1 0.184635 0.131893 0.039062 0.07261
1 0.217188 0.201746 0.028125 0.043199
1 0.310156 0.244945 0.025521 0.063419
1 0.353385 0.321691 0.038021 0.068015
1 0.698177 0.601103 0.050521 0.084559
1 0.717708 0.676011 0.061458 0.10386
1 0.265104 0.253676 0.057292 0.071691
1 0.065885 0.015625 0.011979 0.025735
1 0.398438 0.413143 0.010417 0.013787
1 0.48099 0.824449 0.024479 0.033088
1 0.945573 0.971507 0.030729 0.040441
