1 0.123177 0.991728 0.018229 0.016544
1 0.196875 0.980239 0.010417 0.015625
1 0.474219 0.977482 0.007812 0.02114
1 0.639583 0.972886 0.0125 0.02114
1 0.039062 0.977482 0.017708 0.045037
1 0.533594 0.965074 0.017188 0.040441
1 0.207292 0.952206 0.014583 0.03125
1 0.217448 0.941176 0.009896 0.033088
1 0.188542 0.93796 0.0125 0.028493
1 0.510156 0.940257 0.015104 0.038603
1 0.494271 0.934283 0.014583 0.030331
1 0.585156 0.930147 0.009896 0.027574
1 0.268229 0.923713 0.016667 0.022059
1 0.445312 0.938879 0.022917 0.054228
1 0.050521 0.915441 0.008333 0.020221
1 0.01276 0.898438 0.007812 0.024816
1 0.557031 0.904412 0.014062 0.040441
1 0.536979 0.886489 0.009375 0.022978
1 0.523438 0.867188 0.03125 0.034007
1 0.479427 0.850643 0.016146 0.028493
1 0.458854 0.840993 0.008333 0.020221
1 0.326823 0.835478 0.014062 0.022059
1 0.146615 0.834559 0.014062 0.038603
1 0.503906 0.818474 0.008854 0.015625
1 0.06224 0.821691 0.009896 0.029412
1 0.183594 0.821691 0.011979 0.036765
1 0.315625 0.817096 0.010417 0.027574
1 0.540885 0.827665 0.075521 0.05239
1 0.489323 0.796415 0.007812 0.015625
1 0.407031 0.799632 0.011979 0.025735
1 0.526042 0.792279 0.013542 0.018382
1 0.051302 0.78079 0.010938 0.017463
1 0.57474 0.787224 0.026562 0.04136
1 0.501042 0.769301 0.009375 0.012868
1 0.260417 0.746324 0.0125 0.018382
1 0.488542 0.745404 0.010417 0.023897
1 0.558594 0.748162 0.015104 0.033088
1 0.518229 0.740809 0.008333 0.025735
1 0.475781 0.703585 0.016146 0.035846
1 0.183073 0.657169 0.008854 0.020221
1 0.238542 0.638327 0.019792 0.04136
1 0.122135 0.618566 0.015104 0.023897
1 0.344271 0.620404 0.013542 0.036765
1 0.060156 0.57307 0.009896 0.02114
1 0.292969 0.554228 0.022396 0.038603
1 0.660417 0.539522 0.014583 0.025735
1 0.311198 0.533548 0.015104 0.035846
1 0.407292 0.605699 0.035417 0.25
1 0.1 0.438879 0.011458 0.024816
1 0.135938 0.440717 0.0125 0.035846
1 0.133594 0.394301 0.013021 0.020221
1 0.390625 0.378676 0.014583 0.045956
1 0.46276 0.351103 0.099479 0.115809
1 0.917969 0.209099 0.014062 0.030331
1 0.136719 0.18796 0.011979 0.032169
1 0.959635 0.201746 0.006771 0.065257
1 0.826562 0.164062 0.013542 0.032169
1 0.85 0.108915 0.007292 0.039522
1 0.749479 0.074449 0.00625 0.064338
1 0.188281 0.016544 0.008854 0.016544
