1 0.413542 0.907629 0.040625 0.059743
1 0.408073 0.96829 0.014062 0.035846
0 0.028385 0.095129 0.056771 0.190257
0 0.028385 0.268842 0.056771 0.098346
1 0.294531 0.027574 0.043229 0.055147
1 0.339844 0.006434 0.024479 0.012868
1 0.803906 0.831801 0.022396 0.034926
1 0.944792 0.761949 0.017708 0.03125
1 0.611979 0.669577 0.029167 0.061581
0 0.87526 0.402574 0.249479 0.305147
0 0.4875 0.244945 0.228125 0.35386
0 0.68151 0.407169 0.071354 0.481618
1 0.147917 0.53079 0.032292 0.026654
0 0.261458 0.403952 0.158333 0.421875
0 0.06849 0.320772 0.136979 0.481618
1 0.35 0.17739 0.04375 0.075368
1 0.654948 0.592831 0.027604 0.079044
1 0.196615 0.944393 0.026562 0.04136
1 0.84974 0.807904 0.039062 0.051471
1 0.449219 0.950827 0.078646 0.098346
