1 0.608854 0.943015 0.0875 0.104779
1 0.430729 0.920956 0.082292 0.101103
1 0.13151 0.69761 0.039062 0.03125
1 0.078125 0.734375 0.14375 0.207721
1 0.202865 0.480699 0.009896 0.027574
1 0.467448 0.519761 0.257812 0.33364
1 0.364844 0.268382 0.024479 0.036765
1 0.588802 0.338695 0.110938 0.188419
1 0.209896 0.193015 0.009375 0.014706
1 0.23099 0.17739 0.030729 0.027574
1 0.725 0.269301 0.082292 0.224265
1 0.210417 0.121324 0.014583 0.016544
1 0.23151 0.170956 0.021354 0.033088
1 0.114583 0.738051 0.225 0.227941
