1 0.816667 0.986213 0.032292 0.027574
1 0.288281 0.876379 0.028646 0.039522
1 0.342448 0.869485 0.060938 0.080882
1 0.858594 0.901195 0.133854 0.19761
1 0.611719 0.805147 0.011979 0.03125
1 0.925781 0.787684 0.024479 0.044118
1 0.092188 0.741728 0.016667 0.025735
1 0.975781 0.737592 0.013021 0.032169
1 0.529427 0.741728 0.030729 0.045956
1 0.616406 0.649816 0.018229 0.042279
1 0.266146 0.641544 0.017708 0.034926
1 0.01849 0.518842 0.027604 0.057904
1 0.507031 0.5 0.068229 0.106618
1 0.748958 0.462316 0.01875 0.040441
1 0.055469 0.449908 0.019271 0.035846
1 0.984375 0.434743 0.03125 0.044118
1 0.638281 0.409467 0.011979 0.02114
1 0.258333 0.360294 0.036458 0.049632
1 0.214583 0.351103 0.00625 0.042279
1 0.007031 0.35386 0.014062 0.049632
1 0.299219 0.336857 0.019271 0.037684
1 0.595312 0.287224 0.041667 0.026654
1 0.34401 0.278033 0.085938 0.17739
1 0.240104 0.169118 0.138542 0.204044
1 0.573698 0.027114 0.011979 0.028493
