1 0.544792 0.674173 0.03125 0.050551
1 0.550781 0.63557 0.033854 0.061581
1 0.38125 0.696232 0.021875 0.037684
1 0.323177 0.766085 0.029688 0.074449
1 0.21901 0.832261 0.036979 0.02114
1 0.13099 0.40671 0.011979 0.022978
1 0.153646 0.082721 0.022917 0.084559
1 0.277083 0.082261 0.022917 0.032169
1 0.342448 0.023438 0.033854 0.046875
1 0.699479 0.116268 0.027083 0.02114
1 0.878385 0.34421 0.008854 0.017463
1 0.774479 0.648897 0.00625 0.022059
1 0.469531 0.471048 0.023438 0.057904
1 0.304688 0.398438 0.019792 0.037684
1 0.34401 0.22886 0.027604 0.051471
1 0.291146 0.125919 0.017708 0.03125
