1 0.004948 0.910846 0.009896 0.042279
1 0.541667 0.720588 0.103125 0.091912
1 0.031771 0.720129 0.063542 0.113051
1 0.338281 0.65671 0.063021 0.079963
1 0.145052 0.569853 0.009896 0.014706
1 0.529948 0.508732 0.008854 0.015625
1 0.848958 0.519301 0.016667 0.040441
1 0.589062 0.573529 0.070833 0.154412
1 0.478125 0.528493 0.1 0.200368
1 0.133333 0.391544 0.044792 0.0625
1 0.534115 0.284926 0.006771 0.020221
1 0.683073 0.329504 0.081771 0.124081
1 0.501042 0.27114 0.013542 0.020221
1 0.557292 0.252298 0.010417 0.022978
1 0.842969 0.23989 0.016146 0.022059
1 0.830729 0.223805 0.030208 0.034007
1 0.14974 0.242188 0.040104 0.087316
1 0.01276 0.231158 0.025521 0.120404
1 0.345052 0.164522 0.006771 0.018382
1 0.478125 0.079044 0.010417 0.016544
1 0.803646 0.090533 0.194792 0.181066
1 0.381771 0.011489 0.029167 0.022978
1 0.346875 0.028952 0.039583 0.057904
1 0.289583 0.035386 0.026042 0.070772
1 0.242708 0.032629 0.034375 0.065257
1 0.034115 0.926471 0.068229 0.147059
1 0.983333 0.056066 0.033333 0.112132
1 0.98724 0.154412 0.025521 0.058824
1 0.644271 0.980699 0.019792 0.038603
