1 0.38724 0.857996 0.047396 0.065257
1 0.559635 0.892923 0.078646 0.054228
1 0.538802 0.873621 0.038021 0.059743
1 0.503906 0.673713 0.068229 0.141544
1 0.490104 0.71829 0.007292 0.056066
1 0.421354 0.612132 0.03125 0.042279
1 0.453906 0.46921 0.034896 0.032169
1 0.476823 0.41682 0.060938 0.122243
1 0.521875 0.411305 0.047917 0.045037
1 0.546094 0.32307 0.018229 0.017463
1 0.411458 0.079504 0.053125 0.07261
1 0.341406 0.11443 0.031771 0.054228
1 0.834896 0.300092 0.029167 0.045037
1 0.872396 0.346967 0.054167 0.068934
1 0.486198 0.012408 0.022396 0.024816
1 0.753906 0.040901 0.017188 0.043199
1 0.532812 0.152574 0.011458 0.029412
1 0.474219 0.653493 0.025521 0.018382
1 0.966146 0.321691 0.067708 0.141544
1 0.982292 0.127757 0.035417 0.099265
1 0.491667 0.970588 0.117708 0.058824
1 0.258333 0.978401 0.036458 0.043199
1 0.519531 0.585018 0.067188 0.056066
1 0.494792 0.241728 0.111458 0.180147
1 0.53724 0.096507 0.039062 0.148897
1 0.530469 0.469669 0.044271 0.038603
1 0.546094 0.676011 0.096354 0.057904
