1 0.395312 0.434743 0.022917 0.045956
1 0.530729 0.484375 0.021875 0.045956
1 0.247917 0.375919 0.023958 0.038603
1 0.567448 0.505055 0.021354 0.037684
1 0.321094 0.36443 0.017188 0.046875
1 0.176042 0.369026 0.016667 0.043199
1 0.878646 0.570772 0.027083 0.027574
1 0.505729 0.485294 0.011458 0.0625
1 0.060156 0.351103 0.025521 0.022059
1 0.591406 0.523438 0.013021 0.039522
1 0.019531 0.267004 0.014062 0.034007
1 0.47474 0.471507 0.010938 0.049632
1 0.530208 0.529871 0.027083 0.019301
1 0.738542 0.585478 0.021875 0.020221
1 0.426562 0.461857 0.008333 0.046875
1 0.994792 0.370864 0.010417 0.026654
