1 0.803385 0.77114 0.013021 0.058824
1 0.829948 0.955882 0.030729 0.03125
1 0.908333 0.73943 0.027083 0.017463
1 0.228646 0.238051 0.021875 0.016544
1 0.170573 0.686121 0.015104 0.017463
1 0.333854 0.732077 0.016667 0.05239
1 0.455208 0.392463 0.032292 0.044118
1 0.422917 0.506434 0.019792 0.053309
1 0.426302 0.565257 0.022396 0.044118
1 0.242448 0.92693 0.021354 0.034007
1 0.465625 0.498621 0.016667 0.028493
1 0.258073 0.896599 0.020312 0.034007
1 0.203646 0.965533 0.035417 0.067096
1 0.236458 0.696691 0.009375 0.027574
1 0.315104 0.865349 0.0125 0.01011
1 0.373698 0.96829 0.007812 0.019301
1 0.329167 0.548713 0.00625 0.020221
1 0.298958 0.400735 0.0375 0.042279
1 0.190885 0.258272 0.016146 0.016544
1 0.276562 0.080882 0.0125 0.025735
1 0.314583 0.201746 0.0125 0.01011
1 0.357292 0.069393 0.010417 0.024816
1 0.533594 0.503676 0.008854 0.020221
1 0.511198 0.568474 0.043229 0.090993
1 0.504687 0.078125 0.020833 0.022059
1 0.809375 0.08318 0.014583 0.028493
1 0.805208 0.046875 0.013542 0.016544
1 0.934375 0.015165 0.019792 0.019301
1 0.92474 0.102941 0.013021 0.012868
1 0.842188 0.250919 0.016667 0.025735
1 0.749219 0.967371 0.006771 0.026654
1 0.575521 0.880974 0.010417 0.02114
1 0.553385 0.914522 0.017188 0.027574
