0 0.285417 0.984835 0.009375 0.030331
1 0.684115 0.955423 0.029688 0.050551
1 0.829948 0.940257 0.011979 0.023897
1 0.479948 0.867188 0.010938 0.028493
1 0.572135 0.847886 0.070312 0.070772
1 0.053906 0.740349 0.008854 0.030331
1 0.660417 0.697151 0.032292 0.032169
1 0.269271 0.685202 0.009375 0.022978
1 0.834635 0.638327 0.011979 0.026654
1 0.190885 0.587316 0.010938 0.023897
1 0.45 0.558364 0.0125 0.02114
1 0.316667 0.544577 0.014583 0.026654
1 0.950781 0.54182 0.025521 0.050551
1 0.126823 0.511489 0.018229 0.050551
1 0.783854 0.476562 0.0125 0.024816
1 0.242969 0.46875 0.018229 0.025735
1 0.078906 0.461397 0.027604 0.055147
0 0.492448 0.474265 0.025521 0.090074
1 0.279167 0.400735 0.009375 0.016544
1 0.444531 0.400735 0.020312 0.034926
1 0.934115 0.389246 0.017188 0.034007
1 0.294271 0.311121 0.0125 0.034007
1 0.324479 0.289062 0.013542 0.030331
1 0.204688 0.290441 0.019792 0.036765
1 0.846354 0.259191 0.0125 0.022059
1 0.245052 0.197151 0.015104 0.030331
1 0.973958 0.19761 0.0125 0.033088
1 0.609635 0.142004 0.010938 0.015625
0 0.632552 0.173713 0.067188 0.123162
1 0.354688 0.032169 0.010417 0.022059
1 0.954167 0.038143 0.016667 0.039522
1 0.222396 0.043658 0.025 0.056066
