0 0.510938 0.491728 0.103125 0.191176
1 0.026042 0.068015 0.005208 0.036765
1 0.180208 0.369945 0.025 0.008272
1 0.320573 0.099724 0.021354 0.028493
1 0.320312 0.056526 0.020833 0.01011
1 0.273698 0.363511 0.015104 0.022978
1 0.233854 0.47932 0.005208 0.028493
1 0.352344 0.82261 0.019271 0.033088
1 0.388281 0.51057 0.021354 0.011949
1 0.370573 0.298254 0.015104 0.019301
1 0.352083 0.262408 0.009375 0.015625
1 0.58776 0.179228 0.031771 0.020221
1 0.678385 0.221967 0.005729 0.035846
1 0.752083 0.182904 0.010417 0.018382
1 0.81875 0.15625 0.010417 0.033088
1 0.858594 0.246783 0.013021 0.035846
1 0.945312 0.290441 0.005208 0.034926
1 0.983594 0.538603 0.025521 0.018382
1 0.938542 0.882353 0.0125 0.033088
1 0.92526 0.914062 0.028646 0.028493
1 0.884115 0.702665 0.027604 0.030331
1 0.722917 0.470129 0.00625 0.043199
1 0.722656 0.979779 0.005729 0.040441
1 0.603125 0.723346 0.007292 0.045956
1 0.496354 0.732077 0.0125 0.028493
1 0.529167 0.57307 0.014583 0.013787
1 0.613542 0.609375 0.022917 0.016544
1 0.576302 0.52114 0.042188 0.0625
