0 0.047135 0.363511 0.014062 0.02114
1 0.188802 0.435662 0.019271 0.029412
0 0.30599 0.423713 0.026562 0.03125
1 0.408594 0.363511 0.022396 0.037684
1 0.533073 0.244485 0.025521 0.034926
1 0.56875 0.495864 0.011458 0.02114
1 0.572656 0.513787 0.009896 0.012868
0 0.582812 0.419577 0.010417 0.02114
1 0.490104 0.589154 0.009375 0.014706
1 0.56276 0.693934 0.059896 0.091912
0 0.823438 0.52068 0.00625 0.022978
0 0.166927 0.341452 0.069271 0.136949
0 0.534375 0.457721 0.114583 0.101103
1 0.151562 0.913603 0.010417 0.033088
1 0.310417 0.88557 0.0125 0.035846
1 0.726302 0.299173 0.022396 0.008272
1 0.839323 0.123162 0.008854 0.014706
1 0.746615 0.715074 0.015104 0.009191
1 0.786979 0.629136 0.020833 0.037684
0 0.98776 0.522059 0.024479 0.022059
1 0.884635 0.618566 0.007812 0.016544
1 0.982292 0.71875 0.017708 0.014706
1 0.930729 0.841452 0.016667 0.032169
