1 0.252083 0.435202 0.015625 0.026654
1 0.308333 0.301471 0.061458 0.0625
1 0.41224 0.098346 0.033854 0.033088
1 0.573958 0.233456 0.041667 0.03125
1 0.753385 0.171415 0.036979 0.065257
1 0.963542 0.777574 0.014583 0.027574
0 0.882552 0.787224 0.066146 0.102022
1 0.95651 0.967371 0.014062 0.02114
0 0.482292 0.429228 0.171875 0.277574
0 0.776823 0.650276 0.173438 0.329963
0 0.046615 0.037684 0.093229 0.075368
0 0.146615 0.160386 0.152604 0.320772
1 0.007031 0.267004 0.010938 0.022978
1 0.536458 0.033548 0.047917 0.067096
1 0.85651 0.329504 0.013021 0.022978
