1 0.913281 0.984835 0.009896 0.02114
1 0.776562 0.967831 0.0125 0.020221
1 0.056771 0.974265 0.021875 0.040441
1 0.066667 0.911305 0.008333 0.068934
1 0.397135 0.893382 0.023438 0.042279
1 0.425 0.730699 0.013542 0.023897
1 0.466927 0.725643 0.013021 0.019301
1 0.77474 0.740809 0.024479 0.068015
1 0.894271 0.681526 0.011458 0.024816
1 0.016406 0.703125 0.032812 0.115809
1 0.761979 0.617188 0.051042 0.067096
1 0.010677 0.551471 0.021354 0.055147
1 0.298698 0.446232 0.080729 0.107537
1 0.555208 0.429688 0.291667 0.473346
1 0.023698 0.153033 0.047396 0.195772
1 0.683854 0.009651 0.011458 0.019301
1 0.601302 0.056066 0.072396 0.112132
1 0.119271 0.131434 0.104167 0.262868
1 0.009896 0.009651 0.019792 0.019301
1 0.872396 0.5 0.255208 1.0
1 0.305469 0.85432 0.168229 0.29136
1 0.994271 0.020221 0.011458 0.040441
1 0.807552 0.993566 0.045312 0.012868
