1 0.783333 0.973346 0.039583 0.053309
1 0.398177 0.873162 0.009896 0.023897
1 0.978646 0.917739 0.042708 0.164522
1 0.651823 0.815717 0.019271 0.030331
1 0.511458 0.755055 0.01875 0.037684
1 0.505208 0.679228 0.013542 0.023897
1 0.549479 0.616268 0.009375 0.032169
1 0.415625 0.607077 0.011458 0.026654
1 0.486458 0.592371 0.019792 0.039522
1 0.493229 0.543199 0.00625 0.025735
1 0.482552 0.546415 0.009896 0.045037
1 0.39401 0.53125 0.013021 0.027574
1 0.323438 0.53171 0.016667 0.032169
1 0.347656 0.517463 0.014062 0.027574
1 0.479167 0.506434 0.014583 0.027574
1 0.628385 0.482537 0.008854 0.022059
1 0.342708 0.486213 0.023958 0.051471
1 0.33125 0.426011 0.008333 0.030331
1 0.298177 0.403033 0.026562 0.046875
1 0.255469 0.390165 0.021354 0.04136
1 0.064062 0.271599 0.028125 0.037684
1 0.035938 0.250919 0.008333 0.020221
1 0.178646 0.25 0.0125 0.045956
1 0.076823 0.196691 0.009896 0.018382
1 0.144271 0.194393 0.021875 0.032169
1 0.00651 0.186581 0.011979 0.018382
1 0.020052 0.190717 0.020312 0.039522
1 0.14974 0.15671 0.017188 0.028493
1 0.879167 0.266544 0.241667 0.284926
1 0.763802 0.053309 0.052604 0.106618
1 0.508073 0.289982 0.051562 0.579963
1 0.294792 0.053309 0.121875 0.106618
