1 0.022917 0.016085 0.045833 0.032169
1 0.26276 0.038143 0.132812 0.076287
1 0.036979 0.117647 0.021875 0.047794
1 0.042708 0.044118 0.027083 0.016544
1 0.211458 0.191636 0.008333 0.019301
1 0.296094 0.204504 0.034896 0.065257
1 0.273698 0.27114 0.010938 0.051471
1 0.058333 0.280331 0.04375 0.082721
1 0.044792 0.357537 0.023958 0.023897
1 0.047656 0.401195 0.033854 0.032169
1 0.078125 0.383732 0.01875 0.028493
1 0.082812 0.392923 0.026042 0.039522
1 0.108073 0.37546 0.019271 0.034007
1 0.202083 0.396599 0.035417 0.022978
1 0.173177 0.419577 0.020312 0.017463
1 0.376823 0.505055 0.011979 0.028493
1 0.404167 0.24954 0.028125 0.02114
1 0.470312 0.232996 0.072917 0.050551
1 0.414323 0.310202 0.010938 0.024816
1 0.217448 0.519761 0.038021 0.04136
1 0.167448 0.466912 0.011979 0.051471
1 0.164844 0.504136 0.025521 0.037684
1 0.072135 0.563879 0.010938 0.017463
1 0.054948 0.571691 0.056771 0.0625
1 0.136979 0.684283 0.051042 0.131434
1 0.011719 0.902574 0.008854 0.049632
1 0.096615 0.964154 0.025521 0.055147
1 0.121094 0.858456 0.017188 0.011029
1 0.166406 0.837316 0.031771 0.044118
1 0.188802 0.881893 0.022396 0.028493
1 0.20625 0.775276 0.022917 0.019301
1 0.219271 0.790441 0.0125 0.029412
1 0.220833 0.729779 0.032292 0.038603
1 0.277083 0.820312 0.025 0.008272
1 0.153125 0.578125 0.026042 0.014706
1 0.257031 0.634191 0.030729 0.040441
1 0.303385 0.659007 0.021354 0.077206
1 0.378125 0.669577 0.014583 0.008272
1 0.413802 0.670037 0.011979 0.022059
1 0.421615 0.68796 0.016146 0.048713
1 0.414062 0.770221 0.017708 0.014706
1 0.571615 0.890625 0.021354 0.016544
1 0.607031 0.900276 0.021354 0.022978
1 0.711198 0.762868 0.013021 0.020221
1 0.751562 0.91636 0.010417 0.016544
1 0.808333 0.878217 0.035417 0.078125
1 0.93724 0.866728 0.030729 0.025735
1 0.961979 0.905331 0.030208 0.011029
1 0.960938 0.744945 0.009375 0.032169
1 0.935156 0.717371 0.009896 0.028493
1 0.976042 0.672794 0.029167 0.060662
1 0.992969 0.535846 0.014062 0.045956
1 0.845312 0.440717 0.008333 0.035846
1 0.807552 0.475184 0.033854 0.03125
1 0.8 0.456801 0.020833 0.009191
1 0.641667 0.443474 0.067708 0.118566
1 0.630729 0.324908 0.029167 0.032169
1 0.711979 0.352022 0.022917 0.042279
1 0.873958 0.366728 0.0125 0.011029
1 0.850781 0.344669 0.008854 0.018382
1 0.779688 0.272059 0.030208 0.053309
1 0.869792 0.140165 0.016667 0.04136
1 0.710156 0.1875 0.033854 0.011029
1 0.652083 0.152574 0.029167 0.066176
1 0.694271 0.015625 0.014583 0.03125
1 0.645573 0.035386 0.031771 0.034007
1 0.676042 0.861213 0.0875 0.244485
1 0.542188 0.297335 0.03125 0.035846
1 0.504687 0.424632 0.188542 0.284926
1 0.422656 0.10386 0.136979 0.207721
1 0.810938 0.272978 0.013542 0.016544
1 0.710938 0.777114 0.015625 0.022978
1 0.386198 0.410386 0.014062 0.015625
1 0.688021 0.73943 0.011458 0.013787
