0 0.461719 0.413603 0.028646 0.150735
0 0.47526 0.145221 0.097396 0.045956
0 0.481771 0.969669 0.045833 0.058824
0 0.458073 0.701287 0.064062 0.090074
1 0.048438 0.321232 0.011458 0.013787
1 0.184375 0.895221 0.013542 0.012868
1 0.340365 0.910846 0.007812 0.016544
1 0.224219 0.38511 0.013021 0.011029
1 0.64349 0.136949 0.011979 0.016544
1 0.90026 0.029871 0.015104 0.032169
1 0.638281 0.21875 0.010938 0.014706
1 0.74375 0.463235 0.014583 0.038603
1 0.920833 0.313879 0.011458 0.022978
1 0.954167 0.697151 0.010417 0.015625
1 0.928125 0.598805 0.011458 0.015625
1 0.764062 0.918199 0.028125 0.016544
