1 0.041406 0.176011 0.019271 0.037684
1 0.535417 0.354779 0.0125 0.022059
1 0.698698 0.425092 0.031771 0.063419
1 0.902865 0.77114 0.009896 0.020221
1 0.96849 0.808824 0.015104 0.023897
1 0.947656 0.097886 0.039062 0.057904
1 0.06875 0.561581 0.017708 0.036765
1 0.208594 0.084559 0.172396 0.169118
1 0.796354 0.96829 0.013542 0.063419
1 0.829688 0.940257 0.017708 0.119485
1 0.852865 0.95864 0.031771 0.082721
1 0.87474 0.983456 0.025521 0.033088
1 0.421875 0.301471 0.160417 0.246324
1 0.735156 0.825368 0.182812 0.345588
1 0.555469 0.529871 0.133854 0.234375
