1 0.359635 0.098805 0.015104 0.015625
1 0.098958 0.042279 0.026042 0.012868
1 0.676042 0.079504 0.019792 0.032169
1 0.780729 0.05239 0.017708 0.027574
1 0.94375 0.04136 0.022917 0.012868
1 0.965104 0.025276 0.019792 0.019301
1 0.900521 0.311581 0.005208 0.033088
1 0.748177 0.427849 0.009896 0.028493
1 0.307292 0.688419 0.021875 0.033088
1 0.194271 0.874081 0.033333 0.025735
1 0.247396 0.946691 0.005208 0.045956
1 0.358073 0.964614 0.027604 0.02114
1 0.778125 0.888787 0.016667 0.034926
1 0.557031 0.824449 0.030729 0.055147
1 0.461198 0.47886 0.027604 0.058824
1 0.446094 0.276195 0.029688 0.043199
1 0.527865 0.705882 0.026562 0.0625
1 0.536979 0.650276 0.029167 0.054228
1 0.007031 0.163603 0.014062 0.027574
1 0.020312 0.664062 0.009375 0.026654
1 0.35599 0.803309 0.013021 0.018382
1 0.367708 0.623621 0.007292 0.017463
1 0.194271 0.571232 0.010417 0.013787
1 0.203906 0.169577 0.006771 0.019301
1 0.344531 0.152114 0.010938 0.011949
1 0.605469 0.987132 0.008854 0.025735
1 0.991406 0.681066 0.007812 0.034926
1 0.92474 0.621324 0.014062 0.022059
1 0.985156 0.217371 0.010938 0.011949
