1 0.314323 0.085478 0.020312 0.027574
1 0.365104 0.21875 0.010417 0.034926
1 0.383333 0.198989 0.015625 0.022978
1 0.404427 0.278952 0.016146 0.037684
1 0.436198 0.353401 0.025521 0.030331
1 0.503646 0.540901 0.044792 0.074449
1 0.520833 0.602941 0.014583 0.040441
1 0.672396 0.966452 0.038542 0.057904
1 0.661719 0.897978 0.026562 0.049632
1 0.379688 0.158548 0.023958 0.048713
1 0.422656 0.393842 0.020312 0.04136
1 0.608594 0.734835 0.039062 0.067096
1 0.278906 0.027574 0.034896 0.055147
1 0.585417 0.707721 0.033333 0.073529
1 0.465104 0.487132 0.041667 0.069853
1 0.494792 0.579963 0.030208 0.053309
1 0.341146 0.123162 0.034375 0.055147
1 0.554427 0.667739 0.033854 0.056066
1 0.503646 0.498162 0.022917 0.044118
1 0.097135 0.526654 0.022396 0.020221
1 0.25599 0.643842 0.013021 0.019301
1 0.728125 0.643842 0.010417 0.039522
1 0.690365 0.995404 0.021354 0.009191
1 0.916927 0.186121 0.029688 0.02114
