1 0.450521 0.118107 0.045833 0.070772
1 0.496354 0.563879 0.047917 0.092831
1 0.185417 0.819853 0.01875 0.036765
1 0.093229 0.482996 0.011458 0.017463
1 0.146615 0.267923 0.022396 0.02114
1 0.08776 0.27068 0.017188 0.019301
1 0.410417 0.138787 0.01875 0.014706
1 0.435156 0.275276 0.005729 0.043199
1 0.529167 0.788603 0.0125 0.022059
1 0.554688 0.579504 0.017708 0.02114
1 0.782031 0.770221 0.006771 0.044118
1 0.716146 0.602022 0.00625 0.023897
1 0.872135 0.073989 0.016146 0.011949
1 0.769792 0.492188 0.013542 0.034007
1 0.890365 0.544577 0.015104 0.035846
1 0.975781 0.637408 0.014062 0.015625
