1 0.451302 0.050551 0.082812 0.101103
1 0.446615 0.15625 0.007812 0.023897
1 0.641146 0.09375 0.017708 0.029412
1 0.675521 0.243566 0.017708 0.034926
1 0.6625 0.442096 0.009375 0.020221
1 0.715365 0.402114 0.018229 0.026654
1 0.748698 0.555607 0.047396 0.081801
1 0.557812 0.5625 0.011458 0.027574
1 0.509896 0.668658 0.009375 0.026654
1 0.764062 0.626379 0.011458 0.017463
1 0.910156 0.556066 0.041146 0.045956
1 0.799219 0.920956 0.014062 0.023897
1 0.827865 0.925551 0.008854 0.022059
1 0.398438 0.973346 0.0375 0.053309
1 0.280729 0.821232 0.013542 0.030331
1 0.03776 0.797794 0.018229 0.03125
1 0.059375 0.6875 0.008333 0.029412
1 0.01875 0.612592 0.014583 0.02114
1 0.096875 0.619026 0.0125 0.022978
1 0.051042 0.621783 0.010417 0.011949
1 0.049479 0.512408 0.014583 0.022978
1 0.157292 0.471967 0.010417 0.032169
1 0.098438 0.311121 0.016667 0.026654
1 0.109375 0.23943 0.013542 0.024816
1 0.091927 0.152114 0.019271 0.043199
1 0.497917 0.495404 0.103125 0.242647
1 0.461979 0.293199 0.107292 0.262868
1 0.496615 0.846967 0.092188 0.17739
